# 	h	k	l	d (Å)	F(real)		F(imag)		|F|			2θ			I			M	ID(λ)	Phase
	0	1	2	3.51364	-46.88474	-0.87796	46.89300	25.32769	65.50770	1	1	1
	0	-1	-2	3.51364	-46.88474	-0.87795	46.89300	25.32769	65.50770	1	1	1
	-1	0	2	3.51364	-46.88474	-0.87795	46.89300	25.32769	65.50772	1	1	1
	-1	1	-2	3.51364	-46.88473	-0.87796	46.89290	25.32769	65.50768	1	1	1
	1	-1	2	3.51364	-46.88473	-0.87796	46.89290	25.32769	65.50768	1	1	1
	1	0	-2	3.51364	-46.88474	-0.87796	46.89300	25.32769	65.50772	1	1	1
	-1	1	4	2.57553	-81.39927	-2.32329	81.43240	34.80500	100.00000	1	1	1
	-1	0	-4	2.57553	-81.39926	-2.32329	81.43240	34.80500	99.99999	1	1	1
	0	-1	4	2.57553	-81.39926	-2.32329	81.43240	34.80500	99.99999	1	1	1
	0	1	-4	2.57553	-81.39926	-2.32329	81.43240	34.80500	99.99999	1	1	1
	1	-1	-4	2.57553	-81.39927	-2.32329	81.43240	34.80500	100.00000	1	1	1
	1	0	4	2.57553	-81.39926	-2.32328	81.43240	34.80500	99.99999	1	1	1
	-1	-1	0	2.40251	60.05268	2.55450	60.10700	37.40097	46.52928	1	1	1
	1	1	0	2.40251	60.05268	2.55450	60.10700	37.40097	46.52928	1	1	1
	-1	2	0	2.40251	60.05268	2.55450	60.10700	37.40097	46.52928	1	1	1
	1	-2	0	2.40251	60.05268	2.55449	60.10700	37.40097	46.52928	1	1	1
	2	-1	0	2.40251	60.05268	2.55450	60.10700	37.40097	46.52928	1	1	1
	-2	1	0	2.40251	60.05268	2.55449	60.10700	37.40097	46.52928	1	1	1
	0	0	-6	2.18604	-11.21469	1.57821	11.32520	41.26473	1.32809	1	1	1
	0	0	6	2.18604	-11.21469	1.57822	11.32520	41.26473	1.32809	1	1	1
	-1	-1	-3	2.10555	72.32833	0.45898	72.32980	42.91860	49.60868	1	1	1
	1	1	3	2.10555	72.32833	0.45900	72.32980	42.91860	49.60868	1	1	1
	1	1	-3	2.10555	-72.32834	-0.45899	72.32980	42.91860	49.60869	1	1	1
	-1	-1	3	2.10555	-72.32834	-0.45899	72.32980	42.91860	49.60869	1	1	1
	-2	1	-3	2.10555	-72.32834	-0.45899	72.32980	42.91860	49.60869	1	1	1
	-2	1	3	2.10555	72.32834	0.45898	72.32980	42.91860	49.60869	1	1	1
	-1	2	3	2.10555	-72.32834	-0.45898	72.32980	42.91860	49.60868	1	1	1
	-1	2	-3	2.10555	72.32834	0.45899	72.32980	42.91860	49.60869	1	1	1
	2	-1	-3	2.10555	72.32834	0.45900	72.32980	42.91860	49.60869	1	1	1
	1	-2	3	2.10555	72.32834	0.45898	72.32980	42.91860	49.60869	1	1	1
	1	-2	-3	2.10555	-72.32834	-0.45899	72.32980	42.91860	49.60868	1	1	1
	2	-1	3	2.10555	-72.32834	-0.45898	72.32980	42.91860	49.60869	1	1	1
	-2	0	-2	1.98322	-13.44841	-0.69068	13.46610	45.71081	1.49189	1	1	1
	0	-2	2	1.98322	-13.44841	-0.69068	13.46610	45.71081	1.49189	1	1	1
	0	2	-2	1.98322	-13.44841	-0.69070	13.46610	45.71081	1.49189	1	1	1
	2	0	2	1.98322	-13.44841	-0.69070	13.46610	45.71081	1.49190	1	1	1
	-2	2	2	1.98322	-13.44841	-0.69069	13.46610	45.71081	1.49189	1	1	1
	2	-2	-2	1.98322	-13.44841	-0.69069	13.46610	45.71081	1.49189	1	1	1
	0	2	4	1.75682	-89.18686	-2.37228	89.21840	52.01147	48.83754	1	1	1
	0	-2	-4	1.75682	-89.18686	-2.37225	89.21840	52.01147	48.83754	1	1	1
	-2	2	-4	1.75682	-89.18687	-2.37227	89.21840	52.01147	48.83755	1	1	1
	-2	0	4	1.75682	-89.18687	-2.37226	89.21840	52.01147	48.83755	1	1	1
	2	-2	4	1.75682	-89.18687	-2.37226	89.21840	52.01147	48.83755	1	1	1
	2	0	-4	1.75682	-89.18687	-2.37228	89.21840	52.01147	48.83755	1	1	1
	-1	2	6	1.61689	97.89619	2.28940	97.92300	56.90187	47.96073	1	1	1
	1	-2	-6	1.61689	97.89619	2.28943	97.92300	56.90187	47.96073	1	1	1
	-2	1	-6	1.61689	97.89621	2.28943	97.92300	56.90187	47.96075	1	1	1
	-1	-1	6	1.61689	97.89620	2.28941	97.92300	56.90187	47.96074	1	1	1
	-1	-1	-6	1.61689	97.89620	2.28941	97.92300	56.90187	47.96074	1	1	1
	-2	1	6	1.61689	97.89620	2.28942	97.92300	56.90187	47.96074	1	1	1
	-1	2	-6	1.61689	97.89619	2.28941	97.92300	56.90187	47.96073	1	1	1
	1	-2	6	1.61689	97.89619	2.28942	97.92300	56.90187	47.96073	1	1	1
	1	1	6	1.61689	97.89620	2.28942	97.92300	56.90187	47.96074	1	1	1
	1	1	-6	1.61689	97.89620	2.28942	97.92300	56.90187	47.96074	1	1	1
	2	-1	-6	1.61689	97.89620	2.28941	97.92300	56.90187	47.96074	1	1	1
	2	-1	6	1.61689	97.89621	2.28940	97.92300	56.90187	47.96075	1	1	1
	-3	2	1	1.56163	-16.38648	-0.13543	16.38700	59.11085	1.23256	1	1	1
	-2	-1	-1	1.56163	-16.38648	-0.13542	16.38700	59.11085	1.23256	1	1	1
	-1	-2	1	1.56163	16.38648	0.13542	16.38700	59.11085	1.23256	1	1	1
	-2	3	1	1.56163	16.38648	0.13543	16.38700	59.11085	1.23256	1	1	1
	1	2	-1	1.56163	16.38648	0.13544	16.38700	59.11085	1.23256	1	1	1
	2	-3	-1	1.56163	16.38648	0.13543	16.38700	59.11085	1.23256	1	1	1
	1	-3	1	1.56163	-16.38648	-0.13543	16.38700	59.11085	1.23256	1	1	1
	-1	3	-1	1.56163	-16.38648	-0.13543	16.38700	59.11085	1.23256	1	1	1
	-3	1	-1	1.56163	16.38648	0.13544	16.38700	59.11085	1.23256	1	1	1
	3	-2	-1	1.56163	-16.38648	-0.13543	16.38700	59.11085	1.23256	1	1	1
	2	1	1	1.56163	-16.38648	-0.13544	16.38700	59.11085	1.23256	1	1	1
	3	-1	1	1.56163	16.38648	0.13543	16.38700	59.11085	1.23256	1	1	1
	-3	1	2	1.52944	-18.99244	-0.71106	19.00570	60.48281	1.57494	1	1	1
	-2	-1	2	1.52944	-18.99246	-0.71105	19.00580	60.48281	1.57494	1	1	1
	1	2	2	1.52944	-18.99244	-0.71108	19.00570	60.48281	1.57494	1	1	1
	-1	-2	-2	1.52944	-18.99244	-0.71104	19.00570	60.48281	1.57494	1	1	1
	-1	3	2	1.52944	-18.99244	-0.71106	19.00570	60.48281	1.57494	1	1	1
	1	-3	-2	1.52944	-18.99244	-0.71106	19.00570	60.48281	1.57494	1	1	1
	2	1	-2	1.52944	-18.99246	-0.71107	19.00580	60.48281	1.57494	1	1	1
	3	-1	-2	1.52944	-18.99244	-0.71106	19.00570	60.48281	1.57494	1	1	1
	-2	3	-2	1.52944	-18.99246	-0.71105	19.00580	60.48281	1.57494	1	1	1
	-3	2	-2	1.52944	-18.99245	-0.71107	19.00580	60.48281	1.57494	1	1	1
	2	-3	2	1.52944	-18.99246	-0.71107	19.00580	60.48281	1.57494	1	1	1
	3	-2	2	1.52944	-18.99245	-0.71105	19.00580	60.48281	1.57494	1	1	1
	-1	1	-8	1.52540	40.40467	1.13139	40.42050	60.65987	7.07726	1	1	1
	-1	0	8	1.52540	40.40466	1.13139	40.42050	60.65987	7.07726	1	1	1
	1	-1	8	1.52540	40.40467	1.13140	40.42050	60.65987	7.07726	1	1	1
	1	0	-8	1.52540	40.40466	1.13140	40.42050	60.65987	7.07726	1	1	1
	0	1	8	1.52540	40.40465	1.13139	40.42050	60.65987	7.07726	1	1	1
	0	-1	-8	1.52540	40.40465	1.13139	40.42050	60.65987	7.07726	1	1	1
	-3	1	-4	1.41812	-70.99082	-2.22295	71.02560	65.80094	18.28701	1	1	1
	-2	-1	-4	1.41812	-70.99081	-2.22290	71.02560	65.80094	18.28700	1	1	1
	-1	-2	4	1.41812	-70.99082	-2.22292	71.02560	65.80094	18.28700	1	1	1
	1	2	-4	1.41812	-70.99082	-2.22293	71.02560	65.80094	18.28700	1	1	1
	1	-3	4	1.41812	-70.99083	-2.22293	71.02560	65.80094	18.28701	1	1	1
	-1	3	-4	1.41812	-70.99083	-2.22292	71.02560	65.80094	18.28701	1	1	1
	2	1	4	1.41812	-70.99081	-2.22295	71.02560	65.80094	18.28700	1	1	1
	3	-1	4	1.41812	-70.99082	-2.22290	71.02560	65.80094	18.28701	1	1	1
	-3	2	4	1.41812	-70.99080	-2.22294	71.02560	65.80094	18.28699	1	1	1
	-2	3	4	1.41812	-70.99081	-2.22290	71.02560	65.80094	18.28700	1	1	1
	2	-3	-4	1.41812	-70.99081	-2.22295	71.02560	65.80094	18.28700	1	1	1
	3	-2	-4	1.41812	-70.99080	-2.22291	71.02560	65.80094	18.28699	1	1	1
	-3	0	0	1.38709	127.54632	3.05099	127.58300	67.46715	55.96129	1	1	1
	3	0	0	1.38709	127.54632	3.05099	127.58300	67.46715	55.96129	1	1	1
	0	3	0	1.38709	127.54632	3.05099	127.58300	67.46715	55.96129	1	1	1
	0	-3	0	1.38709	127.54632	3.05099	127.58300	67.46715	55.96129	1	1	1
	-3	3	0	1.38709	127.54632	3.05099	127.58300	67.46715	55.96129	1	1	1
	3	-3	0	1.38709	127.54632	3.05099	127.58300	67.46715	55.96129	1	1	1
	-2	-1	5	1.34893	13.55316	0.13079	13.55380	69.64562	0.59145	1	1	1
	-1	-2	-5	1.34893	-13.55315	-0.13080	13.55380	69.64562	0.59145	1	1	1
	1	-3	-5	1.34893	13.55315	0.13079	13.55380	69.64562	0.59145	1	1	1
	-1	3	5	1.34893	13.55315	0.13079	13.55380	69.64562	0.59145	1	1	1
	2	1	-5	1.34893	13.55316	0.13079	13.55380	69.64562	0.59145	1	1	1
	1	2	5	1.34893	-13.55315	-0.13078	13.55380	69.64562	0.59145	1	1	1
	-3	2	-5	1.34893	13.55315	0.13078	13.55380	69.64562	0.59145	1	1	1
	-3	1	5	1.34893	-13.55317	-0.13078	13.55380	69.64562	0.59145	1	1	1
	3	-2	5	1.34893	13.55315	0.13079	13.55380	69.64562	0.59145	1	1	1
	3	-1	-5	1.34893	-13.55317	-0.13080	13.55380	69.64562	0.59145	1	1	1
	-2	3	-5	1.34893	-13.55317	-0.13079	13.55380	69.64562	0.59145	1	1	1
	2	-3	5	1.34893	-13.55317	-0.13079	13.55380	69.64562	0.59145	1	1	1
	-2	0	-8	1.28777	21.35087	0.94590	21.37180	73.47717	1.32378	1	1	1
	-2	2	8	1.28777	21.35087	0.94591	21.37180	73.47717	1.32378	1	1	1
	0	-2	8	1.28777	21.35087	0.94590	21.37180	73.47717	1.32378	1	1	1
	2	-2	-8	1.28777	21.35087	0.94592	21.37180	73.47717	1.32378	1	1	1
	0	2	-8	1.28777	21.35087	0.94593	21.37180	73.47717	1.32378	1	1	1
	2	0	8	1.28777	21.35087	0.94593	21.37180	73.47717	1.32378	1	1	1
	-1	1	10	1.25096	-75.57498	-2.54055	75.61770	76.01526	15.57430	1	1	1
	0	1	-10	1.25096	-75.57497	-2.54072	75.61770	76.01526	15.57430	1	1	1
	0	-1	10	1.25096	-75.57497	-2.54057	75.61770	76.01526	15.57430	1	1	1
	1	-1	-10	1.25096	-75.57498	-2.54073	75.61770	76.01526	15.57430	1	1	1
	-1	0	-10	1.25096	-75.57497	-2.54072	75.61770	76.01526	15.57430	1	1	1
	1	0	10	1.25096	-75.57498	-2.54056	75.61770	76.01526	15.57430	1	1	1
	-2	1	9	1.24604	-39.22272	-0.41338	39.22490	76.36932	4.15659	1	1	1
	-2	1	-9	1.24604	39.22270	0.41340	39.22490	76.36932	4.15659	1	1	1
	-1	2	-9	1.24604	-39.22272	-0.41339	39.22490	76.36932	4.15659	1	1	1
	-1	-1	9	1.24604	39.22270	0.41339	39.22490	76.36932	4.15659	1	1	1
	-1	-1	-9	1.24604	-39.22272	-0.41342	39.22490	76.36932	4.15659	1	1	1
	1	1	9	1.24604	-39.22272	-0.41337	39.22490	76.36932	4.15659	1	1	1
	2	-1	-9	1.24604	-39.22272	-0.41340	39.22490	76.36932	4.15659	1	1	1
	2	-1	9	1.24604	39.22270	0.41339	39.22490	76.36932	4.15659	1	1	1
	1	-2	9	1.24604	-39.22272	-0.41340	39.22490	76.36932	4.15659	1	1	1
	1	1	-9	1.24604	39.22270	0.41340	39.22490	76.36932	4.15659	1	1	1
	1	-2	-9	1.24604	39.22271	0.41339	39.22490	76.36932	4.15659	1	1	1
	-1	2	9	1.24604	39.22271	0.41340	39.22490	76.36932	4.15659	1	1	1
	-3	1	-7	1.20467	-11.53816	-0.12635	11.53880	79.49785	0.33646	1	1	1
	3	-1	7	1.20467	-11.53816	-0.12627	11.53880	79.49785	0.33646	1	1	1
	-2	3	7	1.20467	-11.53815	-0.12627	11.53880	79.49785	0.33646	1	1	1
	-2	-1	-7	1.20467	11.53815	0.12627	11.53880	79.49785	0.33645	1	1	1
	2	-3	-7	1.20467	-11.53815	-0.12634	11.53880	79.49785	0.33646	1	1	1
	2	1	7	1.20467	11.53815	0.12634	11.53880	79.49785	0.33645	1	1	1
	1	2	-7	1.20467	-11.53815	-0.12633	11.53880	79.49785	0.33645	1	1	1
	-1	-2	7	1.20467	-11.53815	-0.12628	11.53880	79.49785	0.33645	1	1	1
	-1	3	-7	1.20467	11.53816	0.12628	11.53880	79.49785	0.33646	1	1	1
	-3	2	7	1.20467	11.53815	0.12634	11.53880	79.49785	0.33645	1	1	1
	1	-3	7	1.20467	11.53815	0.12633	11.53880	79.49785	0.33646	1	1	1
	3	-2	-7	1.20467	11.53815	0.12627	11.53880	79.49785	0.33645	1	1	1
	-2	-2	0	1.20126	48.50824	2.25759	48.56070	79.76899	5.92734	1	1	1
	2	2	0	1.20126	48.50824	2.25759	48.56070	79.76899	5.92734	1	1	1
	-2	4	0	1.20126	48.50824	2.25759	48.56070	79.76899	5.92734	1	1	1
	2	-4	0	1.20126	48.50824	2.25759	48.56070	79.76899	5.92734	1	1	1
	4	-2	0	1.20126	48.50824	2.25759	48.56070	79.76899	5.92734	1	1	1
	-4	2	0	1.20126	48.50824	2.25759	48.56070	79.76899	5.92734	1	1	1
	0	-3	-6	1.17121	11.87344	1.42709	11.95890	82.24813	0.34359	1	1	1
	0	3	6	1.17121	11.87344	1.42709	11.95890	82.24813	0.34359	1	1	1
	-3	0	-6	1.17121	11.87344	1.42709	11.95890	82.24813	0.34359	1	1	1
	-3	0	6	1.17121	11.87344	1.42709	11.95890	82.24813	0.34359	1	1	1
	3	0	-6	1.17121	11.87344	1.42709	11.95890	82.24813	0.34359	1	1	1
	3	0	6	1.17121	11.87344	1.42709	11.95890	82.24813	0.34359	1	1	1
	-3	3	6	1.17121	11.87344	1.42709	11.95890	82.24813	0.34359	1	1	1
	-3	3	-6	1.17121	11.87344	1.42709	11.95890	82.24813	0.34359	1	1	1
	3	-3	-6	1.17121	11.87344	1.42709	11.95890	82.24813	0.34359	1	1	1
	0	3	-6	1.17121	11.87344	1.42709	11.95890	82.24813	0.34359	1	1	1
	0	-3	6	1.17121	11.87344	1.42709	11.95890	82.24813	0.34359	1	1	1
	3	-3	6	1.17121	11.87344	1.42709	11.95890	82.24813	0.34359	1	1	1
	-2	-2	-3	1.15833	-31.86822	-0.36456	31.87030	83.36552	2.39599	1	1	1
	-2	-2	3	1.15833	31.86821	0.36458	31.87030	83.36552	2.39599	1	1	1
	2	2	-3	1.15833	31.86821	0.36458	31.87030	83.36552	2.39599	1	1	1
	2	2	3	1.15833	-31.86822	-0.36460	31.87030	83.36552	2.39599	1	1	1
	-4	2	-3	1.15833	31.86821	0.36458	31.87030	83.36552	2.39599	1	1	1
	-2	4	3	1.15833	31.86821	0.36456	31.87030	83.36552	2.39599	1	1	1
	2	-4	-3	1.15833	31.86821	0.36460	31.87030	83.36552	2.39599	1	1	1
	4	-2	3	1.15833	31.86821	0.36457	31.87030	83.36552	2.39599	1	1	1
	-4	2	3	1.15833	-31.86821	-0.36458	31.87030	83.36552	2.39599	1	1	1
	4	-2	-3	1.15833	-31.86821	-0.36457	31.87030	83.36552	2.39599	1	1	1
	2	-4	3	1.15833	-31.86821	-0.36458	31.87030	83.36552	2.39599	1	1	1
	-2	4	-3	1.15833	-31.86821	-0.36457	31.87030	83.36552	2.39599	1	1	1
	-1	-3	-1	1.14969	7.43871	0.08582	7.43921	84.13485	0.12901	1	1	1
	-3	-1	1	1.14969	-7.43871	-0.08582	7.43921	84.13485	0.12901	1	1	1
	1	3	1	1.14969	7.43871	0.08582	7.43921	84.13485	0.12901	1	1	1
	3	1	-1	1.14969	-7.43871	-0.08581	7.43921	84.13485	0.12901	1	1	1
	1	-4	-1	1.14969	-7.43871	-0.08583	7.43921	84.13485	0.12901	1	1	1
	-1	4	1	1.14969	-7.43871	-0.08581	7.43921	84.13485	0.12901	1	1	1
	-4	3	-1	1.14969	-7.43872	-0.08582	7.43921	84.13485	0.12901	1	1	1
	-4	1	1	1.14969	7.43872	0.08582	7.43921	84.13485	0.12901	1	1	1
	4	-3	1	1.14969	-7.43872	-0.08582	7.43921	84.13485	0.12901	1	1	1
	4	-1	-1	1.14969	7.43872	0.08581	7.43921	84.13485	0.12901	1	1	1
	-3	4	-1	1.14969	7.43871	0.08582	7.43921	84.13485	0.12901	1	1	1
	3	-4	1	1.14969	7.43871	0.08582	7.43921	84.13485	0.12901	1	1	1
	-3	-1	-2	1.13666	-27.64729	-0.79790	27.65880	85.32559	1.75316	1	1	1
	3	1	2	1.13666	-27.64729	-0.79789	27.65880	85.32559	1.75316	1	1	1
	-4	1	-2	1.13666	-27.64731	-0.79789	27.65880	85.32559	1.75317	1	1	1
	-1	-3	2	1.13666	-27.64730	-0.79789	27.65880	85.32559	1.75317	1	1	1
	-1	4	-2	1.13666	-27.64730	-0.79790	27.65880	85.32559	1.75317	1	1	1
	1	-4	2	1.13666	-27.64730	-0.79789	27.65880	85.32559	1.75317	1	1	1
	1	3	-2	1.13666	-27.64730	-0.79789	27.65880	85.32559	1.75317	1	1	1
	4	-1	2	1.13666	-27.64731	-0.79790	27.65880	85.32559	1.75317	1	1	1
	-4	3	2	1.13666	-27.64729	-0.79788	27.65880	85.32559	1.75317	1	1	1
	3	-4	-2	1.13666	-27.64730	-0.79789	27.65880	85.32559	1.75317	1	1	1
	-3	4	2	1.13666	-27.64730	-0.79790	27.65880	85.32559	1.75317	1	1	1
	4	-3	-2	1.13666	-27.64729	-0.79790	27.65880	85.32559	1.75317	1	1	1
	-1	3	8	1.13500	23.11439	0.95132	23.13400	85.48030	1.22388	1	1	1
	1	-3	-8	1.13500	23.11439	0.95132	23.13400	85.48030	1.22388	1	1	1
	-3	1	8	1.13500	23.11442	0.95132	23.13400	85.48030	1.22389	1	1	1
	1	2	8	1.13500	23.11440	0.95134	23.13400	85.48030	1.22388	1	1	1
	2	1	-8	1.13500	23.11440	0.95134	23.13400	85.48030	1.22389	1	1	1
	3	-1	-8	1.13500	23.11442	0.95132	23.13400	85.48030	1.22389	1	1	1
	3	-2	8	1.13500	23.11440	0.95131	23.13400	85.48030	1.22389	1	1	1
	-2	-1	8	1.13500	23.11441	0.95130	23.13400	85.48030	1.22389	1	1	1
	-1	-2	-8	1.13500	23.11440	0.95130	23.13400	85.48030	1.22388	1	1	1
	-3	2	-8	1.13500	23.11440	0.95133	23.13400	85.48030	1.22389	1	1	1
	-2	3	-8	1.13500	23.11441	0.95130	23.13400	85.48030	1.22389	1	1	1
	2	-3	8	1.13500	23.11441	0.95133	23.13400	85.48030	1.22389	1	1	1
	-2	0	10	1.10956	-55.53814	-2.30238	55.58580	87.93302	6.85690	1	1	1
	-2	2	-10	1.10956	-55.53813	-2.30249	55.58580	87.93302	6.85690	1	1	1
	0	-2	-10	1.10956	-55.53813	-2.30250	55.58580	87.93302	6.85690	1	1	1
	0	2	10	1.10956	-55.53814	-2.30238	55.58580	87.93302	6.85690	1	1	1
	2	0	-10	1.10956	-55.53814	-2.30250	55.58580	87.93302	6.85690	1	1	1
	2	-2	10	1.10956	-55.53813	-2.30239	55.58580	87.93302	6.85690	1	1	1
	0	0	-12	1.09302	47.95040	0.83967	47.95770	89.61719	5.01855	1	1	1
	0	0	12	1.09302	47.95040	0.83966	47.95770	89.61719	5.01855	1	1	1
	-1	-3	-4	1.08866	-42.90288	-1.89516	42.94470	90.07353	4.00791	1	1	1
	-1	4	4	1.08866	-42.90288	-1.89518	42.94470	90.07353	4.00791	1	1	1
	1	-4	-4	1.08866	-42.90288	-1.89513	42.94470	90.07353	4.00791	1	1	1
	1	3	4	1.08866	-42.90288	-1.89515	42.94470	90.07353	4.00791	1	1	1
	-4	1	4	1.08866	-42.90288	-1.89513	42.94470	90.07353	4.00791	1	1	1
	3	1	-4	1.08866	-42.90287	-1.89516	42.94470	90.07353	4.00791	1	1	1
	-3	-1	4	1.08866	-42.90287	-1.89516	42.94470	90.07353	4.00791	1	1	1
	-4	3	-4	1.08866	-42.90288	-1.89513	42.94470	90.07353	4.00791	1	1	1
	4	-3	4	1.08866	-42.90287	-1.89518	42.94470	90.07353	4.00791	1	1	1
	4	-1	-4	1.08866	-42.90288	-1.89518	42.94470	90.07353	4.00791	1	1	1
	3	-4	4	1.08866	-42.90287	-1.89514	42.94470	90.07353	4.00791	1	1	1
	-3	4	-4	1.08866	-42.90287	-1.89517	42.94470	90.07353	4.00791	1	1	1
	3	1	5	1.05641	6.53950	0.08288	6.54002	93.63302	0.09074	1	1	1
	4	-1	5	1.05641	-6.53951	-0.08287	6.54003	93.63302	0.09074	1	1	1
	-4	1	-5	1.05641	-6.53951	-0.08289	6.54003	93.63302	0.09074	1	1	1
	-3	-1	-5	1.05641	6.53950	0.08287	6.54002	93.63302	0.09074	1	1	1
	-4	3	5	1.05641	6.53948	0.08288	6.54001	93.63302	0.09074	1	1	1
	4	-3	-5	1.05641	6.53948	0.08287	6.54001	93.63302	0.09074	1	1	1
	1	-4	5	1.05641	6.53948	0.08289	6.54001	93.63302	0.09074	1	1	1
	1	3	-5	1.05641	-6.53949	-0.08288	6.54001	93.63302	0.09074	1	1	1
	-1	4	-5	1.05641	6.53948	0.08287	6.54001	93.63302	0.09074	1	1	1
	-1	-3	5	1.05641	-6.53949	-0.08287	6.54001	93.63302	0.09074	1	1	1
	3	-4	-5	1.05641	-6.53949	-0.08288	6.54001	93.63302	0.09074	1	1	1
	-3	4	5	1.05641	-6.53949	-0.08288	6.54001	93.63302	0.09074	1	1	1
	2	2	6	1.05278	61.31374	1.99684	61.34620	94.05490	7.96838	1	1	1
	-2	-2	-6	1.05278	61.31374	1.99682	61.34620	94.05490	7.96838	1	1	1
	-2	-2	6	1.05278	61.31375	1.99683	61.34630	94.05490	7.96838	1	1	1
	2	2	-6	1.05278	61.31375	1.99683	61.34630	94.05490	7.96838	1	1	1
	-4	2	6	1.05278	61.31375	1.99682	61.34630	94.05490	7.96838	1	1	1
	-4	2	-6	1.05278	61.31375	1.99683	61.34630	94.05490	7.96838	1	1	1
	2	-4	-6	1.05278	61.31374	1.99683	61.34630	94.05490	7.96838	1	1	1
	-2	4	6	1.05278	61.31374	1.99683	61.34630	94.05490	7.96838	1	1	1
	-2	4	-6	1.05278	61.31375	1.99683	61.34630	94.05490	7.96838	1	1	1
	2	-4	6	1.05278	61.31375	1.99682	61.34630	94.05490	7.96838	1	1	1
	4	-2	-6	1.05278	61.31375	1.99684	61.34630	94.05490	7.96838	1	1	1
	4	-2	6	1.05278	61.31375	1.99683	61.34630	94.05490	7.96838	1	1	1
	-4	0	2	1.02747	-31.54785	-0.86012	31.55960	97.12892	2.09047	1	1	1
	4	0	-2	1.02747	-31.54784	-0.86014	31.55960	97.12892	2.09047	1	1	1
	0	4	2	1.02747	-31.54782	-0.86013	31.55950	97.12892	2.09046	1	1	1
	-4	4	-2	1.02747	-31.54785	-0.86013	31.55960	97.12892	2.09047	1	1	1
	0	-4	-2	1.02747	-31.54782	-0.86012	31.55950	97.12892	2.09046	1	1	1
	4	-4	2	1.02747	-31.54785	-0.86013	31.55960	97.12892	2.09047	1	1	1
	-3	1	-10	1.00732	-52.55968	-2.24809	52.60770	99.76037	5.80908	1	1	1
	-2	3	10	1.00732	-52.55969	-2.24796	52.60770	99.76037	5.80908	1	1	1
	-1	-2	10	1.00732	-52.55969	-2.24795	52.60770	99.76037	5.80908	1	1	1
	2	-3	-10	1.00732	-52.55969	-2.24809	52.60770	99.76037	5.80908	1	1	1
	1	2	-10	1.00732	-52.55968	-2.24810	52.60770	99.76037	5.80908	1	1	1
	3	-1	10	1.00732	-52.55969	-2.24796	52.60770	99.76037	5.80908	1	1	1
	-3	2	10	1.00732	-52.55969	-2.24798	52.60770	99.76037	5.80908	1	1	1
	-2	-1	-10	1.00732	-52.55969	-2.24806	52.60770	99.76037	5.80908	1	1	1
	-1	3	-10	1.00732	-52.55968	-2.24806	52.60770	99.76037	5.80908	1	1	1
	1	-3	10	1.00732	-52.55969	-2.24798	52.60770	99.76037	5.80908	1	1	1
	3	-2	-10	1.00732	-52.55969	-2.24806	52.60770	99.76037	5.80908	1	1	1
	2	1	10	1.00732	-52.55969	-2.24799	52.60770	99.76037	5.80908	1	1	1
	-2	1	12	0.99490	-7.53306	0.13900	7.53434	101.47349	0.11959	1	1	1
	-2	1	-12	0.99490	-7.53305	0.13900	7.53434	101.47349	0.11959	1	1	1
	-1	2	12	0.99490	-7.53306	0.13900	7.53434	101.47349	0.11959	1	1	1
	1	-2	-12	0.99490	-7.53306	0.13900	7.53434	101.47349	0.11959	1	1	1
	1	-2	12	0.99490	-7.53306	0.13900	7.53434	101.47349	0.11959	1	1	1
	-1	2	-12	0.99490	-7.53306	0.13900	7.53434	101.47349	0.11959	1	1	1
	-1	-1	12	0.99490	-7.53306	0.13900	7.53434	101.47349	0.11959	1	1	1
	-1	-1	-12	0.99490	-7.53305	0.13900	7.53433	101.47349	0.11959	1	1	1
	1	1	-12	0.99490	-7.53306	0.13900	7.53434	101.47349	0.11959	1	1	1
	1	1	12	0.99490	-7.53305	0.13900	7.53433	101.47349	0.11959	1	1	1
	2	-1	12	0.99490	-7.53305	0.13900	7.53434	101.47349	0.11959	1	1	1
	2	-1	-12	0.99490	-7.53306	0.13900	7.53434	101.47349	0.11959	1	1	1
	-4	0	-4	0.99161	-31.22473	-1.72041	31.27210	101.93951	2.06327	1	1	1
	0	-4	4	0.99161	-31.22473	-1.72042	31.27210	101.93951	2.06327	1	1	1
	0	4	-4	0.99161	-31.22473	-1.72044	31.27210	101.93951	2.06327	1	1	1
	4	0	4	0.99161	-31.22473	-1.72045	31.27210	101.93951	2.06327	1	1	1
	-4	4	4	0.99161	-31.22472	-1.72043	31.27210	101.93951	2.06327	1	1	1
	4	-4	-4	0.99161	-31.22472	-1.72043	31.27210	101.93951	2.06327	1	1	1
	-1	-3	-7	0.98268	-5.84317	-0.08006	5.84372	103.23343	0.07242	1	1	1
	-1	4	7	0.98268	5.84317	0.08005	5.84372	103.23343	0.07242	1	1	1
	1	3	7	0.98268	-5.84317	-0.08002	5.84372	103.23343	0.07242	1	1	1
	1	-4	-7	0.98268	5.84317	0.08002	5.84372	103.23343	0.07242	1	1	1
	4	-1	-7	0.98268	-5.84316	-0.08004	5.84371	103.23343	0.07242	1	1	1
	3	1	-7	0.98268	5.84317	0.08003	5.84372	103.23343	0.07242	1	1	1
	-4	1	7	0.98268	-5.84316	-0.08003	5.84371	103.23343	0.07242	1	1	1
	-3	-1	7	0.98268	5.84317	0.08005	5.84372	103.23343	0.07242	1	1	1
	-4	3	-7	0.98268	5.84318	0.08002	5.84373	103.23343	0.07242	1	1	1
	-3	4	-7	0.98268	-5.84317	-0.08005	5.84372	103.23343	0.07242	1	1	1
	3	-4	7	0.98268	-5.84317	-0.08002	5.84372	103.23343	0.07242	1	1	1
	4	-3	7	0.98268	5.84318	0.08005	5.84372	103.23343	0.07242	1	1	1
	-5	2	-1	0.95214	-9.76455	-0.13821	9.76553	107.99921	0.20878	1	1	1
	-3	-2	-1	0.95214	9.76456	0.13820	9.76554	107.99921	0.20878	1	1	1
	3	2	1	0.95214	9.76456	0.13821	9.76554	107.99921	0.20878	1	1	1
	5	-2	1	0.95214	-9.76455	-0.13820	9.76553	107.99921	0.20878	1	1	1
	-5	3	1	0.95214	9.76456	0.13820	9.76554	107.99921	0.20878	1	1	1
	-3	5	1	0.95214	-9.76456	-0.13821	9.76554	107.99921	0.20878	1	1	1
	-2	-3	1	0.95214	-9.76456	-0.13820	9.76553	107.99921	0.20878	1	1	1
	2	3	-1	0.95214	-9.76456	-0.13821	9.76553	107.99921	0.20878	1	1	1
	5	-3	-1	0.95214	9.76456	0.13821	9.76554	107.99921	0.20878	1	1	1
	3	-5	-1	0.95214	-9.76456	-0.13820	9.76554	107.99921	0.20878	1	1	1
	-2	5	-1	0.95214	9.76455	0.13820	9.76553	107.99921	0.20878	1	1	1
	2	-5	1	0.95214	9.76455	0.13820	9.76553	107.99921	0.20878	1	1	1
	-2	-1	11	0.95019	-8.02049	-0.11378	8.02130	108.32381	0.14127	1	1	1
	-3	2	-11	0.95019	-8.02049	-0.11374	8.02130	108.32381	0.14127	1	1	1
	-1	-2	-11	0.95019	8.02053	0.11377	8.02134	108.32381	0.14127	1	1	1
	-1	3	11	0.95019	-8.02047	-0.11378	8.02128	108.32381	0.14126	1	1	1
	1	2	11	0.95019	8.02053	0.11375	8.02134	108.32381	0.14127	1	1	1
	1	-3	-11	0.95019	-8.02048	-0.11373	8.02128	108.32381	0.14127	1	1	1
	2	1	-11	0.95019	-8.02049	-0.11374	8.02130	108.32381	0.14127	1	1	1
	3	-2	11	0.95019	-8.02049	-0.11378	8.02130	108.32381	0.14127	1	1	1
	-3	1	11	0.95019	8.02054	0.11374	8.02134	108.32381	0.14127	1	1	1
	-2	3	-11	0.95019	8.02054	0.11378	8.02135	108.32381	0.14127	1	1	1
	2	-3	11	0.95019	8.02054	0.11374	8.02135	108.32381	0.14127	1	1	1
	3	-1	-11	0.95019	8.02053	0.11378	8.02134	108.32381	0.14127	1	1	1
	2	3	2	0.94471	-5.54176	-0.50555	5.56477	109.25045	0.06858	1	1	1
	-2	-3	-2	0.94471	-5.54176	-0.50554	5.56477	109.25045	0.06858	1	1	1
	-5	3	-2	0.94471	-5.54178	-0.50552	5.56479	109.25045	0.06858	1	1	1
	-5	2	2	0.94471	-5.54177	-0.50554	5.56478	109.25045	0.06858	1	1	1
	5	-3	2	0.94471	-5.54178	-0.50556	5.56479	109.25045	0.06858	1	1	1
	5	-2	-2	0.94471	-5.54177	-0.50554	5.56478	109.25045	0.06858	1	1	1
	-3	5	-2	0.94471	-5.54177	-0.50556	5.56478	109.25045	0.06858	1	1	1
	-3	-2	2	0.94471	-5.54177	-0.50554	5.56478	109.25045	0.06858	1	1	1
	3	-5	2	0.94471	-5.54177	-0.50552	5.56478	109.25045	0.06858	1	1	1
	-2	5	2	0.94471	-5.54177	-0.50554	5.56478	109.25045	0.06858	1	1	1
	2	-5	-2	0.94471	-5.54177	-0.50554	5.56478	109.25045	0.06858	1	1	1
	3	2	-2	0.94471	-5.54177	-0.50555	5.56478	109.25045	0.06858	1	1	1
	4	-3	-8	0.94375	27.61825	1.00605	27.63660	109.41388	1.69419	1	1	1
	3	1	8	0.94375	27.61823	1.00604	27.63660	109.41388	1.69419	1	1	1
	4	-1	8	0.94375	27.61824	1.00604	27.63660	109.41388	1.69419	1	1	1
	-4	3	8	0.94375	27.61825	1.00603	27.63660	109.41388	1.69419	1	1	1
	-3	-1	-8	0.94375	27.61823	1.00604	27.63660	109.41388	1.69419	1	1	1
	-4	1	-8	0.94375	27.61824	1.00604	27.63660	109.41388	1.69419	1	1	1
	-3	4	8	0.94375	27.61824	1.00605	27.63660	109.41388	1.69419	1	1	1
	-1	-3	8	0.94375	27.61825	1.00604	27.63660	109.41388	1.69419	1	1	1
	-1	4	-8	0.94375	27.61826	1.00604	27.63660	109.41388	1.69419	1	1	1
	1	-4	8	0.94375	27.61826	1.00604	27.63660	109.41388	1.69419	1	1	1
	1	3	-8	0.94375	27.61825	1.00604	27.63660	109.41388	1.69419	1	1	1
	3	-4	-8	0.94375	27.61824	1.00603	27.63660	109.41388	1.69419	1	1	1
	-2	-2	-9	0.92695	22.57747	0.32835	22.57990	112.40335	1.16865	1	1	1
	-2	-2	9	0.92695	-22.57748	-0.32836	22.57990	112.40335	1.16866	1	1	1
	2	2	9	0.92695	22.57747	0.32837	22.57990	112.40335	1.16865	1	1	1
	2	2	-9	0.92695	-22.57748	-0.32837	22.57990	112.40335	1.16866	1	1	1
	-4	2	-9	0.92695	-22.57747	-0.32837	22.57990	112.40335	1.16865	1	1	1
	-2	4	9	0.92695	-22.57748	-0.32835	22.57990	112.40335	1.16866	1	1	1
	2	-4	-9	0.92695	-22.57748	-0.32837	22.57990	112.40335	1.16866	1	1	1
	4	-2	9	0.92695	-22.57747	-0.32835	22.57990	112.40335	1.16865	1	1	1
	-4	2	9	0.92695	22.57746	0.32837	22.57980	112.40335	1.16865	1	1	1
	2	-4	9	0.92695	22.57746	0.32837	22.57980	112.40335	1.16865	1	1	1
	-2	4	-9	0.92695	22.57746	0.32835	22.57980	112.40335	1.16865	1	1	1
	4	-2	-9	0.92695	22.57746	0.32835	22.57980	112.40335	1.16865	1	1	1
	-2	-3	4	0.91661	-49.10709	-1.96011	49.14620	114.36038	5.67672	1	1	1
	2	3	-4	0.91661	-49.10709	-1.96016	49.14620	114.36038	5.67672	1	1	1
	-5	3	4	0.91661	-49.10708	-1.96012	49.14620	114.36038	5.67672	1	1	1
	-3	-2	-4	0.91661	-49.10709	-1.96010	49.14620	114.36038	5.67672	1	1	1
	-5	2	-4	0.91661	-49.10708	-1.96012	49.14620	114.36038	5.67672	1	1	1
	-2	5	-4	0.91661	-49.10708	-1.96016	49.14620	114.36038	5.67672	1	1	1
	-3	5	4	0.91661	-49.10708	-1.96015	49.14620	114.36038	5.67672	1	1	1
	2	-5	4	0.91661	-49.10708	-1.96012	49.14620	114.36038	5.67672	1	1	1
	5	-3	-4	0.91661	-49.10708	-1.96015	49.14620	114.36038	5.67672	1	1	1
	3	2	4	0.91661	-49.10708	-1.96017	49.14620	114.36038	5.67672	1	1	1
	3	-5	-4	0.91661	-49.10709	-1.96012	49.14620	114.36038	5.67672	1	1	1
	5	-2	4	0.91661	-49.10708	-1.96016	49.14620	114.36038	5.67672	1	1	1
	-1	1	-14	0.91400	40.57561	1.92889	40.62140	114.86926	3.90523	1	1	1
	-1	0	14	0.91400	40.57561	1.92883	40.62140	114.86926	3.90523	1	1	1
	0	-1	-14	0.91400	40.57562	1.92889	40.62140	114.86926	3.90523	1	1	1
	0	1	14	0.91400	40.57562	1.92883	40.62140	114.86926	3.90523	1	1	1
	1	-1	14	0.91400	40.57562	1.92883	40.62140	114.86926	3.90523	1	1	1
	1	0	-14	0.91400	40.57561	1.92889	40.62140	114.86926	3.90523	1	1	1
	-5	1	0	0.90807	36.56471	2.01025	36.61990	116.05091	3.22757	1	1	1
	5	-1	0	0.90807	36.56471	2.01031	36.61990	116.05091	3.22757	1	1	1
	-4	-1	0	0.90807	36.56471	2.01028	36.61990	116.05091	3.22757	1	1	1
	4	1	0	0.90807	36.56471	2.01029	36.61990	116.05091	3.22757	1	1	1
	-5	4	0	0.90807	36.56471	2.01028	36.61990	116.05091	3.22757	1	1	1
	-1	-4	0	0.90807	36.56471	2.01028	36.61990	116.05091	3.22757	1	1	1
	-4	5	0	0.90807	36.56471	2.01029	36.61990	116.05091	3.22757	1	1	1
	1	4	0	0.90807	36.56471	2.01029	36.61990	116.05091	3.22757	1	1	1
	1	-5	0	0.90807	36.56471	2.01025	36.61990	116.05091	3.22757	1	1	1
	-1	5	0	0.90807	36.56471	2.01031	36.61990	116.05091	3.22757	1	1	1
	4	-5	0	0.90807	36.56471	2.01028	36.61990	116.05091	3.22757	1	1	1
	5	-4	0	0.90807	36.56471	2.01029	36.61990	116.05091	3.22757	1	1	1
	-5	2	5	0.89710	8.88544	0.13346	8.88644	118.33051	0.19684	1	1	1
	2	-5	-5	0.89710	-8.88543	-0.13347	8.88643	118.33051	0.19684	1	1	1
	-2	5	5	0.89710	-8.88543	-0.13347	8.88643	118.33051	0.19684	1	1	1
	-2	-3	-5	0.89710	8.88545	0.13347	8.88645	118.33051	0.19684	1	1	1
	2	3	5	0.89710	8.88545	0.13347	8.88645	118.33051	0.19684	1	1	1
	5	-2	-5	0.89710	8.88544	0.13347	8.88644	118.33051	0.19684	1	1	1
	-3	5	-5	0.89710	8.88544	0.13347	8.88644	118.33051	0.19684	1	1	1
	3	-5	5	0.89710	8.88544	0.13347	8.88644	118.33051	0.19684	1	1	1
	5	-3	5	0.89710	-8.88545	-0.13347	8.88645	118.33051	0.19684	1	1	1
	3	2	-5	0.89710	-8.88544	-0.13347	8.88644	118.33051	0.19684	1	1	1
	-5	3	-5	0.89710	-8.88545	-0.13347	8.88645	118.33051	0.19684	1	1	1
	-3	-2	5	0.89710	-8.88544	-0.13346	8.88644	118.33051	0.19684	1	1	1
	-5	1	-3	0.88909	-19.58884	-0.29680	19.59110	120.08287	0.98502	1	1	1
	-5	1	3	0.88909	19.58884	0.29680	19.59110	120.08287	0.98502	1	1	1
	-5	4	3	0.88909	19.58883	0.29680	19.59110	120.08287	0.98502	1	1	1
	-5	4	-3	0.88909	-19.58883	-0.29680	19.59110	120.08287	0.98502	1	1	1
	-1	5	3	0.88909	-19.58884	-0.29681	19.59110	120.08287	0.98502	1	1	1
	-1	-4	-3	0.88909	19.58884	0.29680	19.59110	120.08287	0.98502	1	1	1
	-4	-1	-3	0.88909	19.58884	0.29681	19.59110	120.08287	0.98502	1	1	1
	5	-4	3	0.88909	-19.58883	-0.29681	19.59110	120.08287	0.98502	1	1	1
	5	-1	-3	0.88909	19.58884	0.29681	19.59110	120.08287	0.98502	1	1	1
	5	-1	3	0.88909	-19.58884	-0.29681	19.59110	120.08287	0.98502	1	1	1
	4	1	3	0.88909	19.58884	0.29679	19.59110	120.08287	0.98502	1	1	1
	5	-4	-3	0.88909	19.58883	0.29681	19.59110	120.08287	0.98502	1	1	1
	1	4	3	0.88909	19.58884	0.29681	19.59110	120.08287	0.98502	1	1	1
	1	-5	-3	0.88909	-19.58884	-0.29680	19.59110	120.08287	0.98502	1	1	1
	-4	-1	3	0.88909	-19.58884	-0.29680	19.59110	120.08287	0.98502	1	1	1
	-4	5	-3	0.88909	19.58883	0.29681	19.59110	120.08287	0.98502	1	1	1
	4	-5	-3	0.88909	-19.58884	-0.29679	19.59110	120.08287	0.98502	1	1	1
	-4	5	3	0.88909	-19.58884	-0.29681	19.59110	120.08287	0.98502	1	1	1
	4	-5	3	0.88909	19.58884	0.29680	19.59110	120.08287	0.98502	1	1	1
	4	1	-3	0.88909	-19.58884	-0.29681	19.59110	120.08287	0.98502	1	1	1
	-1	-4	3	0.88909	-19.58884	-0.29680	19.59110	120.08287	0.98502	1	1	1
	-1	5	-3	0.88909	19.58884	0.29681	19.59110	120.08287	0.98502	1	1	1
	1	-5	3	0.88909	19.58884	0.29680	19.59110	120.08287	0.98502	1	1	1
	1	4	-3	0.88909	-19.58884	-0.29681	19.59110	120.08287	0.98502	1	1	1
	0	4	8	0.87841	30.36623	1.05144	30.38440	122.54659	2.47625	1	1	1
	0	-4	-8	0.87841	30.36623	1.05142	30.38440	122.54659	2.47625	1	1	1
	-4	0	8	0.87841	30.36624	1.05142	30.38440	122.54659	2.47625	1	1	1
	-4	4	-8	0.87841	30.36624	1.05144	30.38440	122.54659	2.47625	1	1	1
	4	-4	8	0.87841	30.36624	1.05143	30.38440	122.54659	2.47625	1	1	1
	4	0	-8	0.87841	30.36623	1.05144	30.38440	122.54659	2.47625	1	1	1
	-4	1	10	0.86645	-49.84107	-2.18828	49.88910	125.50115	7.07110	1	1	1
	-4	3	-10	0.86645	-49.84105	-2.18834	49.88910	125.50115	7.07110	1	1	1
	-1	-3	-10	0.86645	-49.84107	-2.18837	49.88910	125.50115	7.07111	1	1	1
	-3	-1	10	0.86645	-49.84107	-2.18828	49.88910	125.50115	7.07110	1	1	1
	1	3	10	0.86645	-49.84108	-2.18830	49.88910	125.50115	7.07111	1	1	1
	3	1	-10	0.86645	-49.84106	-2.18838	49.88910	125.50115	7.07110	1	1	1
	1	-4	-10	0.86645	-49.84107	-2.18835	49.88910	125.50115	7.07110	1	1	1
	-1	4	10	0.86645	-49.84107	-2.18831	49.88910	125.50115	7.07110	1	1	1
	4	-1	-10	0.86645	-49.84107	-2.18839	49.88910	125.50115	7.07110	1	1	1
	4	-3	10	0.86645	-49.84106	-2.18832	49.88910	125.50115	7.07110	1	1	1
	-3	4	-10	0.86645	-49.84106	-2.18840	49.88910	125.50115	7.07110	1	1	1
	3	-4	10	0.86645	-49.84106	-2.18827	49.88910	125.50115	7.07110	1	1	1
	0	-3	-12	0.85851	30.74876	0.70216	30.75680	127.59715	2.80773	1	1	1
	-3	0	-12	0.85851	30.74875	0.70216	30.75680	127.59715	2.80773	1	1	1
	0	3	12	0.85851	30.74876	0.70216	30.75680	127.59715	2.80773	1	1	1
	3	0	12	0.85851	30.74875	0.70216	30.75680	127.59715	2.80773	1	1	1
	-3	0	12	0.85851	30.74875	0.70216	30.75680	127.59715	2.80773	1	1	1
	-3	3	-12	0.85851	30.74875	0.70216	30.75680	127.59715	2.80773	1	1	1
	-3	3	12	0.85851	30.74875	0.70216	30.75680	127.59715	2.80773	1	1	1
	0	3	-12	0.85851	30.74875	0.70216	30.75680	127.59715	2.80773	1	1	1
	0	-3	12	0.85851	30.74875	0.70216	30.75680	127.59715	2.80773	1	1	1
	3	-3	12	0.85851	30.74875	0.70216	30.75680	127.59715	2.80773	1	1	1
	3	0	-12	0.85851	30.74875	0.70216	30.75680	127.59715	2.80773	1	1	1
	3	-3	-12	0.85851	30.74875	0.70216	30.75680	127.59715	2.80773	1	1	1
	2	0	14	0.85427	43.42247	1.96059	43.46670	128.76626	5.75222	1	1	1
	2	-2	-14	0.85427	43.42247	1.96065	43.46670	128.76626	5.75222	1	1	1
	0	2	-14	0.85427	43.42246	1.96066	43.46670	128.76626	5.75222	1	1	1
	-2	2	14	0.85427	43.42247	1.96059	43.46670	128.76626	5.75222	1	1	1
	-2	0	-14	0.85427	43.42247	1.96064	43.46670	128.76626	5.75222	1	1	1
	0	-2	14	0.85427	43.42247	1.96058	43.46670	128.76626	5.75222	1	1	1
