# 	h	k	l	d (Å)	F(real)		F(imag)		|F|			2θ			I			M	ID(λ)	Phase
	-1	-1	-1	2.33188	34.95443	0.93814	34.96700	38.57800	100.00000	1	1	1
	-1	1	-1	2.33188	34.95443	0.93814	34.96700	38.57800	100.00000	1	1	1
	-1	-1	1	2.33188	34.95443	0.93814	34.96700	38.57800	100.00000	1	1	1
	1	1	1	2.33188	34.95443	0.93814	34.96700	38.57800	100.00000	1	1	1
	-1	1	1	2.33188	34.95443	0.93814	34.96700	38.57800	100.00000	1	1	1
	1	-1	-1	2.33188	34.95443	0.93814	34.96700	38.57800	100.00000	1	1	1
	1	1	-1	2.33188	34.95443	0.93814	34.96700	38.57800	100.00000	1	1	1
	1	-1	1	2.33188	34.95443	0.93814	34.96700	38.57800	100.00000	1	1	1
	0	0	-2	2.01946	32.73535	0.92387	32.74840	44.84531	62.64875	1	1	1
	0	-2	0	2.01946	32.73535	0.92387	32.74840	44.84531	62.64875	1	1	1
	-2	0	0	2.01946	32.73535	0.92387	32.74840	44.84531	62.64875	1	1	1
	0	0	2	2.01946	32.73535	0.92387	32.74840	44.84531	62.64875	1	1	1
	0	2	0	2.01946	32.73535	0.92387	32.74840	44.84531	62.64875	1	1	1
	2	0	0	2.01946	32.73535	0.92387	32.74840	44.84531	62.64875	1	1	1
	-2	-2	0	1.42798	26.61309	0.86894	26.62730	65.28994	17.77291	1	1	1
	-2	0	-2	1.42798	26.61309	0.86894	26.62730	65.28994	17.77291	1	1	1
	0	2	2	1.42798	26.61309	0.86894	26.62730	65.28994	17.77291	1	1	1
	0	-2	-2	1.42798	26.61309	0.86894	26.62730	65.28994	17.77291	1	1	1
	2	0	2	1.42798	26.61309	0.86894	26.62730	65.28994	17.77291	1	1	1
	2	2	0	1.42798	26.61309	0.86894	26.62730	65.28994	17.77291	1	1	1
	-2	0	2	1.42798	26.61309	0.86894	26.62730	65.28994	17.77291	1	1	1
	-2	2	0	1.42798	26.61309	0.86894	26.62730	65.28994	17.77291	1	1	1
	0	-2	2	1.42798	26.61309	0.86894	26.62730	65.28994	17.77291	1	1	1
	2	-2	0	1.42798	26.61309	0.86894	26.62730	65.28994	17.77291	1	1	1
	0	2	-2	1.42798	26.61309	0.86894	26.62730	65.28994	17.77291	1	1	1
	2	0	-2	1.42798	26.61309	0.86894	26.62730	65.28994	17.77291	1	1	1
	-1	-3	-1	1.21778	23.17749	0.82990	23.19230	78.47552	9.43703	1	1	1
	-3	-1	-1	1.21778	23.17749	0.82990	23.19230	78.47552	9.43703	1	1	1
	1	1	-3	1.21778	23.17749	0.82990	23.19230	78.47552	9.43703	1	1	1
	1	1	3	1.21778	23.17749	0.82990	23.19230	78.47552	9.43703	1	1	1
	-1	-1	3	1.21778	23.17749	0.82990	23.19230	78.47552	9.43703	1	1	1
	-1	-1	-3	1.21778	23.17749	0.82990	23.19230	78.47552	9.43703	1	1	1
	1	3	1	1.21778	23.17749	0.82990	23.19230	78.47552	9.43703	1	1	1
	3	1	1	1.21778	23.17749	0.82990	23.19230	78.47552	9.43703	1	1	1
	-3	1	1	1.21778	23.17749	0.82990	23.19230	78.47552	9.43703	1	1	1
	-1	-3	1	1.21778	23.17749	0.82990	23.19230	78.47552	9.43703	1	1	1
	-1	1	-3	1.21778	23.17749	0.82990	23.19230	78.47552	9.43703	1	1	1
	-3	-1	1	1.21778	23.17749	0.82990	23.19230	78.47552	9.43703	1	1	1
	-3	1	-1	1.21778	23.17749	0.82990	23.19230	78.47552	9.43703	1	1	1
	-1	1	3	1.21778	23.17749	0.82990	23.19230	78.47552	9.43703	1	1	1
	-1	3	-1	1.21778	23.17749	0.82990	23.19230	78.47552	9.43703	1	1	1
	1	-3	-1	1.21778	23.17749	0.82990	23.19230	78.47552	9.43703	1	1	1
	-1	3	1	1.21778	23.17749	0.82990	23.19230	78.47552	9.43703	1	1	1
	1	-1	3	1.21778	23.17749	0.82990	23.19230	78.47552	9.43703	1	1	1
	1	-1	-3	1.21778	23.17749	0.82990	23.19230	78.47552	9.43703	1	1	1
	1	-3	1	1.21778	23.17749	0.82990	23.19230	78.47552	9.43703	1	1	1
	1	3	-1	1.21778	23.17749	0.82990	23.19230	78.47552	9.43703	1	1	1
	3	-1	-1	1.21778	23.17749	0.82990	23.19230	78.47552	9.43703	1	1	1
	3	1	-1	1.21778	23.17749	0.82990	23.19230	78.47552	9.43703	1	1	1
	3	-1	1	1.21778	23.17749	0.82990	23.19230	78.47552	9.43703	1	1	1
	-2	-2	-2	1.16594	22.16268	0.81727	22.17770	82.70143	7.97499	1	1	1
	2	2	2	1.16594	22.16268	0.81727	22.17770	82.70143	7.97499	1	1	1
	-2	-2	2	1.16594	22.16268	0.81727	22.17770	82.70143	7.97499	1	1	1
	-2	2	-2	1.16594	22.16268	0.81727	22.17770	82.70143	7.97499	1	1	1
	-2	2	2	1.16594	22.16268	0.81727	22.17770	82.70143	7.97499	1	1	1
	2	-2	2	1.16594	22.16268	0.81727	22.17770	82.70143	7.97499	1	1	1
	2	-2	-2	1.16594	22.16268	0.81727	22.17770	82.70143	7.97499	1	1	1
	2	2	-2	1.16594	22.16268	0.81727	22.17770	82.70143	7.97499	1	1	1
	0	-4	0	1.00973	18.62451	0.76868	18.64040	99.43606	4.95774	1	1	1
	-4	0	0	1.00973	18.62451	0.76868	18.64040	99.43606	4.95774	1	1	1
	0	0	-4	1.00973	18.62451	0.76868	18.64040	99.43606	4.95774	1	1	1
	0	0	4	1.00973	18.62451	0.76868	18.64040	99.43606	4.95774	1	1	1
	4	0	0	1.00973	18.62451	0.76868	18.64040	99.43606	4.95774	1	1	1
	0	4	0	1.00973	18.62451	0.76868	18.64040	99.43606	4.95774	1	1	1
	-3	-3	1	0.92659	16.43043	0.73414	16.44680	112.46921	4.21973	1	1	1
	-3	-3	-1	0.92659	16.43043	0.73414	16.44680	112.46921	4.21973	1	1	1
	-3	1	-3	0.92659	16.43043	0.73414	16.44680	112.46921	4.21973	1	1	1
	-3	-1	3	0.92659	16.43043	0.73414	16.44680	112.46921	4.21973	1	1	1
	-3	-1	-3	0.92659	16.43043	0.73414	16.44680	112.46921	4.21973	1	1	1
	-3	1	3	0.92659	16.43043	0.73414	16.44680	112.46921	4.21973	1	1	1
	-3	3	-1	0.92659	16.43043	0.73414	16.44680	112.46921	4.21973	1	1	1
	-1	-3	-3	0.92659	16.43043	0.73414	16.44680	112.46921	4.21973	1	1	1
	-3	3	1	0.92659	16.43043	0.73414	16.44680	112.46921	4.21973	1	1	1
	-1	3	3	0.92659	16.43043	0.73414	16.44680	112.46921	4.21973	1	1	1
	1	-3	-3	0.92659	16.43043	0.73414	16.44680	112.46921	4.21973	1	1	1
	-1	3	-3	0.92659	16.43043	0.73414	16.44680	112.46921	4.21973	1	1	1
	-1	-3	3	0.92659	16.43043	0.73414	16.44680	112.46921	4.21973	1	1	1
	3	-3	1	0.92659	16.43043	0.73414	16.44680	112.46921	4.21973	1	1	1
	3	-1	-3	0.92659	16.43043	0.73414	16.44680	112.46921	4.21973	1	1	1
	3	-1	3	0.92659	16.43043	0.73414	16.44680	112.46921	4.21973	1	1	1
	1	3	3	0.92659	16.43043	0.73414	16.44680	112.46921	4.21973	1	1	1
	3	-3	-1	0.92659	16.43043	0.73414	16.44680	112.46921	4.21973	1	1	1
	1	3	-3	0.92659	16.43043	0.73414	16.44680	112.46921	4.21973	1	1	1
	1	-3	3	0.92659	16.43043	0.73414	16.44680	112.46921	4.21973	1	1	1
	3	1	-3	0.92659	16.43043	0.73414	16.44680	112.46921	4.21973	1	1	1
	3	1	3	0.92659	16.43043	0.73414	16.44680	112.46921	4.21973	1	1	1
	3	3	1	0.92659	16.43043	0.73414	16.44680	112.46921	4.21973	1	1	1
	3	3	-1	0.92659	16.43043	0.73414	16.44680	112.46921	4.21973	1	1	1
	-4	2	0	0.90313	15.77303	0.72297	15.78960	117.06066	4.14262	1	1	1
	-2	-4	0	0.90313	15.77303	0.72297	15.78960	117.06066	4.14262	1	1	1
	-2	0	4	0.90313	15.77303	0.72297	15.78960	117.06066	4.14262	1	1	1
	-2	0	-4	0.90313	15.77303	0.72297	15.78960	117.06066	4.14262	1	1	1
	0	-4	2	0.90313	15.77303	0.72297	15.78960	117.06066	4.14262	1	1	1
	0	-4	-2	0.90313	15.77303	0.72297	15.78960	117.06066	4.14262	1	1	1
	-2	4	0	0.90313	15.77303	0.72297	15.78960	117.06066	4.14262	1	1	1
	-4	-2	0	0.90313	15.77303	0.72297	15.78960	117.06066	4.14262	1	1	1
	-4	0	-2	0.90313	15.77303	0.72297	15.78960	117.06066	4.14262	1	1	1
	-4	0	2	0.90313	15.77303	0.72297	15.78960	117.06066	4.14262	1	1	1
	0	-2	-4	0.90313	15.77303	0.72297	15.78960	117.06066	4.14262	1	1	1
	0	-2	4	0.90313	15.77303	0.72297	15.78960	117.06066	4.14262	1	1	1
	0	2	4	0.90313	15.77303	0.72297	15.78960	117.06066	4.14262	1	1	1
	0	2	-4	0.90313	15.77303	0.72297	15.78960	117.06066	4.14262	1	1	1
	2	-4	0	0.90313	15.77303	0.72297	15.78960	117.06066	4.14262	1	1	1
	2	0	-4	0.90313	15.77303	0.72297	15.78960	117.06066	4.14262	1	1	1
	0	4	2	0.90313	15.77303	0.72297	15.78960	117.06066	4.14262	1	1	1
	0	4	-2	0.90313	15.77303	0.72297	15.78960	117.06066	4.14262	1	1	1
	2	0	4	0.90313	15.77303	0.72297	15.78960	117.06066	4.14262	1	1	1
	2	4	0	0.90313	15.77303	0.72297	15.78960	117.06066	4.14262	1	1	1
	4	0	-2	0.90313	15.77303	0.72297	15.78960	117.06066	4.14262	1	1	1
	4	-2	0	0.90313	15.77303	0.72297	15.78960	117.06066	4.14262	1	1	1
	4	0	2	0.90313	15.77303	0.72297	15.78960	117.06066	4.14262	1	1	1
	4	2	0	0.90313	15.77303	0.72297	15.78960	117.06066	4.14262	1	1	1
