   h    k    l      d (Å)      F(real)      F(imag)          |F|         2θ          I    M ID(λ) Phase
  -1    0    0   4.171288     0.000000    -0.000000  1.77636e-14   21.28336    0.00000    1     1     1
   0   -1    0   4.171288     0.000000    -0.000000  1.77636e-14   21.28336    0.00000    1     1     1
   0    0    1   4.171288     0.000000     0.000000  1.77636e-14   21.28336    0.00000    1     1     1
   0    0   -1   4.171288     0.000000    -0.000000  1.77636e-14   21.28336    0.00000    1     1     1
   0    1    0   4.171288     0.000000     0.000000  1.77636e-14   21.28336    0.00000    1     1     1
   1    0    0   4.171288     0.000000     0.000000  1.77636e-14   21.28336    0.00000    1     1     1
  -1   -1    0   2.949546     0.000000     0.000000            0   30.27753    0.00000    1     1     1
  -1    0   -1   2.949546     0.000000     0.000000            0   30.27753    0.00000    1     1     1
   0    1   -1   2.949546     0.000000    -0.000000  8.88178e-16   30.27753    0.00000    1     1     1
   0    1    1   2.949546     0.000000     0.000000            0   30.27753    0.00000    1     1     1
   1   -1    0   2.949546     0.000000    -0.000000  8.88178e-16   30.27753    0.00000    1     1     1
   0   -1   -1   2.949546     0.000000     0.000000            0   30.27753    0.00000    1     1     1
   0   -1    1   2.949546     0.000000    -0.000000  8.88178e-16   30.27753    0.00000    1     1     1
  -1    1    0   2.949546     0.000000    -0.000000  8.88178e-16   30.27753    0.00000    1     1     1
  -1    0    1   2.949546     0.000000    -0.000000  8.88178e-16   30.27753    0.00000    1     1     1
   1    0   -1   2.949546     0.000000    -0.000000  8.88178e-16   30.27753    0.00000    1     1     1
   1    0    1   2.949546     0.000000    -0.000000  8.88178e-16   30.27753    0.00000    1     1     1
   1    1    0   2.949546     0.000000    -0.000000  8.88178e-16   30.27753    0.00000    1     1     1
  -1   -1   -1   2.408294   237.564709    27.597412      239.162   37.30788  100.00000    1     1     1
   1    1    1   2.408294   237.564709    27.597412      239.162   37.30788  100.00000    1     1     1
  -1    1   -1   2.408294   237.564709    27.597412      239.162   37.30788  100.00000    1     1     1
  -1   -1    1   2.408294   237.564709    27.597412      239.162   37.30788  100.00000    1     1     1
  -1    1    1   2.408294   237.564709    27.597412      239.162   37.30788  100.00000    1     1     1
   1   -1   -1   2.408294   237.564709    27.597412      239.162   37.30788  100.00000    1     1     1
   1    1   -1   2.408294   237.564709    27.597412      239.162   37.30788  100.00000    1     1     1
   1   -1    1   2.408294   237.564709    27.597412      239.162   37.30788  100.00000    1     1     1
   0    0   -2   2.085644   224.363470    27.203724      226.007   43.34893   63.94212    1     1     1
   0   -2    0   2.085644   224.363470    27.203724      226.007   43.34893   63.94212    1     1     1
  -2    0    0   2.085644   224.363470    27.203724      226.007   43.34893   63.94212    1     1     1
   0    0    2   2.085644   224.363470    27.203724      226.007   43.34893   63.94212    1     1     1
   0    2    0   2.085644   224.363470    27.203724      226.007   43.34893   63.94212    1     1     1
   2    0    0   2.085644   224.363470    27.203724      226.007   43.34893   63.94212    1     1     1
  -2   -1    0   1.865457     0.000000    -0.000000  1.42109e-14   48.77761    0.00000    1     1     1
  -2    1    0   1.865457     0.000000     0.000000  1.24345e-14   48.77761    0.00000    1     1     1
  -1   -2    0   1.865457     0.000000    -0.000000  1.33227e-14   48.77761    0.00000    1     1     1
  -2    0    1   1.865457     0.000000     0.000000  1.24345e-14   48.77761    0.00000    1     1     1
  -2    0   -1   1.865457     0.000000    -0.000000  1.42109e-14   48.77761    0.00000    1     1     1
   0   -2    1   1.865457     0.000000     0.000000  1.24345e-14   48.77761    0.00000    1     1     1
   0   -1   -2   1.865457     0.000000    -0.000000  1.42109e-14   48.77761    0.00000    1     1     1
   0   -1    2   1.865457     0.000000    -0.000000  1.42109e-14   48.77761    0.00000    1     1     1
  -1    2    0   1.865457     0.000000    -0.000000   1.5099e-14   48.77761    0.00000    1     1     1
   0   -2   -1   1.865457     0.000000    -0.000000  1.42109e-14   48.77761    0.00000    1     1     1
  -1    0    2   1.865457     0.000000    -0.000000   1.5099e-14   48.77761    0.00000    1     1     1
  -1    0   -2   1.865457     0.000000    -0.000000  1.33227e-14   48.77761    0.00000    1     1     1
   0    1   -2   1.865457     0.000000     0.000000  1.24345e-14   48.77761    0.00000    1     1     1
   0    1    2   1.865457     0.000000     0.000000  1.24345e-14   48.77761    0.00000    1     1     1
   0    2    1   1.865457     0.000000     0.000000  1.24345e-14   48.77761    0.00000    1     1     1
   0    2   -1   1.865457     0.000000    -0.000000  1.42109e-14   48.77761    0.00000    1     1     1
   1    0    2   1.865457     0.000000     0.000000  1.15463e-14   48.77761    0.00000    1     1     1
   1    0   -2   1.865457     0.000000     0.000000  1.33227e-14   48.77761    0.00000    1     1     1
   1   -2    0   1.865457     0.000000     0.000000  1.33227e-14   48.77761    0.00000    1     1     1
   1    2    0   1.865457     0.000000     0.000000  1.15463e-14   48.77761    0.00000    1     1     1
   2   -1    0   1.865457     0.000000    -0.000000  1.42109e-14   48.77761    0.00000    1     1     1
   2    0    1   1.865457     0.000000     0.000000  1.24345e-14   48.77761    0.00000    1     1     1
   2    0   -1   1.865457     0.000000    -0.000000  1.42109e-14   48.77761    0.00000    1     1     1
   2    1    0   1.865457     0.000000     0.000000  1.24345e-14   48.77761    0.00000    1     1     1
  -2   -1   -1   1.702921     0.000000    -0.000000   2.4869e-14   53.78761    0.00000    1     1     1
  -2   -1    1   1.702921     0.000000    -0.000000   2.4869e-14   53.78761    0.00000    1     1     1
  -2    1   -1   1.702921     0.000000    -0.000000   2.4869e-14   53.78761    0.00000    1     1     1
  -2    1    1   1.702921     0.000000    -0.000000   2.4869e-14   53.78761    0.00000    1     1     1
  -1   -2    1   1.702921     0.000000    -0.000000   2.4869e-14   53.78761    0.00000    1     1     1
  -1   -2   -1   1.702921     0.000000    -0.000000   2.4869e-14   53.78761    0.00000    1     1     1
  -1    1   -2   1.702921     0.000000    -0.000000   2.4869e-14   53.78761    0.00000    1     1     1
  -1    1    2   1.702921     0.000000     0.000000   2.4869e-14   53.78761    0.00000    1     1     1
  -1   -1    2   1.702921     0.000000     0.000000   2.4869e-14   53.78761    0.00000    1     1     1
  -1   -1   -2   1.702921     0.000000    -0.000000   2.4869e-14   53.78761    0.00000    1     1     1
   1   -1   -2   1.702921     0.000000    -0.000000   2.4869e-14   53.78761    0.00000    1     1     1
   1   -1    2   1.702921     0.000000     0.000000   2.4869e-14   53.78761    0.00000    1     1     1
   1    1   -2   1.702921     0.000000    -0.000000   2.4869e-14   53.78761    0.00000    1     1     1
   1   -2   -1   1.702921     0.000000    -0.000000   2.4869e-14   53.78761    0.00000    1     1     1
   1   -2    1   1.702921     0.000000    -0.000000   2.4869e-14   53.78761    0.00000    1     1     1
  -1    2    1   1.702921     0.000000     0.000000   2.4869e-14   53.78761    0.00000    1     1     1
  -1    2   -1   1.702921     0.000000     0.000000   2.4869e-14   53.78761    0.00000    1     1     1
   1    1    2   1.702921     0.000000     0.000000   2.4869e-14   53.78761    0.00000    1     1     1
   1    2   -1   1.702921     0.000000     0.000000   2.4869e-14   53.78761    0.00000    1     1     1
   2   -1   -1   1.702921     0.000000     0.000000   2.4869e-14   53.78761    0.00000    1     1     1
   1    2    1   1.702921     0.000000     0.000000   2.4869e-14   53.78761    0.00000    1     1     1
   2    1    1   1.702921     0.000000     0.000000   2.4869e-14   53.78761    0.00000    1     1     1
   2    1   -1   1.702921     0.000000     0.000000   2.4869e-14   53.78761    0.00000    1     1     1
   2   -1    1   1.702921     0.000000     0.000000   2.4869e-14   53.78761    0.00000    1     1     1
  -2   -2    0   1.474773   185.399525    25.684340       187.17   62.97537   18.85731    1     1     1
  -2    0   -2   1.474773   185.399525    25.684340       187.17   62.97537   18.85731    1     1     1
  -2    2    0   1.474773   185.399525    25.684340       187.17   62.97537   18.85731    1     1     1
  -2    0    2   1.474773   185.399525    25.684340       187.17   62.97537   18.85731    1     1     1
   0    2   -2   1.474773   185.399525    25.684340       187.17   62.97537   18.85731    1     1     1
   0   -2    2   1.474773   185.399525    25.684340       187.17   62.97537   18.85731    1     1     1
   0   -2   -2   1.474773   185.399525    25.684340       187.17   62.97537   18.85731    1     1     1
   0    2    2   1.474773   185.399525    25.684340       187.17   62.97537   18.85731    1     1     1
   2   -2    0   1.474773   185.399525    25.684340       187.17   62.97537   18.85731    1     1     1
   2    0    2   1.474773   185.399525    25.684340       187.17   62.97537   18.85731    1     1     1
   2    0   -2   1.474773   185.399525    25.684340       187.17   62.97537   18.85731    1     1     1
   2    2    0   1.474773   185.399525    25.684340       187.17   62.97537   18.85731    1     1     1
  -2   -1    2   1.390429     0.000000    -0.000000  9.76996e-15   67.28359    0.00000    1     1     1
  -2   -2   -1   1.390429     0.000000    -0.000000  1.06581e-14   67.28359    0.00000    1     1     1
  -1    2   -2   1.390429     0.000000    -0.000000  9.76996e-15   67.28359    0.00000    1     1     1
   1   -2    2   1.390429     0.000000     0.000000  1.15463e-14   67.28359    0.00000    1     1     1
   1    2   -2   1.390429     0.000000     0.000000  1.15463e-14   67.28359    0.00000    1     1     1
  -2    2    1   1.390429     0.000000     0.000000  1.15463e-14   67.28359    0.00000    1     1     1
  -1   -2    2   1.390429     0.000000    -0.000000  9.76996e-15   67.28359    0.00000    1     1     1
  -2    2   -1   1.390429     0.000000    -0.000000  9.76996e-15   67.28359    0.00000    1     1     1
  -2    1    2   1.390429     0.000000     0.000000  1.15463e-14   67.28359    0.00000    1     1     1
  -2   -1   -2   1.390429     0.000000    -0.000000  1.06581e-14   67.28359    0.00000    1     1     1
  -2    1   -2   1.390429     0.000000     0.000000  1.06581e-14   67.28359    0.00000    1     1     1
  -1    2    2   1.390429     0.000000    -0.000000  8.88178e-15   67.28359    0.00000    1     1     1
  -1   -2   -2   1.390429     0.000000    -0.000000  1.06581e-14   67.28359    0.00000    1     1     1
   0    0    3   1.390429     0.000000     0.000000  3.37508e-14   67.28359    0.00000    1     1     1
   0    0   -3   1.390429     0.000000    -0.000000  3.19744e-14   67.28359    0.00000    1     1     1
   0   -3    0   1.390429     0.000000    -0.000000  3.19744e-14   67.28359    0.00000    1     1     1
   2    2    1   1.390429     0.000000     0.000000  1.15463e-14   67.28359    0.00000    1     1     1
  -3    0    0   1.390429     0.000000    -0.000000  3.19744e-14   67.28359    0.00000    1     1     1
  -2   -2    1   1.390429     0.000000     0.000000  1.06581e-14   67.28359    0.00000    1     1     1
   2   -1   -2   1.390429     0.000000    -0.000000  9.76996e-15   67.28359    0.00000    1     1     1
   2    1   -2   1.390429     0.000000     0.000000  1.15463e-14   67.28359    0.00000    1     1     1
   2   -2    1   1.390429     0.000000     0.000000  1.15463e-14   67.28359    0.00000    1     1     1
   2   -2   -1   1.390429     0.000000    -0.000000  9.76996e-15   67.28359    0.00000    1     1     1
   0    3    0   1.390429     0.000000     0.000000  3.37508e-14   67.28359    0.00000    1     1     1
   1   -2   -2   1.390429     0.000000     0.000000  1.06581e-14   67.28359    0.00000    1     1     1
   2   -1    2   1.390429     0.000000    -0.000000  9.76996e-15   67.28359    0.00000    1     1     1
   1    2    2   1.390429     0.000000     0.000000  1.24345e-14   67.28359    0.00000    1     1     1
   2    1    2   1.390429     0.000000     0.000000  1.15463e-14   67.28359    0.00000    1     1     1
   2    2   -1   1.390429     0.000000    -0.000000  9.76996e-15   67.28359    0.00000    1     1     1
   3    0    0   1.390429     0.000000     0.000000  3.37508e-14   67.28359    0.00000    1     1     1
  -3   -1    0   1.319077     0.000000     0.000000            0   71.45998    0.00000    1     1     1
  -3    0   -1   1.319077     0.000000     0.000000            0   71.45998    0.00000    1     1     1
   0   -3   -1   1.319077     0.000000    -0.000000  8.88178e-16   71.45998    0.00000    1     1     1
   3    0    1   1.319077     0.000000     0.000000  8.88178e-16   71.45998    0.00000    1     1     1
   0    3    1   1.319077     0.000000     0.000000  8.88178e-16   71.45998    0.00000    1     1     1
   3    1    0   1.319077     0.000000     0.000000  8.88178e-16   71.45998    0.00000    1     1     1
  -3    0    1   1.319077     0.000000     0.000000  1.77636e-15   71.45998    0.00000    1     1     1
  -3    1    0   1.319077     0.000000     0.000000  1.77636e-15   71.45998    0.00000    1     1     1
   0    1   -3   1.319077     0.000000     0.000000  1.77636e-15   71.45998    0.00000    1     1     1
   0    1    3   1.319077     0.000000     0.000000  8.88178e-16   71.45998    0.00000    1     1     1
   1   -3    0   1.319077     0.000000     0.000000  1.77636e-15   71.45998    0.00000    1     1     1
   0    3   -1   1.319077     0.000000    -0.000000  1.77636e-15   71.45998    0.00000    1     1     1
   1    3    0   1.319077     0.000000     0.000000  8.88178e-16   71.45998    0.00000    1     1     1
   1    0    3   1.319077     0.000000     0.000000  8.88178e-16   71.45998    0.00000    1     1     1
   1    0   -3   1.319077     0.000000     0.000000  1.77636e-15   71.45998    0.00000    1     1     1
   0   -3    1   1.319077     0.000000     0.000000  1.77636e-15   71.45998    0.00000    1     1     1
   0   -1   -3   1.319077     0.000000    -0.000000  8.88178e-16   71.45998    0.00000    1     1     1
   0   -1    3   1.319077     0.000000    -0.000000  1.77636e-15   71.45998    0.00000    1     1     1
  -1    0    3   1.319077     0.000000    -0.000000  8.88178e-16   71.45998    0.00000    1     1     1
  -1    3    0   1.319077     0.000000    -0.000000  8.88178e-16   71.45998    0.00000    1     1     1
  -1    0   -3   1.319077     0.000000     0.000000            0   71.45998    0.00000    1     1     1
  -1   -3    0   1.319077     0.000000     0.000000            0   71.45998    0.00000    1     1     1
   3   -1    0   1.319077     0.000000    -0.000000  8.88178e-16   71.45998    0.00000    1     1     1
   3    0   -1   1.319077     0.000000    -0.000000  8.88178e-16   71.45998    0.00000    1     1     1
  -3   -1    1   1.257691   164.341749    24.600755      166.173   75.53647   10.26874    1     1     1
  -3   -1   -1   1.257691   164.341749    24.600755      166.173   75.53647   10.26874    1     1     1
  -1   -1    3   1.257691   164.341749    24.600755      166.173   75.53647   10.26874    1     1     1
   1    1   -3   1.257691   164.341749    24.600755      166.173   75.53647   10.26874    1     1     1
  -1   -1   -3   1.257691   164.341749    24.600755      166.173   75.53647   10.26874    1     1     1
  -1   -3   -1   1.257691   164.341749    24.600755      166.173   75.53647   10.26874    1     1     1
   1    1    3   1.257691   164.341749    24.600755      166.173   75.53647   10.26874    1     1     1
   1    3    1   1.257691   164.341749    24.600755      166.173   75.53647   10.26874    1     1     1
   3    1    1   1.257691   164.341749    24.600755      166.173   75.53647   10.26874    1     1     1
   3    1   -1   1.257691   164.341749    24.600755      166.173   75.53647   10.26874    1     1     1
  -3    1   -1   1.257691   164.341749    24.600755      166.173   75.53647   10.26874    1     1     1
  -3    1    1   1.257691   164.341749    24.600755      166.173   75.53647   10.26874    1     1     1
  -1   -3    1   1.257691   164.341749    24.600755      166.173   75.53647   10.26874    1     1     1
  -1    1   -3   1.257691   164.341749    24.600755      166.173   75.53647   10.26874    1     1     1
  -1    1    3   1.257691   164.341749    24.600755      166.173   75.53647   10.26874    1     1     1
  -1    3    1   1.257691   164.341749    24.600755      166.173   75.53647   10.26874    1     1     1
  -1    3   -1   1.257691   164.341749    24.600755      166.173   75.53647   10.26874    1     1     1
   1   -1   -3   1.257691   164.341749    24.600755      166.173   75.53647   10.26874    1     1     1
   1   -3    1   1.257691   164.341749    24.600755      166.173   75.53647   10.26874    1     1     1
   1   -3   -1   1.257691   164.341749    24.600755      166.173   75.53647   10.26874    1     1     1
   1   -1    3   1.257691   164.341749    24.600755      166.173   75.53647   10.26874    1     1     1
   1    3   -1   1.257691   164.341749    24.600755      166.173   75.53647   10.26874    1     1     1
   3   -1    1   1.257691   164.341749    24.600755      166.173   75.53647   10.26874    1     1     1
   3   -1   -1   1.257691   164.341749    24.600755      166.173   75.53647   10.26874    1     1     1
  -2   -2   -2   1.204147   158.311304    24.249816      160.158   79.53934    8.74371    1     1     1
   2    2    2   1.204147   158.311304    24.249816      160.158   79.53934    8.74371    1     1     1
  -2   -2    2   1.204147   158.311304    24.249816      160.158   79.53934    8.74371    1     1     1
  -2    2   -2   1.204147   158.311304    24.249816      160.158   79.53934    8.74371    1     1     1
  -2    2    2   1.204147   158.311304    24.249816      160.158   79.53934    8.74371    1     1     1
   2   -2    2   1.204147   158.311304    24.249816      160.158   79.53934    8.74371    1     1     1
   2   -2   -2   1.204147   158.311304    24.249816      160.158   79.53934    8.74371    1     1     1
   2    2   -2   1.204147   158.311304    24.249816      160.158   79.53934    8.74371    1     1     1
  -3    0   -2   1.156907     0.000000    -0.000000  2.84356e-14   83.49113    0.00000    1     1     1
   0   -3   -2   1.156907     0.000000    -0.000000  2.92964e-14   83.49113    0.00000    1     1     1
  -3   -2    0   1.156907     0.000000    -0.000000  2.84356e-14   83.49113    0.00000    1     1     1
   0    3    2   1.156907    -0.000000     0.000000  2.92964e-14   83.49113    0.00000    1     1     1
   3    0    2   1.156907    -0.000000     0.000000  2.84356e-14   83.49113    0.00000    1     1     1
   3    2    0   1.156907    -0.000000     0.000000  2.84356e-14   83.49113    0.00000    1     1     1
  -3    2    0   1.156907     0.000000    -0.000000  2.93099e-14   83.49113    0.00000    1     1     1
  -2   -3    0   1.156907     0.000000    -0.000000  2.92964e-14   83.49113    0.00000    1     1     1
  -2    0   -3   1.156907     0.000000    -0.000000  2.92964e-14   83.49113    0.00000    1     1     1
  -3    0    2   1.156907     0.000000    -0.000000  2.93099e-14   83.49113    0.00000    1     1     1
   0    3   -2   1.156907     0.000000     0.000000  2.84217e-14   83.49113    0.00000    1     1     1
   2   -3    0   1.156907     0.000000    -0.000000  2.84217e-14   83.49113    0.00000    1     1     1
   2    0    3   1.156907     0.000000     0.000000  2.84217e-14   83.49113    0.00000    1     1     1
   2    0   -3   1.156907     0.000000    -0.000000  2.84217e-14   83.49113    0.00000    1     1     1
   3    0   -2   1.156907     0.000000     0.000000  2.93099e-14   83.49113    0.00000    1     1     1
   3   -2    0   1.156907     0.000000     0.000000  2.93099e-14   83.49113    0.00000    1     1     1
   2    3    0   1.156907     0.000000     0.000000  2.84217e-14   83.49113    0.00000    1     1     1
   0   -2    3   1.156907     0.000000     0.000000  2.84217e-14   83.49113    0.00000    1     1     1
   0    2   -3   1.156907     0.000000    -0.000000  2.84217e-14   83.49113    0.00000    1     1     1
   0    2    3   1.156907     0.000000     0.000000  2.84217e-14   83.49113    0.00000    1     1     1
   0   -3    2   1.156907     0.000000    -0.000000  2.84217e-14   83.49113    0.00000    1     1     1
   0   -2   -3   1.156907     0.000000    -0.000000  2.92964e-14   83.49113    0.00000    1     1     1
  -2    3    0   1.156907     0.000000     0.000000  2.84217e-14   83.49113    0.00000    1     1     1
  -2    0    3   1.156907     0.000000     0.000000  2.84217e-14   83.49113    0.00000    1     1     1
  -1   -2   -3   1.114824     0.000000    -0.000000  1.91319e-14   87.41200    0.00000    1     1     1
  -1   -2    3   1.114824     0.000000    -0.000000  1.77636e-14   87.41200    0.00000    1     1     1
  -1    2    3   1.114824     0.000000     0.000000  1.86517e-14   87.41200    0.00000    1     1     1
  -1    2   -3   1.114824     0.000000     0.000000  1.77636e-14   87.41200    0.00000    1     1     1
   1   -2   -3   1.114824     0.000000    -0.000000  1.91319e-14   87.41200    0.00000    1     1     1
   1   -3   -2   1.114824     0.000000    -0.000000  1.91319e-14   87.41200    0.00000    1     1     1
  -1    3    2   1.114824     0.000000     0.000000  1.86517e-14   87.41200    0.00000    1     1     1
   2   -3   -1   1.114824     0.000000     0.000000  1.77636e-14   87.41200    0.00000    1     1     1
   2   -3    1   1.114824     0.000000     0.000000  1.86517e-14   87.41200    0.00000    1     1     1
   2   -1   -3   1.114824     0.000000     0.000000  1.77636e-14   87.41200    0.00000    1     1     1
   1    2    3   1.114824     0.000000     0.000000  1.86517e-14   87.41200    0.00000    1     1     1
   1    3    2   1.114824     0.000000     0.000000  1.86517e-14   87.41200    0.00000    1     1     1
   1    2   -3   1.114824     0.000000     0.000000  1.86517e-14   87.41200    0.00000    1     1     1
   1   -2    3   1.114824     0.000000    -0.000000  1.86517e-14   87.41200    0.00000    1     1     1
  -2   -1   -3   1.114824     0.000000    -0.000000  1.91319e-14   87.41200    0.00000    1     1     1
  -2   -1    3   1.114824     0.000000    -0.000000  1.77636e-14   87.41200    0.00000    1     1     1
  -2    1    3   1.114824     0.000000    -0.000000  1.95399e-14   87.41200    0.00000    1     1     1
  -2    1   -3   1.114824     0.000000    -0.000000  1.91319e-14   87.41200    0.00000    1     1     1
  -1   -3   -2   1.114824     0.000000    -0.000000  1.91319e-14   87.41200    0.00000    1     1     1
  -2    3    1   1.114824     0.000000    -0.000000  1.95399e-14   87.41200    0.00000    1     1     1
  -2    3   -1   1.114824     0.000000    -0.000000  1.77636e-14   87.41200    0.00000    1     1     1
  -3    1   -2   1.114824     0.000000    -0.000000  1.91319e-14   87.41200    0.00000    1     1     1
  -2   -3   -1   1.114824     0.000000    -0.000000  1.91319e-14   87.41200    0.00000    1     1     1
  -2   -3    1   1.114824     0.000000    -0.000000  1.91319e-14   87.41200    0.00000    1     1     1
  -3   -1   -2   1.114824     0.000000    -0.000000  1.91319e-14   87.41200    0.00000    1     1     1
  -3   -1    2   1.114824     0.000000     0.000000  1.77636e-14   87.41200    0.00000    1     1     1
  -3   -2    1   1.114824     0.000000    -0.000000  1.91319e-14   87.41200    0.00000    1     1     1
  -3   -2   -1   1.114824     0.000000    -0.000000  1.91319e-14   87.41200    0.00000    1     1     1
   2   -1    3   1.114824     0.000000     0.000000  1.86517e-14   87.41200    0.00000    1     1     1
   2    1   -3   1.114824     0.000000     0.000000  1.86517e-14   87.41200    0.00000    1     1     1
   2    3   -1   1.114824     0.000000     0.000000  1.86517e-14   87.41200    0.00000    1     1     1
   2    1    3   1.114824     0.000000     0.000000  1.77636e-14   87.41200    0.00000    1     1     1
   3    1   -2   1.114824     0.000000    -0.000000  1.86517e-14   87.41200    0.00000    1     1     1
   3    1    2   1.114824     0.000000     0.000000  1.86517e-14   87.41200    0.00000    1     1     1
   3   -1    2   1.114824     0.000000     0.000000  1.86517e-14   87.41200    0.00000    1     1     1
   2    3    1   1.114824     0.000000     0.000000  1.77636e-14   87.41200    0.00000    1     1     1
   3    2   -1   1.114824     0.000000     0.000000  1.86517e-14   87.41200    0.00000    1     1     1
   3    2    1   1.114824     0.000000     0.000000  1.86517e-14   87.41200    0.00000    1     1     1
  -3    2    1   1.114824     0.000000     0.000000  1.86517e-14   87.41200    0.00000    1     1     1
  -1   -3    2   1.114824     0.000000     0.000000  1.77636e-14   87.41200    0.00000    1     1     1
  -1    3   -2   1.114824     0.000000    -0.000000  1.77636e-14   87.41200    0.00000    1     1     1
  -3    1    2   1.114824     0.000000     0.000000  1.86517e-14   87.41200    0.00000    1     1     1
  -3    2   -1   1.114824     0.000000     0.000000  1.77636e-14   87.41200    0.00000    1     1     1
   1   -3    2   1.114824     0.000000     0.000000  1.86517e-14   87.41200    0.00000    1     1     1
   1    3   -2   1.114824     0.000000    -0.000000  1.86517e-14   87.41200    0.00000    1     1     1
   3   -2    1   1.114824     0.000000    -0.000000  1.86517e-14   87.41200    0.00000    1     1     1
   3   -2   -1   1.114824     0.000000    -0.000000  1.77636e-14   87.41200    0.00000    1     1     1
   3   -1   -2   1.114824     0.000000    -0.000000  1.77636e-14   87.41200    0.00000    1     1     1
   0   -4    0   1.042822   137.770913    22.895413       139.66   95.23569    5.55047    1     1     1
  -4    0    0   1.042822   137.770913    22.895413       139.66   95.23569    5.55047    1     1     1
   0    0   -4   1.042822   137.770913    22.895413       139.66   95.23569    5.55047    1     1     1
   0    0    4   1.042822   137.770913    22.895413       139.66   95.23569    5.55047    1     1     1
   4    0    0   1.042822   137.770913    22.895413       139.66   95.23569    5.55047    1     1     1
   0    4    0   1.042822   137.770913    22.895413       139.66   95.23569    5.55047    1     1     1
   2    3    2   1.011686    -0.000000     0.000000  2.86429e-14   99.17533    0.00000    1     1     1
  -2   -3   -2   1.011686     0.000000    -0.000000  2.71149e-14   99.17533    0.00000    1     1     1
  -3   -2   -2   1.011686     0.000000    -0.000000  2.71149e-14   99.17533    0.00000    1     1     1
   3    2    2   1.011686    -0.000000     0.000000  2.86429e-14   99.17533    0.00000    1     1     1
  -4   -1    0   1.011686     0.000000    -0.000000  1.00486e-14   99.17533    0.00000    1     1     1
  -4    0    1   1.011686     0.000000     0.000000  7.99361e-15   99.17533    0.00000    1     1     1
  -4    0   -1   1.011686     0.000000    -0.000000  1.00486e-14   99.17533    0.00000    1     1     1
  -1    0   -4   1.011686     0.000000    -0.000000  1.00486e-14   99.17533    0.00000    1     1     1
  -1    0    4   1.011686     0.000000    -0.000000  7.10543e-15   99.17533    0.00000    1     1     1
  -1   -4    0   1.011686     0.000000    -0.000000  1.00486e-14   99.17533    0.00000    1     1     1
  -4    1    0   1.011686     0.000000     0.000000  7.99361e-15   99.17533    0.00000    1     1     1
   0   -1    4   1.011686     0.000000    -0.000000  7.10543e-15   99.17533    0.00000    1     1     1
   0    1   -4   1.011686     0.000000     0.000000  7.99361e-15   99.17533    0.00000    1     1     1
   0    1    4   1.011686    -0.000000     0.000000  1.13742e-14   99.17533    0.00000    1     1     1
   0   -4    1   1.011686     0.000000     0.000000  7.99361e-15   99.17533    0.00000    1     1     1
   0   -1   -4   1.011686     0.000000    -0.000000  1.00486e-14   99.17533    0.00000    1     1     1
   0   -4   -1   1.011686     0.000000    -0.000000  1.00486e-14   99.17533    0.00000    1     1     1
  -1    4    0   1.011686     0.000000    -0.000000  7.10543e-15   99.17533    0.00000    1     1     1
   0    4   -1   1.011686     0.000000    -0.000000  7.10543e-15   99.17533    0.00000    1     1     1
   0    4    1   1.011686    -0.000000     0.000000  1.13742e-14   99.17533    0.00000    1     1     1
   1    0   -4   1.011686     0.000000     0.000000  7.99361e-15   99.17533    0.00000    1     1     1
   1   -4    0   1.011686     0.000000     0.000000  7.99361e-15   99.17533    0.00000    1     1     1
   4   -1    0   1.011686     0.000000    -0.000000  7.10543e-15   99.17533    0.00000    1     1     1
   1    4    0   1.011686    -0.000000     0.000000  1.13742e-14   99.17533    0.00000    1     1     1
   1    0    4   1.011686    -0.000000     0.000000  1.13742e-14   99.17533    0.00000    1     1     1
   4    0   -1   1.011686     0.000000    -0.000000  7.10543e-15   99.17533    0.00000    1     1     1
   4    0    1   1.011686    -0.000000     0.000000  1.13742e-14   99.17533    0.00000    1     1     1
   4    1    0   1.011686    -0.000000     0.000000  1.13742e-14   99.17533    0.00000    1     1     1
  -3    2   -2   1.011686     0.000000    -0.000000  2.58641e-14   99.17533    0.00000    1     1     1
  -3    2    2   1.011686     0.000000    -0.000000   2.4869e-14   99.17533    0.00000    1     1     1
  -2   -3    2   1.011686     0.000000    -0.000000  2.58641e-14   99.17533    0.00000    1     1     1
  -3   -2    2   1.011686     0.000000    -0.000000  2.58641e-14   99.17533    0.00000    1     1     1
  -2   -2   -3   1.011686     0.000000    -0.000000  2.86429e-14   99.17533    0.00000    1     1     1
  -2   -2    3   1.011686     0.000000     0.000000   2.4869e-14   99.17533    0.00000    1     1     1
  -2    2    3   1.011686     0.000000     0.000000   2.4869e-14   99.17533    0.00000    1     1     1
  -2    2   -3   1.011686     0.000000    -0.000000  2.58641e-14   99.17533    0.00000    1     1     1
   2   -3   -2   1.011686     0.000000    -0.000000  2.58641e-14   99.17533    0.00000    1     1     1
   2   -3    2   1.011686     0.000000    -0.000000   2.4869e-14   99.17533    0.00000    1     1     1
  -2    3    2   1.011686     0.000000     0.000000   2.4869e-14   99.17533    0.00000    1     1     1
  -2    3   -2   1.011686     0.000000     0.000000   2.4869e-14   99.17533    0.00000    1     1     1
   2    3   -2   1.011686     0.000000     0.000000   2.4869e-14   99.17533    0.00000    1     1     1
   3   -2   -2   1.011686     0.000000     0.000000   2.4869e-14   99.17533    0.00000    1     1     1
   3   -2    2   1.011686     0.000000     0.000000   2.4869e-14   99.17533    0.00000    1     1     1
   2    2   -3   1.011686     0.000000    -0.000000   2.4869e-14   99.17533    0.00000    1     1     1
   2    2    3   1.011686     0.000000     0.000000   2.4869e-14   99.17533    0.00000    1     1     1
   2   -2    3   1.011686     0.000000     0.000000   2.4869e-14   99.17533    0.00000    1     1     1
   2   -2   -3   1.011686     0.000000    -0.000000  2.58641e-14   99.17533    0.00000    1     1     1
   3    2   -2   1.011686     0.000000     0.000000   2.4869e-14   99.17533    0.00000    1     1     1
  -1   -1   -4   0.983182     0.000000    -0.000000  3.41804e-14  103.15932    0.00000    1     1     1
  -1   -1    4   0.983182     0.000000     0.000000  3.28626e-14  103.15932    0.00000    1     1     1
  -1    1    4   0.983182    -0.000000     0.000000   3.3622e-14  103.15932    0.00000    1     1     1
  -1    1   -4   0.983182     0.000000    -0.000000   3.1888e-14  103.15932    0.00000    1     1     1
   1   -4   -1   0.983182     0.000000    -0.000000   3.1888e-14  103.15932    0.00000    1     1     1
  -1    4    1   0.983182    -0.000000     0.000000   3.3622e-14  103.15932    0.00000    1     1     1
  -1    4   -1   0.983182     0.000000     0.000000  3.28626e-14  103.15932    0.00000    1     1     1
  -4    1    1   0.983182     0.000000    -0.000000  3.19744e-14  103.15932    0.00000    1     1     1
  -1   -4   -1   0.983182     0.000000    -0.000000  3.41804e-14  103.15932    0.00000    1     1     1
  -1   -4    1   0.983182     0.000000    -0.000000   3.1888e-14  103.15932    0.00000    1     1     1
  -4   -1    1   0.983182     0.000000    -0.000000   3.1888e-14  103.15932    0.00000    1     1     1
  -4    1   -1   0.983182     0.000000    -0.000000   3.1888e-14  103.15932    0.00000    1     1     1
  -4   -1   -1   0.983182     0.000000    -0.000000  3.33747e-14  103.15932    0.00000    1     1     1
   1   -4    1   0.983182     0.000000    -0.000000  3.19744e-14  103.15932    0.00000    1     1     1
   1   -1   -4   0.983182     0.000000    -0.000000   3.1888e-14  103.15932    0.00000    1     1     1
   1    1   -4   0.983182     0.000000    -0.000000  3.19744e-14  103.15932    0.00000    1     1     1
   1   -1    4   0.983182    -0.000000     0.000000   3.3622e-14  103.15932    0.00000    1     1     1
   1    4    1   0.983182    -0.000000     0.000000  3.49902e-14  103.15932    0.00000    1     1     1
   1    4   -1   0.983182    -0.000000     0.000000   3.3622e-14  103.15932    0.00000    1     1     1
   1    1    4   0.983182    -0.000000     0.000000  3.49902e-14  103.15932    0.00000    1     1     1
   4   -1   -1   0.983182     0.000000     0.000000  3.37508e-14  103.15932    0.00000    1     1     1
   4   -1    1   0.983182    -0.000000     0.000000   3.3622e-14  103.15932    0.00000    1     1     1
   4    1    1   0.983182    -0.000000     0.000000  3.49902e-14  103.15932    0.00000    1     1     1
   4    1   -1   0.983182    -0.000000     0.000000   3.3622e-14  103.15932    0.00000    1     1     1
  -3   -3    0   0.983182     0.000000     0.000000  8.88178e-16  103.15932    0.00000    1     1     1
  -3    0   -3   0.983182     0.000000     0.000000  8.88178e-16  103.15932    0.00000    1     1     1
  -3    0    3   0.983182     0.000000     0.000000            0  103.15932    0.00000    1     1     1
  -3    3    0   0.983182     0.000000     0.000000            0  103.15932    0.00000    1     1     1
   0   -3   -3   0.983182     0.000000     0.000000  1.77636e-15  103.15932    0.00000    1     1     1
   0    3   -3   0.983182     0.000000     0.000000            0  103.15932    0.00000    1     1     1
   0   -3    3   0.983182     0.000000     0.000000            0  103.15932    0.00000    1     1     1
   3    0   -3   0.983182     0.000000     0.000000            0  103.15932    0.00000    1     1     1
   3   -3    0   0.983182     0.000000     0.000000            0  103.15932    0.00000    1     1     1
   0    3    3   0.983182     0.000000    -0.000000  1.43214e-14  103.15932    0.00000    1     1     1
   3    0    3   0.983182     0.000000    -0.000000  7.16072e-15  103.15932    0.00000    1     1     1
   3    3    0   0.983182     0.000000    -0.000000  7.16072e-15  103.15932    0.00000    1     1     1
  -3   -1    3   0.956959   125.212166    21.929488      127.118  107.20928    4.74459    1     1     1
  -3   -1   -3   0.956959   125.212166    21.929488      127.118  107.20928    4.74459    1     1     1
   3    1   -3   0.956959   125.212166    21.929488      127.118  107.20928    4.74459    1     1     1
   3    1    3   0.956959   125.212166    21.929488      127.118  107.20928    4.74459    1     1     1
  -3   -3   -1   0.956959   125.212166    21.929488      127.118  107.20928    4.74459    1     1     1
  -3   -3    1   0.956959   125.212166    21.929488      127.118  107.20928    4.74459    1     1     1
  -3    1   -3   0.956959   125.212166    21.929488      127.118  107.20928    4.74459    1     1     1
  -3    3   -1   0.956959   125.212166    21.929488      127.118  107.20928    4.74459    1     1     1
  -3    1    3   0.956959   125.212166    21.929488      127.118  107.20928    4.74459    1     1     1
  -1   -3    3   0.956959   125.212166    21.929488      127.118  107.20928    4.74459    1     1     1
  -1    3   -3   0.956959   125.212166    21.929488      127.118  107.20928    4.74459    1     1     1
  -1   -3   -3   0.956959   125.212166    21.929488      127.118  107.20928    4.74459    1     1     1
  -3    3    1   0.956959   125.212166    21.929488      127.118  107.20928    4.74459    1     1     1
   1    3    3   0.956959   125.212166    21.929488      127.118  107.20928    4.74459    1     1     1
   3   -3   -1   0.956959   125.212166    21.929488      127.118  107.20928    4.74459    1     1     1
   3   -3    1   0.956959   125.212166    21.929488      127.118  107.20928    4.74459    1     1     1
   1   -3    3   0.956959   125.212166    21.929488      127.118  107.20928    4.74459    1     1     1
   1    3   -3   0.956959   125.212166    21.929488      127.118  107.20928    4.74459    1     1     1
   1   -3   -3   0.956959   125.212166    21.929488      127.118  107.20928    4.74459    1     1     1
  -1    3    3   0.956959   125.212166    21.929488      127.118  107.20928    4.74459    1     1     1
   3   -1   -3   0.956959   125.212166    21.929488      127.118  107.20928    4.74459    1     1     1
   3   -1    3   0.956959   125.212166    21.929488      127.118  107.20928    4.74459    1     1     1
   3    3    1   0.956959   125.212166    21.929488      127.118  107.20928    4.74459    1     1     1
   3    3   -1   0.956959   125.212166    21.929488      127.118  107.20928    4.74459    1     1     1
  -4    2    0   0.932728   121.441068    21.616656       123.35  111.35012    4.65072    1     1     1
  -2   -4    0   0.932728   121.441068    21.616656       123.35  111.35012    4.65072    1     1     1
  -2    0    4   0.932728   121.441068    21.616656       123.35  111.35012    4.65072    1     1     1
  -2    0   -4   0.932728   121.441068    21.616656       123.35  111.35012    4.65072    1     1     1
   0   -4    2   0.932728   121.441068    21.616656       123.35  111.35012    4.65072    1     1     1
   0   -4   -2   0.932728   121.441068    21.616656       123.35  111.35012    4.65072    1     1     1
  -2    4    0   0.932728   121.441068    21.616656       123.35  111.35012    4.65072    1     1     1
  -4   -2    0   0.932728   121.441068    21.616656       123.35  111.35012    4.65072    1     1     1
  -4    0   -2   0.932728   121.441068    21.616656       123.35  111.35012    4.65072    1     1     1
  -4    0    2   0.932728   121.441068    21.616656       123.35  111.35012    4.65072    1     1     1
   0   -2   -4   0.932728   121.441068    21.616656       123.35  111.35012    4.65072    1     1     1
   0   -2    4   0.932728   121.441068    21.616656       123.35  111.35012    4.65072    1     1     1
   0    2    4   0.932728   121.441068    21.616656       123.35  111.35012    4.65072    1     1     1
   0    2   -4   0.932728   121.441068    21.616656       123.35  111.35012    4.65072    1     1     1
   2   -4    0   0.932728   121.441068    21.616656       123.35  111.35012    4.65072    1     1     1
   2    0   -4   0.932728   121.441068    21.616656       123.35  111.35012    4.65072    1     1     1
   0    4    2   0.932728   121.441068    21.616656       123.35  111.35012    4.65072    1     1     1
   0    4   -2   0.932728   121.441068    21.616656       123.35  111.35012    4.65072    1     1     1
   2    0    4   0.932728   121.441068    21.616656       123.35  111.35012    4.65072    1     1     1
   2    4    0   0.932728   121.441068    21.616656       123.35  111.35012    4.65072    1     1     1
   4    0   -2   0.932728   121.441068    21.616656       123.35  111.35012    4.65072    1     1     1
   4   -2    0   0.932728   121.441068    21.616656       123.35  111.35012    4.65072    1     1     1
   4    0    2   0.932728   121.441068    21.616656       123.35  111.35012    4.65072    1     1     1
   4    2    0   0.932728   121.441068    21.616656       123.35  111.35012    4.65072    1     1     1
  -4   -2    1   0.910250    -0.000000     0.000000  8.74754e-15  115.61167    0.00000    1     1     1
  -4   -1   -2   0.910250     0.000000    -0.000000  6.21725e-15  115.61167    0.00000    1     1     1
  -4   -1    2   0.910250     0.000000    -0.000000  8.74754e-15  115.61167    0.00000    1     1     1
  -4    1   -2   0.910250    -0.000000     0.000000  8.74754e-15  115.61167    0.00000    1     1     1
  -4    1    2   0.910250     0.000000     0.000000  7.10543e-15  115.61167    0.00000    1     1     1
  -4    2   -1   0.910250     0.000000    -0.000000  8.74754e-15  115.61167    0.00000    1     1     1
  -4    2    1   0.910250     0.000000     0.000000  7.10543e-15  115.61167    0.00000    1     1     1
  -2    1    4   0.910250    -0.000000     0.000000  1.00486e-14  115.61167    0.00000    1     1     1
  -2    1   -4   0.910250    -0.000000     0.000000  8.74754e-15  115.61167    0.00000    1     1     1
  -2    4   -1   0.910250     0.000000    -0.000000  7.10543e-15  115.61167    0.00000    1     1     1
  -2   -1   -4   0.910250     0.000000    -0.000000  6.21725e-15  115.61167    0.00000    1     1     1
  -2   -1    4   0.910250     0.000000    -0.000000  7.10543e-15  115.61167    0.00000    1     1     1
  -2   -4    1   0.910250    -0.000000     0.000000  8.74754e-15  115.61167    0.00000    1     1     1
  -2   -4   -1   0.910250     0.000000    -0.000000  6.21725e-15  115.61167    0.00000    1     1     1
  -4   -2   -1   0.910250     0.000000    -0.000000  6.21725e-15  115.61167    0.00000    1     1     1
  -2    4    1   0.910250    -0.000000     0.000000  1.00486e-14  115.61167    0.00000    1     1     1
  -1   -4   -2   0.910250     0.000000    -0.000000  7.94411e-15  115.61167    0.00000    1     1     1
  -1   -2   -4   0.910250     0.000000    -0.000000  7.94411e-15  115.61167    0.00000    1     1     1
  -1   -4    2   0.910250     0.000000    -0.000000  8.74754e-15  115.61167    0.00000    1     1     1
  -1    2    4   0.910250     0.000000    -0.000000  1.06951e-14  115.61167    0.00000    1     1     1
  -1    4    2   0.910250     0.000000    -0.000000  1.06951e-14  115.61167    0.00000    1     1     1
  -1    2   -4   0.910250     0.000000    -0.000000  8.74754e-15  115.61167    0.00000    1     1     1
  -1   -2    4   0.910250     0.000000    -0.000000  7.10543e-15  115.61167    0.00000    1     1     1
   1   -4   -2   0.910250     0.000000     0.000000  7.10543e-15  115.61167    0.00000    1     1     1
   1    2   -4   0.910250     0.000000     0.000000  7.10543e-15  115.61167    0.00000    1     1     1
   1    2    4   0.910250     0.000000     0.000000  7.10543e-15  115.61167    0.00000    1     1     1
   1   -2    4   0.910250    -0.000000     0.000000  1.00486e-14  115.61167    0.00000    1     1     1
   1   -4    2   0.910250     0.000000     0.000000  7.10543e-15  115.61167    0.00000    1     1     1
   1   -2   -4   0.910250     0.000000     0.000000  7.10543e-15  115.61167    0.00000    1     1     1
  -1    4   -2   0.910250     0.000000    -0.000000  7.10543e-15  115.61167    0.00000    1     1     1
   2    1    4   0.910250     0.000000     0.000000  7.10543e-15  115.61167    0.00000    1     1     1
   2    4   -1   0.910250     0.000000    -0.000000  1.06951e-14  115.61167    0.00000    1     1     1
   4   -2   -1   0.910250     0.000000    -0.000000  7.10543e-15  115.61167    0.00000    1     1     1
   2    4    1   0.910250     0.000000     0.000000  7.10543e-15  115.61167    0.00000    1     1     1
   4   -1    2   0.910250     0.000000    -0.000000  1.06951e-14  115.61167    0.00000    1     1     1
   4   -1   -2   0.910250     0.000000    -0.000000  7.10543e-15  115.61167    0.00000    1     1     1
   4   -2    1   0.910250    -0.000000     0.000000  1.00486e-14  115.61167    0.00000    1     1     1
   2   -1   -4   0.910250     0.000000    -0.000000  8.74754e-15  115.61167    0.00000    1     1     1
   2   -1    4   0.910250     0.000000    -0.000000  1.06951e-14  115.61167    0.00000    1     1     1
   2    1   -4   0.910250     0.000000     0.000000  7.10543e-15  115.61167    0.00000    1     1     1
   2   -4   -1   0.910250     0.000000    -0.000000  8.74754e-15  115.61167    0.00000    1     1     1
   2   -4    1   0.910250     0.000000     0.000000  7.10543e-15  115.61167    0.00000    1     1     1
   1    4    2   0.910250     0.000000     0.000000  7.10543e-15  115.61167    0.00000    1     1     1
   1    4   -2   0.910250    -0.000000     0.000000  1.00486e-14  115.61167    0.00000    1     1     1
   4    1    2   0.910250     0.000000     0.000000  7.10543e-15  115.61167    0.00000    1     1     1
   4    2   -1   0.910250     0.000000    -0.000000  1.06951e-14  115.61167    0.00000    1     1     1
   4    1   -2   0.910250    -0.000000     0.000000  1.00486e-14  115.61167    0.00000    1     1     1
   4    2    1   0.910250     0.000000     0.000000  7.10543e-15  115.61167    0.00000    1     1     1
  -3   -2    3   0.889322     0.000000    -0.000000  1.37882e-14  120.03128    0.00000    1     1     1
  -3   -2   -3   0.889322     0.000000    -0.000000  1.37882e-14  120.03128    0.00000    1     1     1
  -3   -3   -2   0.889322     0.000000    -0.000000  1.37882e-14  120.03128    0.00000    1     1     1
   3    2   -3   0.889322    -0.000000     0.000000  1.66874e-14  120.03128    0.00000    1     1     1
   3    2    3   0.889322    -0.000000     0.000000  1.58882e-14  120.03128    0.00000    1     1     1
   3    3    2   0.889322    -0.000000     0.000000  1.58882e-14  120.03128    0.00000    1     1     1
  -3    2   -3   0.889322    -0.000000     0.000000  1.55114e-14  120.03128    0.00000    1     1     1
  -2   -3    3   0.889322     0.000000    -0.000000  1.37882e-14  120.03128    0.00000    1     1     1
  -3    3    2   0.889322    -0.000000     0.000000  1.66874e-14  120.03128    0.00000    1     1     1
  -3   -3    2   0.889322    -0.000000     0.000000  1.55114e-14  120.03128    0.00000    1     1     1
   3   -2   -3   0.889322     0.000000    -0.000000  1.37882e-14  120.03128    0.00000    1     1     1
   3   -3   -2   0.889322     0.000000    -0.000000  1.37882e-14  120.03128    0.00000    1     1     1
   3    3   -2   0.889322     0.000000    -0.000000  1.58882e-14  120.03128    0.00000    1     1     1
   2    3   -3   0.889322    -0.000000     0.000000  1.66874e-14  120.03128    0.00000    1     1     1
   2   -3    3   0.889322    -0.000000     0.000000  1.66874e-14  120.03128    0.00000    1     1     1
   2   -3   -3   0.889322     0.000000     0.000000  1.59872e-14  120.03128    0.00000    1     1     1
   3   -2    3   0.889322     0.000000    -0.000000  1.58882e-14  120.03128    0.00000    1     1     1
  -2    3   -3   0.889322     0.000000    -0.000000  1.37882e-14  120.03128    0.00000    1     1     1
   2    3    3   0.889322    -0.000000     0.000000  1.58882e-14  120.03128    0.00000    1     1     1
   3   -3    2   0.889322    -0.000000     0.000000  1.66874e-14  120.03128    0.00000    1     1     1
  -3    3   -2   0.889322     0.000000    -0.000000  1.37882e-14  120.03128    0.00000    1     1     1
  -2    3    3   0.889322     0.000000    -0.000000  1.58882e-14  120.03128    0.00000    1     1     1
  -3    2    3   0.889322    -0.000000     0.000000  1.66874e-14  120.03128    0.00000    1     1     1
  -2   -3   -3   0.889322     0.000000    -0.000000  1.43214e-14  120.03128    0.00000    1     1     1
