# 	h	k	l	d (Å)	F(real)		F(imag)		|F|			2θ			I			M	ID(λ)	Phase
	-1	-1	0	2.83507	54.03246	9.90486	54.93280	31.53119	100.00000	1	1	1
	-1	0	-1	2.83507	54.03246	9.90486	54.93280	31.53119	100.00000	1	1	1
	0	1	-1	2.83507	54.03246	9.90486	54.93280	31.53119	100.00000	1	1	1
	0	1	1	2.83507	54.03246	9.90486	54.93280	31.53119	100.00000	1	1	1
	1	-1	0	2.83507	54.03246	9.90486	54.93280	31.53119	100.00000	1	1	1
	0	-1	-1	2.83507	54.03246	9.90486	54.93280	31.53119	100.00000	1	1	1
	0	-1	1	2.83507	54.03246	9.90486	54.93280	31.53119	100.00000	1	1	1
	-1	1	0	2.83507	54.03246	9.90486	54.93280	31.53119	100.00000	1	1	1
	-1	0	1	2.83507	54.03246	9.90486	54.93280	31.53119	100.00000	1	1	1
	1	0	-1	2.83507	54.03246	9.90486	54.93280	31.53119	100.00000	1	1	1
	1	0	1	2.83507	54.03246	9.90486	54.93280	31.53119	100.00000	1	1	1
	1	1	0	2.83507	54.03246	9.90486	54.93280	31.53119	100.00000	1	1	1
	-1	-1	-1	2.31483	40.83261	6.43042	41.33590	38.87351	35.83748	1	1	1
	1	1	1	2.31483	40.83261	6.43042	41.33590	38.87351	35.83748	1	1	1
	-1	1	-1	2.31483	40.83261	6.43042	41.33590	38.87351	35.83748	1	1	1
	-1	-1	1	2.31483	40.83261	6.43042	41.33590	38.87351	35.83748	1	1	1
	-1	1	1	2.31483	40.83261	6.43042	41.33590	38.87351	35.83748	1	1	1
	1	-1	-1	2.31483	40.83261	6.43042	41.33590	38.87351	35.83748	1	1	1
	1	1	-1	2.31483	40.83261	6.43042	41.33590	38.87351	35.83748	1	1	1
	1	-1	1	2.31483	40.83261	6.43042	41.33590	38.87351	35.83748	1	1	1
	0	0	-2	2.00470	65.36518	9.72199	66.08420	45.19379	65.38537	1	1	1
	0	-2	0	2.00470	65.36518	9.72199	66.08420	45.19379	65.38537	1	1	1
	-2	0	0	2.00470	65.36518	9.72199	66.08420	45.19379	65.38537	1	1	1
	0	0	2	2.00470	65.36518	9.72199	66.08420	45.19379	65.38537	1	1	1
	0	2	0	2.00470	65.36518	9.72199	66.08420	45.19379	65.38537	1	1	1
	2	0	0	2.00470	65.36518	9.72199	66.08420	45.19379	65.38537	1	1	1
	-2	-1	0	1.79306	18.64653	6.11488	19.62360	50.88426	4.40502	1	1	1
	-2	1	0	1.79306	18.64653	6.11488	19.62360	50.88426	4.40502	1	1	1
	-1	-2	0	1.79306	18.64653	6.11488	19.62360	50.88426	4.40502	1	1	1
	-2	0	1	1.79306	18.64653	6.11488	19.62360	50.88426	4.40502	1	1	1
	-2	0	-1	1.79306	18.64653	6.11488	19.62360	50.88426	4.40502	1	1	1
	0	-2	1	1.79306	18.64653	6.11488	19.62360	50.88426	4.40502	1	1	1
	0	-1	-2	1.79306	18.64653	6.11488	19.62360	50.88426	4.40502	1	1	1
	0	-1	2	1.79306	18.64653	6.11488	19.62360	50.88426	4.40502	1	1	1
	-1	2	0	1.79306	18.64653	6.11488	19.62360	50.88426	4.40502	1	1	1
	0	-2	-1	1.79306	18.64653	6.11488	19.62360	50.88426	4.40502	1	1	1
	-1	0	2	1.79306	18.64653	6.11488	19.62360	50.88426	4.40502	1	1	1
	-1	0	-2	1.79306	18.64653	6.11488	19.62360	50.88426	4.40502	1	1	1
	0	1	-2	1.79306	18.64653	6.11488	19.62360	50.88426	4.40502	1	1	1
	0	1	2	1.79306	18.64653	6.11488	19.62360	50.88426	4.40502	1	1	1
	0	2	1	1.79306	18.64653	6.11488	19.62360	50.88426	4.40502	1	1	1
	0	2	-1	1.79306	18.64653	6.11488	19.62360	50.88426	4.40502	1	1	1
	1	0	2	1.79306	18.64653	6.11488	19.62360	50.88426	4.40502	1	1	1
	1	0	-2	1.79306	18.64653	6.11488	19.62360	50.88426	4.40502	1	1	1
	1	-2	0	1.79306	18.64653	6.11488	19.62360	50.88426	4.40502	1	1	1
	1	2	0	1.79306	18.64653	6.11488	19.62360	50.88426	4.40502	1	1	1
	2	-1	0	1.79306	18.64653	6.11488	19.62360	50.88426	4.40502	1	1	1
	2	0	1	1.79306	18.64653	6.11488	19.62360	50.88426	4.40502	1	1	1
	2	0	-1	1.79306	18.64653	6.11488	19.62360	50.88426	4.40502	1	1	1
	2	1	0	1.79306	18.64653	6.11488	19.62360	50.88426	4.40502	1	1	1
	-2	-1	-1	1.63683	42.08093	9.30748	43.09800	56.14681	16.98425	1	1	1
	-2	-1	1	1.63683	42.08093	9.30748	43.09800	56.14681	16.98425	1	1	1
	-2	1	-1	1.63683	42.08093	9.30748	43.09800	56.14681	16.98425	1	1	1
	-2	1	1	1.63683	42.08093	9.30748	43.09800	56.14681	16.98425	1	1	1
	-1	-2	1	1.63683	42.08093	9.30748	43.09800	56.14681	16.98425	1	1	1
	-1	-2	-1	1.63683	42.08093	9.30748	43.09800	56.14681	16.98425	1	1	1
	-1	1	-2	1.63683	42.08093	9.30748	43.09800	56.14681	16.98425	1	1	1
	-1	1	2	1.63683	42.08093	9.30748	43.09800	56.14681	16.98425	1	1	1
	-1	-1	2	1.63683	42.08093	9.30748	43.09800	56.14681	16.98425	1	1	1
	-1	-1	-2	1.63683	42.08093	9.30748	43.09800	56.14681	16.98425	1	1	1
	1	-1	-2	1.63683	42.08093	9.30748	43.09800	56.14681	16.98425	1	1	1
	1	-1	2	1.63683	42.08093	9.30748	43.09800	56.14681	16.98425	1	1	1
	1	1	-2	1.63683	42.08093	9.30748	43.09800	56.14681	16.98425	1	1	1
	1	-2	-1	1.63683	42.08093	9.30748	43.09800	56.14681	16.98425	1	1	1
	1	-2	1	1.63683	42.08093	9.30748	43.09800	56.14681	16.98425	1	1	1
	-1	2	1	1.63683	42.08093	9.30748	43.09800	56.14681	16.98425	1	1	1
	-1	2	-1	1.63683	42.08093	9.30748	43.09800	56.14681	16.98425	1	1	1
	1	1	2	1.63683	42.08093	9.30748	43.09800	56.14681	16.98425	1	1	1
	1	2	-1	1.63683	42.08093	9.30748	43.09800	56.14681	16.98425	1	1	1
	2	-1	-1	1.63683	42.08093	9.30748	43.09800	56.14681	16.98425	1	1	1
	1	2	1	1.63683	42.08093	9.30748	43.09800	56.14681	16.98425	1	1	1
	2	1	1	1.63683	42.08093	9.30748	43.09800	56.14681	16.98425	1	1	1
	2	1	-1	1.63683	42.08093	9.30748	43.09800	56.14681	16.98425	1	1	1
	2	-1	1	1.63683	42.08093	9.30748	43.09800	56.14681	16.98425	1	1	1
	-2	-2	0	1.41754	50.55241	9.13564	51.37130	65.83145	16.95092	1	1	1
	-2	0	-2	1.41754	50.55241	9.13564	51.37130	65.83145	16.95092	1	1	1
	-2	2	0	1.41754	50.55241	9.13564	51.37130	65.83145	16.95092	1	1	1
	-2	0	2	1.41754	50.55241	9.13564	51.37130	65.83145	16.95092	1	1	1
	0	2	-2	1.41754	50.55241	9.13564	51.37130	65.83145	16.95092	1	1	1
	0	-2	2	1.41754	50.55241	9.13564	51.37130	65.83145	16.95092	1	1	1
	0	-2	-2	1.41754	50.55241	9.13564	51.37130	65.83145	16.95092	1	1	1
	0	2	2	1.41754	50.55241	9.13564	51.37130	65.83145	16.95092	1	1	1
	2	-2	0	1.41754	50.55241	9.13564	51.37130	65.83145	16.95092	1	1	1
	2	0	2	1.41754	50.55241	9.13564	51.37130	65.83145	16.95092	1	1	1
	2	0	-2	1.41754	50.55241	9.13564	51.37130	65.83145	16.95092	1	1	1
	2	2	0	1.41754	50.55241	9.13564	51.37130	65.83145	16.95092	1	1	1
	2	2	1	1.33647	16.39180	5.74608	17.36980	70.39097	1.68623	1	1	1
	-2	-2	-1	1.33647	16.39180	5.74608	17.36980	70.39097	1.68623	1	1	1
	-2	1	-2	1.33647	16.39180	5.74608	17.36980	70.39097	1.68623	1	1	1
	-2	1	2	1.33647	16.39180	5.74608	17.36980	70.39097	1.68623	1	1	1
	-2	2	-1	1.33647	16.39180	5.74608	17.36980	70.39097	1.68623	1	1	1
	-2	-1	-2	1.33647	16.39180	5.74608	17.36980	70.39097	1.68623	1	1	1
	-2	-1	2	1.33647	16.39180	5.74608	17.36980	70.39097	1.68623	1	1	1
	-2	-2	1	1.33647	16.39180	5.74608	17.36980	70.39097	1.68623	1	1	1
	-3	0	0	1.33647	16.39180	5.74608	17.36980	70.39097	1.68623	1	1	1
	0	0	3	1.33647	16.39180	5.74608	17.36980	70.39097	1.68623	1	1	1
	0	3	0	1.33647	16.39180	5.74608	17.36980	70.39097	1.68623	1	1	1
	1	-2	2	1.33647	16.39180	5.74608	17.36980	70.39097	1.68623	1	1	1
	1	-2	-2	1.33647	16.39180	5.74608	17.36980	70.39097	1.68623	1	1	1
	2	-2	-1	1.33647	16.39180	5.74608	17.36980	70.39097	1.68623	1	1	1
	1	2	2	1.33647	16.39180	5.74608	17.36980	70.39097	1.68623	1	1	1
	1	2	-2	1.33647	16.39180	5.74608	17.36980	70.39097	1.68623	1	1	1
	-1	2	2	1.33647	16.39180	5.74608	17.36980	70.39097	1.68623	1	1	1
	0	-3	0	1.33647	16.39180	5.74608	17.36980	70.39097	1.68623	1	1	1
	0	0	-3	1.33647	16.39180	5.74608	17.36980	70.39097	1.68623	1	1	1
	-1	-2	2	1.33647	16.39180	5.74608	17.36980	70.39097	1.68623	1	1	1
	-1	2	-2	1.33647	16.39180	5.74608	17.36980	70.39097	1.68623	1	1	1
	-1	-2	-2	1.33647	16.39180	5.74608	17.36980	70.39097	1.68623	1	1	1
	-2	2	1	1.33647	16.39180	5.74608	17.36980	70.39097	1.68623	1	1	1
	2	-2	1	1.33647	16.39180	5.74608	17.36980	70.39097	1.68623	1	1	1
	2	-1	-2	1.33647	16.39180	5.74608	17.36980	70.39097	1.68623	1	1	1
	2	1	-2	1.33647	16.39180	5.74608	17.36980	70.39097	1.68623	1	1	1
	2	-1	2	1.33647	16.39180	5.74608	17.36980	70.39097	1.68623	1	1	1
	2	1	2	1.33647	16.39180	5.74608	17.36980	70.39097	1.68623	1	1	1
	2	2	-1	1.33647	16.39180	5.74608	17.36980	70.39097	1.68623	1	1	1
	3	0	0	1.33647	16.39180	5.74608	17.36980	70.39097	1.68623	1	1	1
	-3	-1	0	1.26788	34.96355	8.74613	36.04090	74.82442	6.45572	1	1	1
	-1	0	-3	1.26788	34.96355	8.74613	36.04090	74.82442	6.45572	1	1	1
	-1	0	3	1.26788	34.96355	8.74613	36.04090	74.82442	6.45572	1	1	1
	-1	3	0	1.26788	34.96355	8.74613	36.04090	74.82442	6.45572	1	1	1
	-3	1	0	1.26788	34.96355	8.74613	36.04090	74.82442	6.45572	1	1	1
	-1	-3	0	1.26788	34.96355	8.74613	36.04090	74.82442	6.45572	1	1	1
	-3	0	1	1.26788	34.96355	8.74613	36.04090	74.82442	6.45572	1	1	1
	-3	0	-1	1.26788	34.96355	8.74613	36.04090	74.82442	6.45572	1	1	1
	0	3	1	1.26788	34.96355	8.74613	36.04090	74.82442	6.45572	1	1	1
	1	-3	0	1.26788	34.96355	8.74613	36.04090	74.82442	6.45572	1	1	1
	1	0	3	1.26788	34.96355	8.74613	36.04090	74.82442	6.45572	1	1	1
	1	0	-3	1.26788	34.96355	8.74613	36.04090	74.82442	6.45572	1	1	1
	3	0	-1	1.26788	34.96355	8.74613	36.04090	74.82442	6.45572	1	1	1
	3	-1	0	1.26788	34.96355	8.74613	36.04090	74.82442	6.45572	1	1	1
	1	3	0	1.26788	34.96355	8.74613	36.04090	74.82442	6.45572	1	1	1
	0	1	-3	1.26788	34.96355	8.74613	36.04090	74.82442	6.45572	1	1	1
	0	1	3	1.26788	34.96355	8.74613	36.04090	74.82442	6.45572	1	1	1
	0	3	-1	1.26788	34.96355	8.74613	36.04090	74.82442	6.45572	1	1	1
	0	-1	-3	1.26788	34.96355	8.74613	36.04090	74.82442	6.45572	1	1	1
	0	-1	3	1.26788	34.96355	8.74613	36.04090	74.82442	6.45572	1	1	1
	0	-3	1	1.26788	34.96355	8.74613	36.04090	74.82442	6.45572	1	1	1
	0	-3	-1	1.26788	34.96355	8.74613	36.04090	74.82442	6.45572	1	1	1
	3	0	1	1.26788	34.96355	8.74613	36.04090	74.82442	6.45572	1	1	1
	3	1	0	1.26788	34.96355	8.74613	36.04090	74.82442	6.45572	1	1	1
	-1	-3	-1	1.20888	25.35232	5.67815	25.98040	79.16650	3.04534	1	1	1
	-3	-1	-1	1.20888	25.35232	5.67815	25.98040	79.16650	3.04534	1	1	1
	1	1	-3	1.20888	25.35232	5.67815	25.98040	79.16650	3.04534	1	1	1
	1	1	3	1.20888	25.35232	5.67815	25.98040	79.16650	3.04534	1	1	1
	-1	-1	3	1.20888	25.35232	5.67815	25.98040	79.16650	3.04534	1	1	1
	-1	-1	-3	1.20888	25.35232	5.67815	25.98040	79.16650	3.04534	1	1	1
	1	3	1	1.20888	25.35232	5.67815	25.98040	79.16650	3.04534	1	1	1
	3	1	1	1.20888	25.35232	5.67815	25.98040	79.16650	3.04534	1	1	1
	-3	1	1	1.20888	25.35232	5.67815	25.98040	79.16650	3.04534	1	1	1
	-1	-3	1	1.20888	25.35232	5.67815	25.98040	79.16650	3.04534	1	1	1
	-1	1	-3	1.20888	25.35232	5.67815	25.98040	79.16650	3.04534	1	1	1
	-3	-1	1	1.20888	25.35232	5.67815	25.98040	79.16650	3.04534	1	1	1
	-3	1	-1	1.20888	25.35232	5.67815	25.98040	79.16650	3.04534	1	1	1
	-1	1	3	1.20888	25.35232	5.67815	25.98040	79.16650	3.04534	1	1	1
	-1	3	-1	1.20888	25.35232	5.67815	25.98040	79.16650	3.04534	1	1	1
	1	-3	-1	1.20888	25.35232	5.67815	25.98040	79.16650	3.04534	1	1	1
	-1	3	1	1.20888	25.35232	5.67815	25.98040	79.16650	3.04534	1	1	1
	1	-1	3	1.20888	25.35232	5.67815	25.98040	79.16650	3.04534	1	1	1
	1	-1	-3	1.20888	25.35232	5.67815	25.98040	79.16650	3.04534	1	1	1
	1	-3	1	1.20888	25.35232	5.67815	25.98040	79.16650	3.04534	1	1	1
	1	3	-1	1.20888	25.35232	5.67815	25.98040	79.16650	3.04534	1	1	1
	3	-1	-1	1.20888	25.35232	5.67815	25.98040	79.16650	3.04534	1	1	1
	3	1	-1	1.20888	25.35232	5.67815	25.98040	79.16650	3.04534	1	1	1
	3	-1	1	1.20888	25.35232	5.67815	25.98040	79.16650	3.04534	1	1	1
	-2	-2	-2	1.15741	41.53157	8.58465	42.40950	83.44635	7.51549	1	1	1
	2	2	2	1.15741	41.53157	8.58465	42.40950	83.44635	7.51549	1	1	1
	-2	-2	2	1.15741	41.53157	8.58465	42.40950	83.44635	7.51549	1	1	1
	-2	2	-2	1.15741	41.53157	8.58465	42.40950	83.44635	7.51549	1	1	1
	-2	2	2	1.15741	41.53157	8.58465	42.40950	83.44635	7.51549	1	1	1
	2	-2	2	1.15741	41.53157	8.58465	42.40950	83.44635	7.51549	1	1	1
	2	-2	-2	1.15741	41.53157	8.58465	42.40950	83.44635	7.51549	1	1	1
	2	2	-2	1.15741	41.53157	8.58465	42.40950	83.44635	7.51549	1	1	1
	-3	0	-2	1.11201	14.54611	5.39953	15.51590	87.68971	0.95016	1	1	1
	0	-3	-2	1.11201	14.54611	5.39953	15.51590	87.68971	0.95016	1	1	1
	-3	-2	0	1.11201	14.54611	5.39953	15.51590	87.68971	0.95016	1	1	1
	-3	2	0	1.11201	14.54611	5.39953	15.51590	87.68971	0.95016	1	1	1
	-2	-3	0	1.11201	14.54611	5.39953	15.51590	87.68971	0.95016	1	1	1
	-2	0	-3	1.11201	14.54611	5.39953	15.51590	87.68971	0.95016	1	1	1
	3	2	0	1.11201	14.54611	5.39953	15.51590	87.68971	0.95016	1	1	1
	-3	0	2	1.11201	14.54611	5.39953	15.51590	87.68971	0.95016	1	1	1
	3	0	2	1.11201	14.54611	5.39953	15.51590	87.68971	0.95016	1	1	1
	0	3	2	1.11201	14.54611	5.39953	15.51590	87.68971	0.95016	1	1	1
	0	3	-2	1.11201	14.54611	5.39953	15.51590	87.68971	0.95016	1	1	1
	2	-3	0	1.11201	14.54611	5.39953	15.51590	87.68971	0.95016	1	1	1
	2	0	3	1.11201	14.54611	5.39953	15.51590	87.68971	0.95016	1	1	1
	2	0	-3	1.11201	14.54611	5.39953	15.51590	87.68971	0.95016	1	1	1
	3	0	-2	1.11201	14.54611	5.39953	15.51590	87.68971	0.95016	1	1	1
	3	-2	0	1.11201	14.54611	5.39953	15.51590	87.68971	0.95016	1	1	1
	2	3	0	1.11201	14.54611	5.39953	15.51590	87.68971	0.95016	1	1	1
	0	-2	3	1.11201	14.54611	5.39953	15.51590	87.68971	0.95016	1	1	1
	0	2	-3	1.11201	14.54611	5.39953	15.51590	87.68971	0.95016	1	1	1
	0	2	3	1.11201	14.54611	5.39953	15.51590	87.68971	0.95016	1	1	1
	0	-3	2	1.11201	14.54611	5.39953	15.51590	87.68971	0.95016	1	1	1
	0	-2	-3	1.11201	14.54611	5.39953	15.51590	87.68971	0.95016	1	1	1
	-2	3	0	1.11201	14.54611	5.39953	15.51590	87.68971	0.95016	1	1	1
	-2	0	3	1.11201	14.54611	5.39953	15.51590	87.68971	0.95016	1	1	1
	-1	-2	3	1.07156	29.88068	8.21863	30.99030	91.92039	3.64983	1	1	1
	-1	2	-3	1.07156	29.88068	8.21863	30.99030	91.92039	3.64983	1	1	1
	-1	3	2	1.07156	29.88068	8.21863	30.99030	91.92039	3.64983	1	1	1
	-1	2	3	1.07156	29.88068	8.21863	30.99030	91.92039	3.64983	1	1	1
	1	-2	3	1.07156	29.88068	8.21863	30.99030	91.92039	3.64983	1	1	1
	1	-2	-3	1.07156	29.88068	8.21863	30.99030	91.92039	3.64983	1	1	1
	1	-3	-2	1.07156	29.88068	8.21863	30.99030	91.92039	3.64983	1	1	1
	2	-3	1	1.07156	29.88068	8.21863	30.99030	91.92039	3.64983	1	1	1
	2	-1	-3	1.07156	29.88068	8.21863	30.99030	91.92039	3.64983	1	1	1
	2	-1	3	1.07156	29.88068	8.21863	30.99030	91.92039	3.64983	1	1	1
	1	3	2	1.07156	29.88068	8.21863	30.99030	91.92039	3.64983	1	1	1
	2	-3	-1	1.07156	29.88068	8.21863	30.99030	91.92039	3.64983	1	1	1
	1	2	3	1.07156	29.88068	8.21863	30.99030	91.92039	3.64983	1	1	1
	1	2	-3	1.07156	29.88068	8.21863	30.99030	91.92039	3.64983	1	1	1
	-2	-1	3	1.07156	29.88068	8.21863	30.99030	91.92039	3.64983	1	1	1
	-2	1	-3	1.07156	29.88068	8.21863	30.99030	91.92039	3.64983	1	1	1
	-2	3	-1	1.07156	29.88068	8.21863	30.99030	91.92039	3.64983	1	1	1
	-2	1	3	1.07156	29.88068	8.21863	30.99030	91.92039	3.64983	1	1	1
	-1	-2	-3	1.07156	29.88068	8.21863	30.99030	91.92039	3.64983	1	1	1
	-1	-3	-2	1.07156	29.88068	8.21863	30.99030	91.92039	3.64983	1	1	1
	-2	3	1	1.07156	29.88068	8.21863	30.99030	91.92039	3.64983	1	1	1
	-2	-3	-1	1.07156	29.88068	8.21863	30.99030	91.92039	3.64983	1	1	1
	-2	-3	1	1.07156	29.88068	8.21863	30.99030	91.92039	3.64983	1	1	1
	-2	-1	-3	1.07156	29.88068	8.21863	30.99030	91.92039	3.64983	1	1	1
	-3	-1	-2	1.07156	29.88068	8.21863	30.99030	91.92039	3.64983	1	1	1
	-3	1	-2	1.07156	29.88068	8.21863	30.99030	91.92039	3.64983	1	1	1
	-3	-2	1	1.07156	29.88068	8.21863	30.99030	91.92039	3.64983	1	1	1
	-3	-2	-1	1.07156	29.88068	8.21863	30.99030	91.92039	3.64983	1	1	1
	2	1	-3	1.07156	29.88068	8.21863	30.99030	91.92039	3.64983	1	1	1
	2	1	3	1.07156	29.88068	8.21863	30.99030	91.92039	3.64983	1	1	1
	2	3	1	1.07156	29.88068	8.21863	30.99030	91.92039	3.64983	1	1	1
	2	3	-1	1.07156	29.88068	8.21863	30.99030	91.92039	3.64983	1	1	1
	3	2	-1	1.07156	29.88068	8.21863	30.99030	91.92039	3.64983	1	1	1
	3	2	1	1.07156	29.88068	8.21863	30.99030	91.92039	3.64983	1	1	1
	3	1	2	1.07156	29.88068	8.21863	30.99030	91.92039	3.64983	1	1	1
	3	-1	2	1.07156	29.88068	8.21863	30.99030	91.92039	3.64983	1	1	1
	-1	-3	2	1.07156	29.88068	8.21863	30.99030	91.92039	3.64983	1	1	1
	-1	3	-2	1.07156	29.88068	8.21863	30.99030	91.92039	3.64983	1	1	1
	1	-3	2	1.07156	29.88068	8.21863	30.99030	91.92039	3.64983	1	1	1
	-3	2	-1	1.07156	29.88068	8.21863	30.99030	91.92039	3.64983	1	1	1
	-3	2	1	1.07156	29.88068	8.21863	30.99030	91.92039	3.64983	1	1	1
	-3	1	2	1.07156	29.88068	8.21863	30.99030	91.92039	3.64983	1	1	1
	-3	-1	2	1.07156	29.88068	8.21863	30.99030	91.92039	3.64983	1	1	1
	1	3	-2	1.07156	29.88068	8.21863	30.99030	91.92039	3.64983	1	1	1
	3	-2	-1	1.07156	29.88068	8.21863	30.99030	91.92039	3.64983	1	1	1
	3	-1	-2	1.07156	29.88068	8.21863	30.99030	91.92039	3.64983	1	1	1
	3	-2	1	1.07156	29.88068	8.21863	30.99030	91.92039	3.64983	1	1	1
	3	1	-2	1.07156	29.88068	8.21863	30.99030	91.92039	3.64983	1	1	1
	0	-4	0	1.00235	35.25473	8.06690	36.16590	100.43706	4.87484	1	1	1
	-4	0	0	1.00235	35.25473	8.06690	36.16590	100.43706	4.87484	1	1	1
	0	0	-4	1.00235	35.25473	8.06690	36.16590	100.43706	4.87484	1	1	1
	0	0	4	1.00235	35.25473	8.06690	36.16590	100.43706	4.87484	1	1	1
	4	0	0	1.00235	35.25473	8.06690	36.16590	100.43706	4.87484	1	1	1
	0	4	0	1.00235	35.25473	8.06690	36.16590	100.43706	4.87484	1	1	1
	-3	-2	-2	0.97242	12.86575	5.07387	13.83010	104.77226	0.72532	1	1	1
	3	2	2	0.97242	12.86575	5.07387	13.83010	104.77226	0.72532	1	1	1
	-4	-1	0	0.97242	12.86575	5.07387	13.83010	104.77226	0.72532	1	1	1
	-1	0	-4	0.97242	12.86575	5.07387	13.83010	104.77226	0.72532	1	1	1
	-1	0	4	0.97242	12.86575	5.07387	13.83010	104.77226	0.72532	1	1	1
	0	-4	-1	0.97242	12.86575	5.07387	13.83010	104.77226	0.72532	1	1	1
	-1	4	0	0.97242	12.86575	5.07387	13.83010	104.77226	0.72532	1	1	1
	0	-1	4	0.97242	12.86575	5.07387	13.83010	104.77226	0.72532	1	1	1
	0	-1	-4	0.97242	12.86575	5.07387	13.83010	104.77226	0.72532	1	1	1
	0	-4	1	0.97242	12.86575	5.07387	13.83010	104.77226	0.72532	1	1	1
	1	-4	0	0.97242	12.86575	5.07387	13.83010	104.77226	0.72532	1	1	1
	1	0	-4	0.97242	12.86575	5.07387	13.83010	104.77226	0.72532	1	1	1
	1	0	4	0.97242	12.86575	5.07387	13.83010	104.77226	0.72532	1	1	1
	0	4	-1	0.97242	12.86575	5.07387	13.83010	104.77226	0.72532	1	1	1
	0	4	1	0.97242	12.86575	5.07387	13.83010	104.77226	0.72532	1	1	1
	0	1	4	0.97242	12.86575	5.07387	13.83010	104.77226	0.72532	1	1	1
	0	1	-4	0.97242	12.86575	5.07387	13.83010	104.77226	0.72532	1	1	1
	-2	-2	-3	0.97242	12.86575	5.07387	13.83010	104.77226	0.72532	1	1	1
	-2	-2	3	0.97242	12.86575	5.07387	13.83010	104.77226	0.72532	1	1	1
	-2	2	3	0.97242	12.86575	5.07387	13.83010	104.77226	0.72532	1	1	1
	-2	2	-3	0.97242	12.86575	5.07387	13.83010	104.77226	0.72532	1	1	1
	-1	-4	0	0.97242	12.86575	5.07387	13.83010	104.77226	0.72532	1	1	1
	-2	3	2	0.97242	12.86575	5.07387	13.83010	104.77226	0.72532	1	1	1
	-2	3	-2	0.97242	12.86575	5.07387	13.83010	104.77226	0.72532	1	1	1
	-3	2	-2	0.97242	12.86575	5.07387	13.83010	104.77226	0.72532	1	1	1
	-3	2	2	0.97242	12.86575	5.07387	13.83010	104.77226	0.72532	1	1	1
	-2	-3	2	0.97242	12.86575	5.07387	13.83010	104.77226	0.72532	1	1	1
	-2	-3	-2	0.97242	12.86575	5.07387	13.83010	104.77226	0.72532	1	1	1
	-4	1	0	0.97242	12.86575	5.07387	13.83010	104.77226	0.72532	1	1	1
	-3	-2	2	0.97242	12.86575	5.07387	13.83010	104.77226	0.72532	1	1	1
	-4	0	1	0.97242	12.86575	5.07387	13.83010	104.77226	0.72532	1	1	1
	-4	0	-1	0.97242	12.86575	5.07387	13.83010	104.77226	0.72532	1	1	1
	1	4	0	0.97242	12.86575	5.07387	13.83010	104.77226	0.72532	1	1	1
	2	-3	-2	0.97242	12.86575	5.07387	13.83010	104.77226	0.72532	1	1	1
	2	-2	-3	0.97242	12.86575	5.07387	13.83010	104.77226	0.72532	1	1	1
	2	-3	2	0.97242	12.86575	5.07387	13.83010	104.77226	0.72532	1	1	1
	2	2	3	0.97242	12.86575	5.07387	13.83010	104.77226	0.72532	1	1	1
	2	3	-2	0.97242	12.86575	5.07387	13.83010	104.77226	0.72532	1	1	1
	2	2	-3	0.97242	12.86575	5.07387	13.83010	104.77226	0.72532	1	1	1
	2	-2	3	0.97242	12.86575	5.07387	13.83010	104.77226	0.72532	1	1	1
	4	-1	0	0.97242	12.86575	5.07387	13.83010	104.77226	0.72532	1	1	1
	4	0	-1	0.97242	12.86575	5.07387	13.83010	104.77226	0.72532	1	1	1
	4	0	1	0.97242	12.86575	5.07387	13.83010	104.77226	0.72532	1	1	1
	3	-2	2	0.97242	12.86575	5.07387	13.83010	104.77226	0.72532	1	1	1
	3	2	-2	0.97242	12.86575	5.07387	13.83010	104.77226	0.72532	1	1	1
	3	-2	-2	0.97242	12.86575	5.07387	13.83010	104.77226	0.72532	1	1	1
	2	3	2	0.97242	12.86575	5.07387	13.83010	104.77226	0.72532	1	1	1
	4	1	0	0.97242	12.86575	5.07387	13.83010	104.77226	0.72532	1	1	1
	-1	-1	-4	0.94503	25.95344	7.72295	27.07810	109.19594	2.87860	1	1	1
	-1	-1	4	0.94503	25.95344	7.72295	27.07810	109.19594	2.87860	1	1	1
	-1	1	4	0.94503	25.95344	7.72295	27.07810	109.19594	2.87860	1	1	1
	-1	1	-4	0.94503	25.95344	7.72295	27.07810	109.19594	2.87860	1	1	1
	1	-4	-1	0.94503	25.95344	7.72295	27.07810	109.19594	2.87860	1	1	1
	-1	4	1	0.94503	25.95344	7.72295	27.07810	109.19594	2.87860	1	1	1
	-1	4	-1	0.94503	25.95344	7.72295	27.07810	109.19594	2.87860	1	1	1
	-4	1	1	0.94503	25.95344	7.72295	27.07810	109.19594	2.87860	1	1	1
	-1	-4	-1	0.94503	25.95344	7.72295	27.07810	109.19594	2.87860	1	1	1
	-1	-4	1	0.94503	25.95344	7.72295	27.07810	109.19594	2.87860	1	1	1
	-4	-1	1	0.94503	25.95344	7.72295	27.07810	109.19594	2.87860	1	1	1
	-4	1	-1	0.94503	25.95344	7.72295	27.07810	109.19594	2.87860	1	1	1
	-4	-1	-1	0.94503	25.95344	7.72295	27.07810	109.19594	2.87860	1	1	1
	1	-4	1	0.94503	25.95344	7.72295	27.07810	109.19594	2.87860	1	1	1
	1	-1	-4	0.94503	25.95344	7.72295	27.07810	109.19594	2.87860	1	1	1
	1	1	-4	0.94503	25.95344	7.72295	27.07810	109.19594	2.87860	1	1	1
	1	-1	4	0.94503	25.95344	7.72295	27.07810	109.19594	2.87860	1	1	1
	1	4	1	0.94503	25.95344	7.72295	27.07810	109.19594	2.87860	1	1	1
	1	4	-1	0.94503	25.95344	7.72295	27.07810	109.19594	2.87860	1	1	1
	1	1	4	0.94503	25.95344	7.72295	27.07810	109.19594	2.87860	1	1	1
	4	-1	-1	0.94503	25.95344	7.72295	27.07810	109.19594	2.87860	1	1	1
	4	-1	1	0.94503	25.95344	7.72295	27.07810	109.19594	2.87860	1	1	1
	4	1	1	0.94503	25.95344	7.72295	27.07810	109.19594	2.87860	1	1	1
	4	1	-1	0.94503	25.95344	7.72295	27.07810	109.19594	2.87860	1	1	1
	-3	-3	0	0.94503	25.95344	7.72295	27.07810	109.19594	2.87860	1	1	1
	-3	0	-3	0.94503	25.95344	7.72295	27.07810	109.19594	2.87860	1	1	1
	-3	0	3	0.94503	25.95344	7.72295	27.07810	109.19594	2.87860	1	1	1
	-3	3	0	0.94503	25.95344	7.72295	27.07810	109.19594	2.87860	1	1	1
	0	-3	-3	0.94503	25.95344	7.72295	27.07810	109.19594	2.87860	1	1	1
	0	3	-3	0.94503	25.95344	7.72295	27.07810	109.19594	2.87860	1	1	1
	0	-3	3	0.94503	25.95344	7.72295	27.07810	109.19594	2.87860	1	1	1
	3	0	-3	0.94503	25.95344	7.72295	27.07810	109.19594	2.87860	1	1	1
	3	-3	0	0.94503	25.95344	7.72295	27.07810	109.19594	2.87860	1	1	1
	0	3	3	0.94503	25.95344	7.72295	27.07810	109.19594	2.87860	1	1	1
	3	0	3	0.94503	25.95344	7.72295	27.07810	109.19594	2.87860	1	1	1
	3	3	0	0.94503	25.95344	7.72295	27.07810	109.19594	2.87860	1	1	1
	-3	-3	1	0.91982	18.59460	5.01389	19.25870	113.74219	1.53349	1	1	1
	-3	-3	-1	0.91982	18.59460	5.01389	19.25870	113.74219	1.53349	1	1	1
	-3	1	-3	0.91982	18.59460	5.01389	19.25870	113.74219	1.53349	1	1	1
	-3	-1	3	0.91982	18.59460	5.01389	19.25870	113.74219	1.53349	1	1	1
	-3	-1	-3	0.91982	18.59460	5.01389	19.25870	113.74219	1.53349	1	1	1
	-3	1	3	0.91982	18.59460	5.01389	19.25870	113.74219	1.53349	1	1	1
	-3	3	-1	0.91982	18.59460	5.01389	19.25870	113.74219	1.53349	1	1	1
	-1	-3	-3	0.91982	18.59460	5.01389	19.25870	113.74219	1.53349	1	1	1
	-3	3	1	0.91982	18.59460	5.01389	19.25870	113.74219	1.53349	1	1	1
	-1	3	3	0.91982	18.59460	5.01389	19.25870	113.74219	1.53349	1	1	1
	1	-3	-3	0.91982	18.59460	5.01389	19.25870	113.74219	1.53349	1	1	1
	-1	3	-3	0.91982	18.59460	5.01389	19.25870	113.74219	1.53349	1	1	1
	-1	-3	3	0.91982	18.59460	5.01389	19.25870	113.74219	1.53349	1	1	1
	3	-3	1	0.91982	18.59460	5.01389	19.25870	113.74219	1.53349	1	1	1
	3	-1	-3	0.91982	18.59460	5.01389	19.25870	113.74219	1.53349	1	1	1
	3	-1	3	0.91982	18.59460	5.01389	19.25870	113.74219	1.53349	1	1	1
	1	3	3	0.91982	18.59460	5.01389	19.25870	113.74219	1.53349	1	1	1
	3	-3	-1	0.91982	18.59460	5.01389	19.25870	113.74219	1.53349	1	1	1
	1	3	-3	0.91982	18.59460	5.01389	19.25870	113.74219	1.53349	1	1	1
	1	-3	3	0.91982	18.59460	5.01389	19.25870	113.74219	1.53349	1	1	1
	3	1	-3	0.91982	18.59460	5.01389	19.25870	113.74219	1.53349	1	1	1
	3	1	3	0.91982	18.59460	5.01389	19.25870	113.74219	1.53349	1	1	1
	3	3	1	0.91982	18.59460	5.01389	19.25870	113.74219	1.53349	1	1	1
	3	3	-1	0.91982	18.59460	5.01389	19.25870	113.74219	1.53349	1	1	1
	-4	2	0	0.89653	30.54453	7.58036	31.47110	118.45342	4.38749	1	1	1
	-2	-4	0	0.89653	30.54453	7.58036	31.47110	118.45342	4.38749	1	1	1
	-2	0	4	0.89653	30.54453	7.58036	31.47110	118.45342	4.38749	1	1	1
	-2	0	-4	0.89653	30.54453	7.58036	31.47110	118.45342	4.38749	1	1	1
	0	-4	2	0.89653	30.54453	7.58036	31.47110	118.45342	4.38749	1	1	1
	0	-4	-2	0.89653	30.54453	7.58036	31.47110	118.45342	4.38749	1	1	1
	-2	4	0	0.89653	30.54453	7.58036	31.47110	118.45342	4.38749	1	1	1
	-4	-2	0	0.89653	30.54453	7.58036	31.47110	118.45342	4.38749	1	1	1
	-4	0	-2	0.89653	30.54453	7.58036	31.47110	118.45342	4.38749	1	1	1
	-4	0	2	0.89653	30.54453	7.58036	31.47110	118.45342	4.38749	1	1	1
	0	-2	-4	0.89653	30.54453	7.58036	31.47110	118.45342	4.38749	1	1	1
	0	-2	4	0.89653	30.54453	7.58036	31.47110	118.45342	4.38749	1	1	1
	0	2	4	0.89653	30.54453	7.58036	31.47110	118.45342	4.38749	1	1	1
	0	2	-4	0.89653	30.54453	7.58036	31.47110	118.45342	4.38749	1	1	1
	2	-4	0	0.89653	30.54453	7.58036	31.47110	118.45342	4.38749	1	1	1
	2	0	-4	0.89653	30.54453	7.58036	31.47110	118.45342	4.38749	1	1	1
	0	4	2	0.89653	30.54453	7.58036	31.47110	118.45342	4.38749	1	1	1
	0	4	-2	0.89653	30.54453	7.58036	31.47110	118.45342	4.38749	1	1	1
	2	0	4	0.89653	30.54453	7.58036	31.47110	118.45342	4.38749	1	1	1
	2	4	0	0.89653	30.54453	7.58036	31.47110	118.45342	4.38749	1	1	1
	4	0	-2	0.89653	30.54453	7.58036	31.47110	118.45342	4.38749	1	1	1
	4	-2	0	0.89653	30.54453	7.58036	31.47110	118.45342	4.38749	1	1	1
	4	0	2	0.89653	30.54453	7.58036	31.47110	118.45342	4.38749	1	1	1
	4	2	0	0.89653	30.54453	7.58036	31.47110	118.45342	4.38749	1	1	1
	-4	-2	1	0.87492	11.34828	4.76785	12.30920	123.38529	0.73231	1	1	1
	-4	-1	-2	0.87492	11.34828	4.76785	12.30920	123.38529	0.73231	1	1	1
	-4	-1	2	0.87492	11.34828	4.76785	12.30920	123.38529	0.73231	1	1	1
	-4	1	-2	0.87492	11.34828	4.76785	12.30920	123.38529	0.73231	1	1	1
	-4	1	2	0.87492	11.34828	4.76785	12.30920	123.38529	0.73231	1	1	1
	-4	2	-1	0.87492	11.34828	4.76785	12.30920	123.38529	0.73231	1	1	1
	-4	2	1	0.87492	11.34828	4.76785	12.30920	123.38529	0.73231	1	1	1
	-2	1	4	0.87492	11.34828	4.76785	12.30920	123.38529	0.73231	1	1	1
	-2	1	-4	0.87492	11.34828	4.76785	12.30920	123.38529	0.73231	1	1	1
	-2	4	-1	0.87492	11.34828	4.76785	12.30920	123.38529	0.73231	1	1	1
	-2	-1	-4	0.87492	11.34828	4.76785	12.30920	123.38529	0.73231	1	1	1
	-2	-1	4	0.87492	11.34828	4.76785	12.30920	123.38529	0.73231	1	1	1
	-2	-4	1	0.87492	11.34828	4.76785	12.30920	123.38529	0.73231	1	1	1
	-2	-4	-1	0.87492	11.34828	4.76785	12.30920	123.38529	0.73231	1	1	1
	-4	-2	-1	0.87492	11.34828	4.76785	12.30920	123.38529	0.73231	1	1	1
	-2	4	1	0.87492	11.34828	4.76785	12.30920	123.38529	0.73231	1	1	1
	-1	-4	-2	0.87492	11.34828	4.76785	12.30920	123.38529	0.73231	1	1	1
	-1	-2	-4	0.87492	11.34828	4.76785	12.30920	123.38529	0.73231	1	1	1
	-1	-4	2	0.87492	11.34828	4.76785	12.30920	123.38529	0.73231	1	1	1
	-1	2	4	0.87492	11.34828	4.76785	12.30920	123.38529	0.73231	1	1	1
	-1	4	2	0.87492	11.34828	4.76785	12.30920	123.38529	0.73231	1	1	1
	-1	2	-4	0.87492	11.34828	4.76785	12.30920	123.38529	0.73231	1	1	1
	-1	-2	4	0.87492	11.34828	4.76785	12.30920	123.38529	0.73231	1	1	1
	1	-4	-2	0.87492	11.34828	4.76785	12.30920	123.38529	0.73231	1	1	1
	1	2	-4	0.87492	11.34828	4.76785	12.30920	123.38529	0.73231	1	1	1
	1	2	4	0.87492	11.34828	4.76785	12.30920	123.38529	0.73231	1	1	1
	1	-2	4	0.87492	11.34828	4.76785	12.30920	123.38529	0.73231	1	1	1
	1	-4	2	0.87492	11.34828	4.76785	12.30920	123.38529	0.73231	1	1	1
	1	-2	-4	0.87492	11.34828	4.76785	12.30920	123.38529	0.73231	1	1	1
	-1	4	-2	0.87492	11.34828	4.76785	12.30920	123.38529	0.73231	1	1	1
	2	1	4	0.87492	11.34828	4.76785	12.30920	123.38529	0.73231	1	1	1
	2	4	-1	0.87492	11.34828	4.76785	12.30920	123.38529	0.73231	1	1	1
	4	-2	-1	0.87492	11.34828	4.76785	12.30920	123.38529	0.73231	1	1	1
	2	4	1	0.87492	11.34828	4.76785	12.30920	123.38529	0.73231	1	1	1
	4	-1	2	0.87492	11.34828	4.76785	12.30920	123.38529	0.73231	1	1	1
	4	-1	-2	0.87492	11.34828	4.76785	12.30920	123.38529	0.73231	1	1	1
	4	-2	1	0.87492	11.34828	4.76785	12.30920	123.38529	0.73231	1	1	1
	2	-1	-4	0.87492	11.34828	4.76785	12.30920	123.38529	0.73231	1	1	1
	2	-1	4	0.87492	11.34828	4.76785	12.30920	123.38529	0.73231	1	1	1
	2	1	-4	0.87492	11.34828	4.76785	12.30920	123.38529	0.73231	1	1	1
	2	-4	-1	0.87492	11.34828	4.76785	12.30920	123.38529	0.73231	1	1	1
	2	-4	1	0.87492	11.34828	4.76785	12.30920	123.38529	0.73231	1	1	1
	1	4	2	0.87492	11.34828	4.76785	12.30920	123.38529	0.73231	1	1	1
	1	4	-2	0.87492	11.34828	4.76785	12.30920	123.38529	0.73231	1	1	1
	4	1	2	0.87492	11.34828	4.76785	12.30920	123.38529	0.73231	1	1	1
	4	2	-1	0.87492	11.34828	4.76785	12.30920	123.38529	0.73231	1	1	1
	4	1	-2	0.87492	11.34828	4.76785	12.30920	123.38529	0.73231	1	1	1
	4	2	1	0.87492	11.34828	4.76785	12.30920	123.38529	0.73231	1	1	1
	-3	-2	3	0.85481	22.79816	7.25716	23.92540	128.61533	3.08081	1	1	1
	-3	-2	-3	0.85481	22.79816	7.25716	23.92540	128.61533	3.08081	1	1	1
	-3	-3	-2	0.85481	22.79816	7.25716	23.92540	128.61533	3.08081	1	1	1
	3	2	-3	0.85481	22.79816	7.25716	23.92540	128.61533	3.08081	1	1	1
	3	2	3	0.85481	22.79816	7.25716	23.92540	128.61533	3.08081	1	1	1
	3	3	2	0.85481	22.79816	7.25716	23.92540	128.61533	3.08081	1	1	1
	-3	2	-3	0.85481	22.79816	7.25716	23.92540	128.61533	3.08081	1	1	1
	-2	-3	3	0.85481	22.79816	7.25716	23.92540	128.61533	3.08081	1	1	1
	-3	3	2	0.85481	22.79816	7.25716	23.92540	128.61533	3.08081	1	1	1
	-3	-3	2	0.85481	22.79816	7.25716	23.92540	128.61533	3.08081	1	1	1
	3	-2	-3	0.85481	22.79816	7.25716	23.92540	128.61533	3.08081	1	1	1
	3	-3	-2	0.85481	22.79816	7.25716	23.92540	128.61533	3.08081	1	1	1
	3	3	-2	0.85481	22.79816	7.25716	23.92540	128.61533	3.08081	1	1	1
	2	3	-3	0.85481	22.79816	7.25716	23.92540	128.61533	3.08081	1	1	1
	2	-3	3	0.85481	22.79816	7.25716	23.92540	128.61533	3.08081	1	1	1
	2	-3	-3	0.85481	22.79816	7.25716	23.92540	128.61533	3.08081	1	1	1
	3	-2	3	0.85481	22.79816	7.25716	23.92540	128.61533	3.08081	1	1	1
	-2	3	-3	0.85481	22.79816	7.25716	23.92540	128.61533	3.08081	1	1	1
	2	3	3	0.85481	22.79816	7.25716	23.92540	128.61533	3.08081	1	1	1
	3	-3	2	0.85481	22.79816	7.25716	23.92540	128.61533	3.08081	1	1	1
	-3	3	-2	0.85481	22.79816	7.25716	23.92540	128.61533	3.08081	1	1	1
	-2	3	3	0.85481	22.79816	7.25716	23.92540	128.61533	3.08081	1	1	1
	-3	2	3	0.85481	22.79816	7.25716	23.92540	128.61533	3.08081	1	1	1
	-2	-3	-3	0.85481	22.79816	7.25716	23.92540	128.61533	3.08081	1	1	1
