# 	h	k	l	d (Å)	F(real)		F(imag)		|F|			2θ			I			M	ID(λ)	Phase
	-1	-1	0	2.97625	56.83680	8.34425	57.44600	29.99944	100.00000	1	1	1
	-1	0	-1	2.97625	56.83680	8.34425	57.44600	29.99944	100.00000	1	1	1
	0	1	-1	2.97625	56.83680	8.34425	57.44600	29.99944	100.00000	1	1	1
	0	1	1	2.97625	56.83680	8.34425	57.44600	29.99944	100.00000	1	1	1
	1	0	-1	2.97625	56.83680	8.34425	57.44600	29.99944	100.00000	1	1	1
	1	-1	0	2.97625	56.83680	8.34425	57.44600	29.99944	100.00000	1	1	1
	0	-1	-1	2.97625	56.83680	8.34425	57.44600	29.99944	100.00000	1	1	1
	0	-1	1	2.97625	56.83680	8.34425	57.44600	29.99944	100.00000	1	1	1
	-1	1	0	2.97625	56.83680	8.34425	57.44600	29.99944	100.00000	1	1	1
	-1	0	1	2.97625	56.83680	8.34425	57.44600	29.99944	100.00000	1	1	1
	1	0	1	2.97625	56.83680	8.34425	57.44600	29.99944	100.00000	1	1	1
	1	1	0	2.97625	56.83680	8.34425	57.44600	29.99944	100.00000	1	1	1
	1	1	1	2.43010	29.12175	6.88516	29.92460	36.96095	17.24975	1	1	1
	-1	-1	-1	2.43010	29.12175	6.88516	29.92460	36.96095	17.24975	1	1	1
	-1	1	1	2.43010	29.12175	6.88516	29.92460	36.96095	17.24975	1	1	1
	1	-1	-1	2.43010	29.12175	6.88516	29.92460	36.96095	17.24975	1	1	1
	-1	1	-1	2.43010	29.12175	6.88516	29.92460	36.96095	17.24975	1	1	1
	-1	-1	1	2.43010	29.12175	6.88516	29.92460	36.96095	17.24975	1	1	1
	1	-1	1	2.43010	29.12175	6.88516	29.92460	36.96095	17.24975	1	1	1
	1	1	-1	2.43010	29.12175	6.88516	29.92460	36.96095	17.24975	1	1	1
	0	-2	0	2.10453	48.96082	8.11205	49.62830	42.94058	33.99480	1	1	1
	-2	0	0	2.10453	48.96082	8.11205	49.62830	42.94058	33.99480	1	1	1
	0	2	0	2.10453	48.96082	8.11205	49.62830	42.94058	33.99480	1	1	1
	0	0	2	2.10453	48.96082	8.11205	49.62830	42.94058	33.99480	1	1	1
	0	0	-2	2.10453	48.96082	8.11205	49.62830	42.94058	33.99480	1	1	1
	2	0	0	2.10453	48.96082	8.11205	49.62830	42.94058	33.99480	1	1	1
	-2	-1	0	1.88235	26.28437	6.69355	27.12330	48.31186	7.78018	1	1	1
	-2	0	1	1.88235	26.28437	6.69355	27.12330	48.31186	7.78018	1	1	1
	-2	0	-1	1.88235	26.28437	6.69355	27.12330	48.31186	7.78018	1	1	1
	-1	0	-2	1.88235	26.28437	6.69355	27.12330	48.31186	7.78018	1	1	1
	-1	0	2	1.88235	26.28437	6.69355	27.12330	48.31186	7.78018	1	1	1
	-1	-2	0	1.88235	26.28437	6.69355	27.12330	48.31186	7.78018	1	1	1
	-2	1	0	1.88235	26.28437	6.69355	27.12330	48.31186	7.78018	1	1	1
	0	-1	2	1.88235	26.28437	6.69355	27.12330	48.31186	7.78018	1	1	1
	0	1	-2	1.88235	26.28437	6.69355	27.12330	48.31186	7.78018	1	1	1
	0	1	2	1.88235	26.28437	6.69355	27.12330	48.31186	7.78018	1	1	1
	0	-2	1	1.88235	26.28437	6.69355	27.12330	48.31186	7.78018	1	1	1
	0	-1	-2	1.88235	26.28437	6.69355	27.12330	48.31186	7.78018	1	1	1
	0	-2	-1	1.88235	26.28437	6.69355	27.12330	48.31186	7.78018	1	1	1
	-1	2	0	1.88235	26.28437	6.69355	27.12330	48.31186	7.78018	1	1	1
	0	2	-1	1.88235	26.28437	6.69355	27.12330	48.31186	7.78018	1	1	1
	0	2	1	1.88235	26.28437	6.69355	27.12330	48.31186	7.78018	1	1	1
	1	0	-2	1.88235	26.28437	6.69355	27.12330	48.31186	7.78018	1	1	1
	1	-2	0	1.88235	26.28437	6.69355	27.12330	48.31186	7.78018	1	1	1
	2	-1	0	1.88235	26.28437	6.69355	27.12330	48.31186	7.78018	1	1	1
	2	0	-1	1.88235	26.28437	6.69355	27.12330	48.31186	7.78018	1	1	1
	1	2	0	1.88235	26.28437	6.69355	27.12330	48.31186	7.78018	1	1	1
	1	0	2	1.88235	26.28437	6.69355	27.12330	48.31186	7.78018	1	1	1
	2	0	1	1.88235	26.28437	6.69355	27.12330	48.31186	7.78018	1	1	1
	2	1	0	1.88235	26.28437	6.69355	27.12330	48.31186	7.78018	1	1	1
	-2	1	-1	1.71834	43.66204	7.88630	44.36850	53.26671	16.66998	1	1	1
	-2	1	1	1.71834	43.66204	7.88630	44.36850	53.26671	16.66998	1	1	1
	-1	-2	-1	1.71834	43.66204	7.88630	44.36850	53.26671	16.66998	1	1	1
	-2	-1	-1	1.71834	43.66204	7.88630	44.36850	53.26671	16.66998	1	1	1
	-2	-1	1	1.71834	43.66204	7.88630	44.36850	53.26671	16.66998	1	1	1
	-1	-2	1	1.71834	43.66204	7.88630	44.36850	53.26671	16.66998	1	1	1
	-1	-1	-2	1.71834	43.66204	7.88630	44.36850	53.26671	16.66998	1	1	1
	-1	1	-2	1.71834	43.66204	7.88630	44.36850	53.26671	16.66998	1	1	1
	-1	-1	2	1.71834	43.66204	7.88630	44.36850	53.26671	16.66998	1	1	1
	-1	2	1	1.71834	43.66204	7.88630	44.36850	53.26671	16.66998	1	1	1
	1	-2	-1	1.71834	43.66204	7.88630	44.36850	53.26671	16.66998	1	1	1
	-1	2	-1	1.71834	43.66204	7.88630	44.36850	53.26671	16.66998	1	1	1
	-1	1	2	1.71834	43.66204	7.88630	44.36850	53.26671	16.66998	1	1	1
	1	1	2	1.71834	43.66204	7.88630	44.36850	53.26671	16.66998	1	1	1
	1	2	-1	1.71834	43.66204	7.88630	44.36850	53.26671	16.66998	1	1	1
	1	2	1	1.71834	43.66204	7.88630	44.36850	53.26671	16.66998	1	1	1
	1	-1	2	1.71834	43.66204	7.88630	44.36850	53.26671	16.66998	1	1	1
	1	1	-2	1.71834	43.66204	7.88630	44.36850	53.26671	16.66998	1	1	1
	1	-1	-2	1.71834	43.66204	7.88630	44.36850	53.26671	16.66998	1	1	1
	1	-2	1	1.71834	43.66204	7.88630	44.36850	53.26671	16.66998	1	1	1
	2	-1	-1	1.71834	43.66204	7.88630	44.36850	53.26671	16.66998	1	1	1
	2	-1	1	1.71834	43.66204	7.88630	44.36850	53.26671	16.66998	1	1	1
	2	1	1	1.71834	43.66204	7.88630	44.36850	53.26671	16.66998	1	1	1
	2	1	-1	1.71834	43.66204	7.88630	44.36850	53.26671	16.66998	1	1	1
	0	-2	-2	1.48813	39.73319	7.66684	40.46610	62.34664	9.72648	1	1	1
	0	-2	2	1.48813	39.73319	7.66684	40.46610	62.34664	9.72648	1	1	1
	0	2	2	1.48813	39.73319	7.66684	40.46610	62.34664	9.72648	1	1	1
	0	2	-2	1.48813	39.73319	7.66684	40.46610	62.34664	9.72648	1	1	1
	2	0	2	1.48813	39.73319	7.66684	40.46610	62.34664	9.72648	1	1	1
	2	0	-2	1.48813	39.73319	7.66684	40.46610	62.34664	9.72648	1	1	1
	2	-2	0	1.48813	39.73319	7.66684	40.46610	62.34664	9.72648	1	1	1
	-2	-2	0	1.48813	39.73319	7.66684	40.46610	62.34664	9.72648	1	1	1
	-2	0	-2	1.48813	39.73319	7.66684	40.46610	62.34664	9.72648	1	1	1
	-2	2	0	1.48813	39.73319	7.66684	40.46610	62.34664	9.72648	1	1	1
	-2	0	2	1.48813	39.73319	7.66684	40.46610	62.34664	9.72648	1	1	1
	2	2	0	1.48813	39.73319	7.66684	40.46610	62.34664	9.72648	1	1	1
	-2	-2	-1	1.40302	22.15491	6.32620	23.04040	66.60072	2.73307	1	1	1
	-3	0	0	1.40302	22.15491	6.32620	23.04040	66.60072	2.73307	1	1	1
	2	2	1	1.40302	22.15491	6.32620	23.04040	66.60072	2.73307	1	1	1
	-2	-1	2	1.40302	22.15491	6.32620	23.04040	66.60072	2.73307	1	1	1
	-2	1	-2	1.40302	22.15491	6.32620	23.04040	66.60072	2.73307	1	1	1
	-2	-1	-2	1.40302	22.15491	6.32620	23.04040	66.60072	2.73307	1	1	1
	-2	-2	1	1.40302	22.15491	6.32620	23.04040	66.60072	2.73307	1	1	1
	-1	-2	2	1.40302	22.15491	6.32620	23.04040	66.60072	2.73307	1	1	1
	-1	2	-2	1.40302	22.15491	6.32620	23.04040	66.60072	2.73307	1	1	1
	-1	2	2	1.40302	22.15491	6.32620	23.04040	66.60072	2.73307	1	1	1
	-2	2	1	1.40302	22.15491	6.32620	23.04040	66.60072	2.73307	1	1	1
	-1	-2	-2	1.40302	22.15491	6.32620	23.04040	66.60072	2.73307	1	1	1
	-2	2	-1	1.40302	22.15491	6.32620	23.04040	66.60072	2.73307	1	1	1
	-2	1	2	1.40302	22.15491	6.32620	23.04040	66.60072	2.73307	1	1	1
	2	-2	-1	1.40302	22.15491	6.32620	23.04040	66.60072	2.73307	1	1	1
	2	-2	1	1.40302	22.15491	6.32620	23.04040	66.60072	2.73307	1	1	1
	2	-1	2	1.40302	22.15491	6.32620	23.04040	66.60072	2.73307	1	1	1
	2	-1	-2	1.40302	22.15491	6.32620	23.04040	66.60072	2.73307	1	1	1
	2	2	-1	1.40302	22.15491	6.32620	23.04040	66.60072	2.73307	1	1	1
	2	1	2	1.40302	22.15491	6.32620	23.04040	66.60072	2.73307	1	1	1
	2	1	-2	1.40302	22.15491	6.32620	23.04040	66.60072	2.73307	1	1	1
	1	-2	-2	1.40302	22.15491	6.32620	23.04040	66.60072	2.73307	1	1	1
	1	-2	2	1.40302	22.15491	6.32620	23.04040	66.60072	2.73307	1	1	1
	1	2	2	1.40302	22.15491	6.32620	23.04040	66.60072	2.73307	1	1	1
	1	2	-2	1.40302	22.15491	6.32620	23.04040	66.60072	2.73307	1	1	1
	0	0	3	1.40302	22.15491	6.32620	23.04040	66.60072	2.73307	1	1	1
	0	3	0	1.40302	22.15491	6.32620	23.04040	66.60072	2.73307	1	1	1
	0	0	-3	1.40302	22.15491	6.32620	23.04040	66.60072	2.73307	1	1	1
	0	-3	0	1.40302	22.15491	6.32620	23.04040	66.60072	2.73307	1	1	1
	3	0	0	1.40302	22.15491	6.32620	23.04040	66.60072	2.73307	1	1	1
	-3	-1	0	1.33102	36.59994	7.45348	37.35120	70.72203	6.34627	1	1	1
	-3	0	1	1.33102	36.59994	7.45348	37.35120	70.72203	6.34627	1	1	1
	-3	0	-1	1.33102	36.59994	7.45348	37.35120	70.72203	6.34627	1	1	1
	-1	0	-3	1.33102	36.59994	7.45348	37.35120	70.72203	6.34627	1	1	1
	-1	0	3	1.33102	36.59994	7.45348	37.35120	70.72203	6.34627	1	1	1
	-1	-3	0	1.33102	36.59994	7.45348	37.35120	70.72203	6.34627	1	1	1
	-3	1	0	1.33102	36.59994	7.45348	37.35120	70.72203	6.34627	1	1	1
	0	-1	3	1.33102	36.59994	7.45348	37.35120	70.72203	6.34627	1	1	1
	0	1	-3	1.33102	36.59994	7.45348	37.35120	70.72203	6.34627	1	1	1
	0	3	-1	1.33102	36.59994	7.45348	37.35120	70.72203	6.34627	1	1	1
	0	1	3	1.33102	36.59994	7.45348	37.35120	70.72203	6.34627	1	1	1
	0	-3	1	1.33102	36.59994	7.45348	37.35120	70.72203	6.34627	1	1	1
	0	-1	-3	1.33102	36.59994	7.45348	37.35120	70.72203	6.34627	1	1	1
	0	-3	-1	1.33102	36.59994	7.45348	37.35120	70.72203	6.34627	1	1	1
	-1	3	0	1.33102	36.59994	7.45348	37.35120	70.72203	6.34627	1	1	1
	0	3	1	1.33102	36.59994	7.45348	37.35120	70.72203	6.34627	1	1	1
	1	-3	0	1.33102	36.59994	7.45348	37.35120	70.72203	6.34627	1	1	1
	1	0	3	1.33102	36.59994	7.45348	37.35120	70.72203	6.34627	1	1	1
	1	0	-3	1.33102	36.59994	7.45348	37.35120	70.72203	6.34627	1	1	1
	3	0	-1	1.33102	36.59994	7.45348	37.35120	70.72203	6.34627	1	1	1
	3	0	1	1.33102	36.59994	7.45348	37.35120	70.72203	6.34627	1	1	1
	3	-1	0	1.33102	36.59994	7.45348	37.35120	70.72203	6.34627	1	1	1
	1	3	0	1.33102	36.59994	7.45348	37.35120	70.72203	6.34627	1	1	1
	3	1	0	1.33102	36.59994	7.45348	37.35120	70.72203	6.34627	1	1	1
	-3	-1	-1	1.26908	20.51352	6.15015	21.41560	74.74196	1.87650	1	1	1
	-1	-1	-3	1.26908	20.51352	6.15015	21.41560	74.74196	1.87650	1	1	1
	-1	-3	-1	1.26908	20.51352	6.15015	21.41560	74.74196	1.87650	1	1	1
	1	1	3	1.26908	20.51352	6.15015	21.41560	74.74196	1.87650	1	1	1
	1	1	-3	1.26908	20.51352	6.15015	21.41560	74.74196	1.87650	1	1	1
	-1	-1	3	1.26908	20.51352	6.15015	21.41560	74.74196	1.87650	1	1	1
	1	3	1	1.26908	20.51352	6.15015	21.41560	74.74196	1.87650	1	1	1
	3	1	1	1.26908	20.51352	6.15015	21.41560	74.74196	1.87650	1	1	1
	-3	1	-1	1.26908	20.51352	6.15015	21.41560	74.74196	1.87650	1	1	1
	-3	-1	1	1.26908	20.51352	6.15015	21.41560	74.74196	1.87650	1	1	1
	-1	1	-3	1.26908	20.51352	6.15015	21.41560	74.74196	1.87650	1	1	1
	-1	1	3	1.26908	20.51352	6.15015	21.41560	74.74196	1.87650	1	1	1
	-1	-3	1	1.26908	20.51352	6.15015	21.41560	74.74196	1.87650	1	1	1
	-3	1	1	1.26908	20.51352	6.15015	21.41560	74.74196	1.87650	1	1	1
	1	-1	-3	1.26908	20.51352	6.15015	21.41560	74.74196	1.87650	1	1	1
	1	-1	3	1.26908	20.51352	6.15015	21.41560	74.74196	1.87650	1	1	1
	1	3	-1	1.26908	20.51352	6.15015	21.41560	74.74196	1.87650	1	1	1
	1	-3	-1	1.26908	20.51352	6.15015	21.41560	74.74196	1.87650	1	1	1
	1	-3	1	1.26908	20.51352	6.15015	21.41560	74.74196	1.87650	1	1	1
	-1	3	1	1.26908	20.51352	6.15015	21.41560	74.74196	1.87650	1	1	1
	-1	3	-1	1.26908	20.51352	6.15015	21.41560	74.74196	1.87650	1	1	1
	3	-1	-1	1.26908	20.51352	6.15015	21.41560	74.74196	1.87650	1	1	1
	3	-1	1	1.26908	20.51352	6.15015	21.41560	74.74196	1.87650	1	1	1
	3	1	-1	1.26908	20.51352	6.15015	21.41560	74.74196	1.87650	1	1	1
	-2	-2	-2	1.21505	33.97114	7.24607	34.73530	78.68623	4.51641	1	1	1
	2	2	2	1.21505	33.97114	7.24607	34.73530	78.68623	4.51641	1	1	1
	-2	2	-2	1.21505	33.97114	7.24607	34.73530	78.68623	4.51641	1	1	1
	-2	2	2	1.21505	33.97114	7.24607	34.73530	78.68623	4.51641	1	1	1
	-2	-2	2	1.21505	33.97114	7.24607	34.73530	78.68623	4.51641	1	1	1
	2	-2	-2	1.21505	33.97114	7.24607	34.73530	78.68623	4.51641	1	1	1
	2	-2	2	1.21505	33.97114	7.24607	34.73530	78.68623	4.51641	1	1	1
	2	2	-2	1.21505	33.97114	7.24607	34.73530	78.68623	4.51641	1	1	1
	-3	0	-2	1.16738	19.05377	5.97900	19.96980	82.57681	1.38848	1	1	1
	0	-3	-2	1.16738	19.05377	5.97900	19.96980	82.57681	1.38848	1	1	1
	0	3	2	1.16738	19.05377	5.97900	19.96980	82.57681	1.38848	1	1	1
	-3	-2	0	1.16738	19.05377	5.97900	19.96980	82.57681	1.38848	1	1	1
	3	0	2	1.16738	19.05377	5.97900	19.96980	82.57681	1.38848	1	1	1
	3	2	0	1.16738	19.05377	5.97900	19.96980	82.57681	1.38848	1	1	1
	-3	2	0	1.16738	19.05377	5.97900	19.96980	82.57681	1.38848	1	1	1
	-3	0	2	1.16738	19.05377	5.97900	19.96980	82.57681	1.38848	1	1	1
	-2	0	3	1.16738	19.05377	5.97900	19.96980	82.57681	1.38848	1	1	1
	-2	3	0	1.16738	19.05377	5.97900	19.96980	82.57681	1.38848	1	1	1
	-2	0	-3	1.16738	19.05377	5.97900	19.96980	82.57681	1.38848	1	1	1
	-2	-3	0	1.16738	19.05377	5.97900	19.96980	82.57681	1.38848	1	1	1
	0	2	3	1.16738	19.05377	5.97900	19.96980	82.57681	1.38848	1	1	1
	0	3	-2	1.16738	19.05377	5.97900	19.96980	82.57681	1.38848	1	1	1
	2	-3	0	1.16738	19.05377	5.97900	19.96980	82.57681	1.38848	1	1	1
	0	-2	3	1.16738	19.05377	5.97900	19.96980	82.57681	1.38848	1	1	1
	0	2	-3	1.16738	19.05377	5.97900	19.96980	82.57681	1.38848	1	1	1
	0	-2	-3	1.16738	19.05377	5.97900	19.96980	82.57681	1.38848	1	1	1
	0	-3	2	1.16738	19.05377	5.97900	19.96980	82.57681	1.38848	1	1	1
	2	0	-3	1.16738	19.05377	5.97900	19.96980	82.57681	1.38848	1	1	1
	2	0	3	1.16738	19.05377	5.97900	19.96980	82.57681	1.38848	1	1	1
	3	-2	0	1.16738	19.05377	5.97900	19.96980	82.57681	1.38848	1	1	1
	2	3	0	1.16738	19.05377	5.97900	19.96980	82.57681	1.38848	1	1	1
	3	0	-2	1.16738	19.05377	5.97900	19.96980	82.57681	1.38848	1	1	1
	-3	1	-2	1.12492	31.69046	7.04442	32.46400	86.43321	3.46877	1	1	1
	-2	-3	-1	1.12492	31.69046	7.04442	32.46400	86.43321	3.46877	1	1	1
	-2	-1	-3	1.12492	31.69046	7.04442	32.46400	86.43321	3.46877	1	1	1
	-2	-3	1	1.12492	31.69046	7.04442	32.46400	86.43321	3.46877	1	1	1
	-2	1	3	1.12492	31.69046	7.04442	32.46400	86.43321	3.46877	1	1	1
	-2	1	-3	1.12492	31.69046	7.04442	32.46400	86.43321	3.46877	1	1	1
	-2	-1	3	1.12492	31.69046	7.04442	32.46400	86.43321	3.46877	1	1	1
	-3	-2	-1	1.12492	31.69046	7.04442	32.46400	86.43321	3.46877	1	1	1
	-3	-1	-2	1.12492	31.69046	7.04442	32.46400	86.43321	3.46877	1	1	1
	-3	-2	1	1.12492	31.69046	7.04442	32.46400	86.43321	3.46877	1	1	1
	-2	3	-1	1.12492	31.69046	7.04442	32.46400	86.43321	3.46877	1	1	1
	-2	3	1	1.12492	31.69046	7.04442	32.46400	86.43321	3.46877	1	1	1
	-1	-2	-3	1.12492	31.69046	7.04442	32.46400	86.43321	3.46877	1	1	1
	-1	-3	-2	1.12492	31.69046	7.04442	32.46400	86.43321	3.46877	1	1	1
	-1	2	3	1.12492	31.69046	7.04442	32.46400	86.43321	3.46877	1	1	1
	-1	3	2	1.12492	31.69046	7.04442	32.46400	86.43321	3.46877	1	1	1
	-1	2	-3	1.12492	31.69046	7.04442	32.46400	86.43321	3.46877	1	1	1
	-1	-2	3	1.12492	31.69046	7.04442	32.46400	86.43321	3.46877	1	1	1
	1	2	3	1.12492	31.69046	7.04442	32.46400	86.43321	3.46877	1	1	1
	1	3	2	1.12492	31.69046	7.04442	32.46400	86.43321	3.46877	1	1	1
	2	-3	-1	1.12492	31.69046	7.04442	32.46400	86.43321	3.46877	1	1	1
	1	-2	3	1.12492	31.69046	7.04442	32.46400	86.43321	3.46877	1	1	1
	1	2	-3	1.12492	31.69046	7.04442	32.46400	86.43321	3.46877	1	1	1
	1	-2	-3	1.12492	31.69046	7.04442	32.46400	86.43321	3.46877	1	1	1
	1	-3	-2	1.12492	31.69046	7.04442	32.46400	86.43321	3.46877	1	1	1
	2	-3	1	1.12492	31.69046	7.04442	32.46400	86.43321	3.46877	1	1	1
	2	-1	-3	1.12492	31.69046	7.04442	32.46400	86.43321	3.46877	1	1	1
	2	1	-3	1.12492	31.69046	7.04442	32.46400	86.43321	3.46877	1	1	1
	2	-1	3	1.12492	31.69046	7.04442	32.46400	86.43321	3.46877	1	1	1
	2	3	1	1.12492	31.69046	7.04442	32.46400	86.43321	3.46877	1	1	1
	3	-1	2	1.12492	31.69046	7.04442	32.46400	86.43321	3.46877	1	1	1
	2	3	-1	1.12492	31.69046	7.04442	32.46400	86.43321	3.46877	1	1	1
	2	1	3	1.12492	31.69046	7.04442	32.46400	86.43321	3.46877	1	1	1
	3	1	2	1.12492	31.69046	7.04442	32.46400	86.43321	3.46877	1	1	1
	3	2	-1	1.12492	31.69046	7.04442	32.46400	86.43321	3.46877	1	1	1
	3	2	1	1.12492	31.69046	7.04442	32.46400	86.43321	3.46877	1	1	1
	-3	1	2	1.12492	31.69046	7.04442	32.46400	86.43321	3.46877	1	1	1
	-3	2	-1	1.12492	31.69046	7.04442	32.46400	86.43321	3.46877	1	1	1
	-3	2	1	1.12492	31.69046	7.04442	32.46400	86.43321	3.46877	1	1	1
	-3	-1	2	1.12492	31.69046	7.04442	32.46400	86.43321	3.46877	1	1	1
	-1	-3	2	1.12492	31.69046	7.04442	32.46400	86.43321	3.46877	1	1	1
	-1	3	-2	1.12492	31.69046	7.04442	32.46400	86.43321	3.46877	1	1	1
	1	3	-2	1.12492	31.69046	7.04442	32.46400	86.43321	3.46877	1	1	1
	1	-3	2	1.12492	31.69046	7.04442	32.46400	86.43321	3.46877	1	1	1
	3	-1	-2	1.12492	31.69046	7.04442	32.46400	86.43321	3.46877	1	1	1
	3	1	-2	1.12492	31.69046	7.04442	32.46400	86.43321	3.46877	1	1	1
	3	-2	1	1.12492	31.69046	7.04442	32.46400	86.43321	3.46877	1	1	1
	3	-2	-1	1.12492	31.69046	7.04442	32.46400	86.43321	3.46877	1	1	1
	-4	0	0	1.05226	29.66868	6.84839	30.44880	94.11495	2.85989	1	1	1
	0	-4	0	1.05226	29.66868	6.84839	30.44880	94.11495	2.85989	1	1	1
	0	0	4	1.05226	29.66868	6.84839	30.44880	94.11495	2.85989	1	1	1
	0	0	-4	1.05226	29.66868	6.84839	30.44880	94.11495	2.85989	1	1	1
	0	4	0	1.05226	29.66868	6.84839	30.44880	94.11495	2.85989	1	1	1
	4	0	0	1.05226	29.66868	6.84839	30.44880	94.11495	2.85989	1	1	1
	3	2	2	1.02085	16.56025	5.65086	17.49780	97.97509	0.93576	1	1	1
	-3	-2	-2	1.02085	16.56025	5.65086	17.49780	97.97509	0.93576	1	1	1
	-2	-3	2	1.02085	16.56025	5.65086	17.49780	97.97509	0.93576	1	1	1
	-2	-2	-3	1.02085	16.56025	5.65086	17.49780	97.97509	0.93576	1	1	1
	-2	2	-3	1.02085	16.56025	5.65086	17.49780	97.97509	0.93576	1	1	1
	-2	-2	3	1.02085	16.56025	5.65086	17.49780	97.97509	0.93576	1	1	1
	-2	3	2	1.02085	16.56025	5.65086	17.49780	97.97509	0.93576	1	1	1
	-2	3	-2	1.02085	16.56025	5.65086	17.49780	97.97509	0.93576	1	1	1
	-2	2	3	1.02085	16.56025	5.65086	17.49780	97.97509	0.93576	1	1	1
	-3	-2	2	1.02085	16.56025	5.65086	17.49780	97.97509	0.93576	1	1	1
	-3	2	-2	1.02085	16.56025	5.65086	17.49780	97.97509	0.93576	1	1	1
	-2	-3	-2	1.02085	16.56025	5.65086	17.49780	97.97509	0.93576	1	1	1
	-3	2	2	1.02085	16.56025	5.65086	17.49780	97.97509	0.93576	1	1	1
	-4	0	1	1.02085	16.56025	5.65086	17.49780	97.97509	0.93576	1	1	1
	-4	1	0	1.02085	16.56025	5.65086	17.49780	97.97509	0.93576	1	1	1
	-4	0	-1	1.02085	16.56025	5.65086	17.49780	97.97509	0.93576	1	1	1
	-4	-1	0	1.02085	16.56025	5.65086	17.49780	97.97509	0.93576	1	1	1
	1	4	0	1.02085	16.56025	5.65086	17.49780	97.97509	0.93576	1	1	1
	2	-3	-2	1.02085	16.56025	5.65086	17.49780	97.97509	0.93576	1	1	1
	2	-2	-3	1.02085	16.56025	5.65086	17.49780	97.97509	0.93576	1	1	1
	2	-3	2	1.02085	16.56025	5.65086	17.49780	97.97509	0.93576	1	1	1
	2	2	3	1.02085	16.56025	5.65086	17.49780	97.97509	0.93576	1	1	1
	2	3	-2	1.02085	16.56025	5.65086	17.49780	97.97509	0.93576	1	1	1
	2	2	-3	1.02085	16.56025	5.65086	17.49780	97.97509	0.93576	1	1	1
	2	-2	3	1.02085	16.56025	5.65086	17.49780	97.97509	0.93576	1	1	1
	4	-1	0	1.02085	16.56025	5.65086	17.49780	97.97509	0.93576	1	1	1
	4	0	-1	1.02085	16.56025	5.65086	17.49780	97.97509	0.93576	1	1	1
	4	0	1	1.02085	16.56025	5.65086	17.49780	97.97509	0.93576	1	1	1
	3	-2	2	1.02085	16.56025	5.65086	17.49780	97.97509	0.93576	1	1	1
	3	2	-2	1.02085	16.56025	5.65086	17.49780	97.97509	0.93576	1	1	1
	3	-2	-2	1.02085	16.56025	5.65086	17.49780	97.97509	0.93576	1	1	1
	2	3	2	1.02085	16.56025	5.65086	17.49780	97.97509	0.93576	1	1	1
	0	1	-4	1.02085	16.56025	5.65086	17.49780	97.97509	0.93576	1	1	1
	0	1	4	1.02085	16.56025	5.65086	17.49780	97.97509	0.93576	1	1	1
	0	4	1	1.02085	16.56025	5.65086	17.49780	97.97509	0.93576	1	1	1
	0	4	-1	1.02085	16.56025	5.65086	17.49780	97.97509	0.93576	1	1	1
	1	0	4	1.02085	16.56025	5.65086	17.49780	97.97509	0.93576	1	1	1
	1	0	-4	1.02085	16.56025	5.65086	17.49780	97.97509	0.93576	1	1	1
	1	-4	0	1.02085	16.56025	5.65086	17.49780	97.97509	0.93576	1	1	1
	0	-4	-1	1.02085	16.56025	5.65086	17.49780	97.97509	0.93576	1	1	1
	0	-4	1	1.02085	16.56025	5.65086	17.49780	97.97509	0.93576	1	1	1
	0	-1	4	1.02085	16.56025	5.65086	17.49780	97.97509	0.93576	1	1	1
	0	-1	-4	1.02085	16.56025	5.65086	17.49780	97.97509	0.93576	1	1	1
	-1	0	4	1.02085	16.56025	5.65086	17.49780	97.97509	0.93576	1	1	1
	-1	4	0	1.02085	16.56025	5.65086	17.49780	97.97509	0.93576	1	1	1
	-1	0	-4	1.02085	16.56025	5.65086	17.49780	97.97509	0.93576	1	1	1
	-1	-4	0	1.02085	16.56025	5.65086	17.49780	97.97509	0.93576	1	1	1
	4	1	0	1.02085	16.56025	5.65086	17.49780	97.97509	0.93576	1	1	1
	-4	-1	-1	0.99208	27.85134	6.65781	28.63610	101.87208	2.52058	1	1	1
	-4	1	-1	0.99208	27.85134	6.65781	28.63610	101.87208	2.52058	1	1	1
	-4	-1	1	0.99208	27.85134	6.65781	28.63610	101.87208	2.52058	1	1	1
	-1	-4	1	0.99208	27.85134	6.65781	28.63610	101.87208	2.52058	1	1	1
	-1	-1	-4	0.99208	27.85134	6.65781	28.63610	101.87208	2.52058	1	1	1
	-1	-4	-1	0.99208	27.85134	6.65781	28.63610	101.87208	2.52058	1	1	1
	-4	1	1	0.99208	27.85134	6.65781	28.63610	101.87208	2.52058	1	1	1
	-1	4	1	0.99208	27.85134	6.65781	28.63610	101.87208	2.52058	1	1	1
	1	-4	-1	0.99208	27.85134	6.65781	28.63610	101.87208	2.52058	1	1	1
	1	-4	1	0.99208	27.85134	6.65781	28.63610	101.87208	2.52058	1	1	1
	-1	1	4	0.99208	27.85134	6.65781	28.63610	101.87208	2.52058	1	1	1
	-1	4	-1	0.99208	27.85134	6.65781	28.63610	101.87208	2.52058	1	1	1
	-1	1	-4	0.99208	27.85134	6.65781	28.63610	101.87208	2.52058	1	1	1
	-1	-1	4	0.99208	27.85134	6.65781	28.63610	101.87208	2.52058	1	1	1
	1	-1	-4	0.99208	27.85134	6.65781	28.63610	101.87208	2.52058	1	1	1
	1	-1	4	0.99208	27.85134	6.65781	28.63610	101.87208	2.52058	1	1	1
	1	1	4	0.99208	27.85134	6.65781	28.63610	101.87208	2.52058	1	1	1
	1	1	-4	0.99208	27.85134	6.65781	28.63610	101.87208	2.52058	1	1	1
	4	-1	-1	0.99208	27.85134	6.65781	28.63610	101.87208	2.52058	1	1	1
	4	-1	1	0.99208	27.85134	6.65781	28.63610	101.87208	2.52058	1	1	1
	1	4	1	0.99208	27.85134	6.65781	28.63610	101.87208	2.52058	1	1	1
	1	4	-1	0.99208	27.85134	6.65781	28.63610	101.87208	2.52058	1	1	1
	4	1	-1	0.99208	27.85134	6.65781	28.63610	101.87208	2.52058	1	1	1
	4	1	1	0.99208	27.85134	6.65781	28.63610	101.87208	2.52058	1	1	1
	-3	0	-3	0.99208	27.85134	6.65781	28.63610	101.87208	2.52058	1	1	1
	-3	-3	0	0.99208	27.85134	6.65781	28.63610	101.87208	2.52058	1	1	1
	0	-3	-3	0.99208	27.85134	6.65781	28.63610	101.87208	2.52058	1	1	1
	-3	3	0	0.99208	27.85134	6.65781	28.63610	101.87208	2.52058	1	1	1
	-3	0	3	0.99208	27.85134	6.65781	28.63610	101.87208	2.52058	1	1	1
	0	-3	3	0.99208	27.85134	6.65781	28.63610	101.87208	2.52058	1	1	1
	0	3	-3	0.99208	27.85134	6.65781	28.63610	101.87208	2.52058	1	1	1
	3	-3	0	0.99208	27.85134	6.65781	28.63610	101.87208	2.52058	1	1	1
	0	3	3	0.99208	27.85134	6.65781	28.63610	101.87208	2.52058	1	1	1
	3	0	-3	0.99208	27.85134	6.65781	28.63610	101.87208	2.52058	1	1	1
	3	0	3	0.99208	27.85134	6.65781	28.63610	101.87208	2.52058	1	1	1
	3	3	0	0.99208	27.85134	6.65781	28.63610	101.87208	2.52058	1	1	1
	-3	-3	-1	0.96562	15.49103	5.49361	16.43630	105.82572	0.84739	1	1	1
	-3	1	3	0.96562	15.49103	5.49361	16.43630	105.82572	0.84739	1	1	1
	-3	3	-1	0.96562	15.49103	5.49361	16.43630	105.82572	0.84739	1	1	1
	-3	3	1	0.96562	15.49103	5.49361	16.43630	105.82572	0.84739	1	1	1
	-3	-1	3	0.96562	15.49103	5.49361	16.43630	105.82572	0.84739	1	1	1
	-3	1	-3	0.96562	15.49103	5.49361	16.43630	105.82572	0.84739	1	1	1
	-3	-1	-3	0.96562	15.49103	5.49361	16.43630	105.82572	0.84739	1	1	1
	-3	-3	1	0.96562	15.49103	5.49361	16.43630	105.82572	0.84739	1	1	1
	3	-3	-1	0.96562	15.49103	5.49361	16.43630	105.82572	0.84739	1	1	1
	3	-3	1	0.96562	15.49103	5.49361	16.43630	105.82572	0.84739	1	1	1
	3	-1	3	0.96562	15.49103	5.49361	16.43630	105.82572	0.84739	1	1	1
	3	-1	-3	0.96562	15.49103	5.49361	16.43630	105.82572	0.84739	1	1	1
	3	3	-1	0.96562	15.49103	5.49361	16.43630	105.82572	0.84739	1	1	1
	3	1	3	0.96562	15.49103	5.49361	16.43630	105.82572	0.84739	1	1	1
	3	1	-3	0.96562	15.49103	5.49361	16.43630	105.82572	0.84739	1	1	1
	1	-3	-3	0.96562	15.49103	5.49361	16.43630	105.82572	0.84739	1	1	1
	1	-3	3	0.96562	15.49103	5.49361	16.43630	105.82572	0.84739	1	1	1
	1	3	3	0.96562	15.49103	5.49361	16.43630	105.82572	0.84739	1	1	1
	1	3	-3	0.96562	15.49103	5.49361	16.43630	105.82572	0.84739	1	1	1
	-1	3	-3	0.96562	15.49103	5.49361	16.43630	105.82572	0.84739	1	1	1
	-1	3	3	0.96562	15.49103	5.49361	16.43630	105.82572	0.84739	1	1	1
	-1	-3	3	0.96562	15.49103	5.49361	16.43630	105.82572	0.84739	1	1	1
	-1	-3	-3	0.96562	15.49103	5.49361	16.43630	105.82572	0.84739	1	1	1
	3	3	1	0.96562	15.49103	5.49361	16.43630	105.82572	0.84739	1	1	1
	-4	-2	0	0.94117	26.20272	6.47253	26.99030	109.85842	2.36522	1	1	1
	-4	0	2	0.94117	26.20272	6.47253	26.99030	109.85842	2.36522	1	1	1
	-4	0	-2	0.94117	26.20272	6.47253	26.99030	109.85842	2.36522	1	1	1
	-2	0	-4	0.94117	26.20272	6.47253	26.99030	109.85842	2.36522	1	1	1
	-2	0	4	0.94117	26.20272	6.47253	26.99030	109.85842	2.36522	1	1	1
	-2	-4	0	0.94117	26.20272	6.47253	26.99030	109.85842	2.36522	1	1	1
	-4	2	0	0.94117	26.20272	6.47253	26.99030	109.85842	2.36522	1	1	1
	0	-2	4	0.94117	26.20272	6.47253	26.99030	109.85842	2.36522	1	1	1
	0	2	-4	0.94117	26.20272	6.47253	26.99030	109.85842	2.36522	1	1	1
	0	2	4	0.94117	26.20272	6.47253	26.99030	109.85842	2.36522	1	1	1
	0	4	-2	0.94117	26.20272	6.47253	26.99030	109.85842	2.36522	1	1	1
	0	-4	2	0.94117	26.20272	6.47253	26.99030	109.85842	2.36522	1	1	1
	0	-2	-4	0.94117	26.20272	6.47253	26.99030	109.85842	2.36522	1	1	1
	0	-4	-2	0.94117	26.20272	6.47253	26.99030	109.85842	2.36522	1	1	1
	-2	4	0	0.94117	26.20272	6.47253	26.99030	109.85842	2.36522	1	1	1
	0	4	2	0.94117	26.20272	6.47253	26.99030	109.85842	2.36522	1	1	1
	2	-4	0	0.94117	26.20272	6.47253	26.99030	109.85842	2.36522	1	1	1
	2	0	4	0.94117	26.20272	6.47253	26.99030	109.85842	2.36522	1	1	1
	2	0	-4	0.94117	26.20272	6.47253	26.99030	109.85842	2.36522	1	1	1
	4	0	-2	0.94117	26.20272	6.47253	26.99030	109.85842	2.36522	1	1	1
	4	0	2	0.94117	26.20272	6.47253	26.99030	109.85842	2.36522	1	1	1
	4	-2	0	0.94117	26.20272	6.47253	26.99030	109.85842	2.36522	1	1	1
	2	4	0	0.94117	26.20272	6.47253	26.99030	109.85842	2.36522	1	1	1
	4	2	0	0.94117	26.20272	6.47253	26.99030	109.85842	2.36522	1	1	1
	-4	-2	-1	0.91849	14.52275	5.34073	15.47360	113.99657	0.81606	1	1	1
	-4	-1	-2	0.91849	14.52275	5.34073	15.47360	113.99657	0.81606	1	1	1
	-4	-2	1	0.91849	14.52275	5.34073	15.47360	113.99657	0.81606	1	1	1
	-4	1	2	0.91849	14.52275	5.34073	15.47360	113.99657	0.81606	1	1	1
	-4	1	-2	0.91849	14.52275	5.34073	15.47360	113.99657	0.81606	1	1	1
	-4	-1	2	0.91849	14.52275	5.34073	15.47360	113.99657	0.81606	1	1	1
	-1	2	4	0.91849	14.52275	5.34073	15.47360	113.99657	0.81606	1	1	1
	-1	4	-2	0.91849	14.52275	5.34073	15.47360	113.99657	0.81606	1	1	1
	1	-2	-4	0.91849	14.52275	5.34073	15.47360	113.99657	0.81606	1	1	1
	-1	4	2	0.91849	14.52275	5.34073	15.47360	113.99657	0.81606	1	1	1
	1	-4	-2	0.91849	14.52275	5.34073	15.47360	113.99657	0.81606	1	1	1
	1	2	-4	0.91849	14.52275	5.34073	15.47360	113.99657	0.81606	1	1	1
	1	-4	2	0.91849	14.52275	5.34073	15.47360	113.99657	0.81606	1	1	1
	1	-2	4	0.91849	14.52275	5.34073	15.47360	113.99657	0.81606	1	1	1
	2	-4	1	0.91849	14.52275	5.34073	15.47360	113.99657	0.81606	1	1	1
	2	-1	-4	0.91849	14.52275	5.34073	15.47360	113.99657	0.81606	1	1	1
	2	-1	4	0.91849	14.52275	5.34073	15.47360	113.99657	0.81606	1	1	1
	1	4	2	0.91849	14.52275	5.34073	15.47360	113.99657	0.81606	1	1	1
	2	-4	-1	0.91849	14.52275	5.34073	15.47360	113.99657	0.81606	1	1	1
	1	4	-2	0.91849	14.52275	5.34073	15.47360	113.99657	0.81606	1	1	1
	1	2	4	0.91849	14.52275	5.34073	15.47360	113.99657	0.81606	1	1	1
	-2	4	-1	0.91849	14.52275	5.34073	15.47360	113.99657	0.81606	1	1	1
	-2	4	1	0.91849	14.52275	5.34073	15.47360	113.99657	0.81606	1	1	1
	-1	-4	2	0.91849	14.52275	5.34073	15.47360	113.99657	0.81606	1	1	1
	-1	-4	-2	0.91849	14.52275	5.34073	15.47360	113.99657	0.81606	1	1	1
	-1	2	-4	0.91849	14.52275	5.34073	15.47360	113.99657	0.81606	1	1	1
	-1	-2	4	0.91849	14.52275	5.34073	15.47360	113.99657	0.81606	1	1	1
	-1	-2	-4	0.91849	14.52275	5.34073	15.47360	113.99657	0.81606	1	1	1
	-2	-1	-4	0.91849	14.52275	5.34073	15.47360	113.99657	0.81606	1	1	1
	-2	-1	4	0.91849	14.52275	5.34073	15.47360	113.99657	0.81606	1	1	1
	-2	1	4	0.91849	14.52275	5.34073	15.47360	113.99657	0.81606	1	1	1
	-2	1	-4	0.91849	14.52275	5.34073	15.47360	113.99657	0.81606	1	1	1
	-2	-4	-1	0.91849	14.52275	5.34073	15.47360	113.99657	0.81606	1	1	1
	-2	-4	1	0.91849	14.52275	5.34073	15.47360	113.99657	0.81606	1	1	1
	-4	2	1	0.91849	14.52275	5.34073	15.47360	113.99657	0.81606	1	1	1
	-4	2	-1	0.91849	14.52275	5.34073	15.47360	113.99657	0.81606	1	1	1
	2	1	-4	0.91849	14.52275	5.34073	15.47360	113.99657	0.81606	1	1	1
	2	1	4	0.91849	14.52275	5.34073	15.47360	113.99657	0.81606	1	1	1
	2	4	1	0.91849	14.52275	5.34073	15.47360	113.99657	0.81606	1	1	1
	2	4	-1	0.91849	14.52275	5.34073	15.47360	113.99657	0.81606	1	1	1
	4	-1	-2	0.91849	14.52275	5.34073	15.47360	113.99657	0.81606	1	1	1
	4	-1	2	0.91849	14.52275	5.34073	15.47360	113.99657	0.81606	1	1	1
	4	-2	1	0.91849	14.52275	5.34073	15.47360	113.99657	0.81606	1	1	1
	4	-2	-1	0.91849	14.52275	5.34073	15.47360	113.99657	0.81606	1	1	1
	4	1	-2	0.91849	14.52275	5.34073	15.47360	113.99657	0.81606	1	1	1
	4	1	2	0.91849	14.52275	5.34073	15.47360	113.99657	0.81606	1	1	1
	4	2	1	0.91849	14.52275	5.34073	15.47360	113.99657	0.81606	1	1	1
	4	2	-1	0.91849	14.52275	5.34073	15.47360	113.99657	0.81606	1	1	1
	-3	-3	-2	0.89737	24.69764	6.29241	25.48660	118.27258	2.35727	1	1	1
	-3	-2	-3	0.89737	24.69764	6.29241	25.48660	118.27258	2.35727	1	1	1
	-3	-2	3	0.89737	24.69764	6.29241	25.48660	118.27258	2.35727	1	1	1
	3	2	-3	0.89737	24.69764	6.29241	25.48660	118.27258	2.35727	1	1	1
	3	2	3	0.89737	24.69764	6.29241	25.48660	118.27258	2.35727	1	1	1
	3	3	2	0.89737	24.69764	6.29241	25.48660	118.27258	2.35727	1	1	1
	-2	-3	-3	0.89737	24.69764	6.29241	25.48660	118.27258	2.35727	1	1	1
	-2	-3	3	0.89737	24.69764	6.29241	25.48660	118.27258	2.35727	1	1	1
	-2	3	3	0.89737	24.69764	6.29241	25.48660	118.27258	2.35727	1	1	1
	-2	3	-3	0.89737	24.69764	6.29241	25.48660	118.27258	2.35727	1	1	1
	2	3	-3	0.89737	24.69764	6.29241	25.48660	118.27258	2.35727	1	1	1
	2	-3	3	0.89737	24.69764	6.29241	25.48660	118.27258	2.35727	1	1	1
	2	-3	-3	0.89737	24.69764	6.29241	25.48660	118.27258	2.35727	1	1	1
	-3	2	-3	0.89737	24.69764	6.29241	25.48660	118.27258	2.35727	1	1	1
	-3	3	-2	0.89737	24.69764	6.29241	25.48660	118.27258	2.35727	1	1	1
	-3	3	2	0.89737	24.69764	6.29241	25.48660	118.27258	2.35727	1	1	1
	-3	2	3	0.89737	24.69764	6.29241	25.48660	118.27258	2.35727	1	1	1
	-3	-3	2	0.89737	24.69764	6.29241	25.48660	118.27258	2.35727	1	1	1
	2	3	3	0.89737	24.69764	6.29241	25.48660	118.27258	2.35727	1	1	1
	3	-3	-2	0.89737	24.69764	6.29241	25.48660	118.27258	2.35727	1	1	1
	3	-2	-3	0.89737	24.69764	6.29241	25.48660	118.27258	2.35727	1	1	1
	3	-3	2	0.89737	24.69764	6.29241	25.48660	118.27258	2.35727	1	1	1
	3	-2	3	0.89737	24.69764	6.29241	25.48660	118.27258	2.35727	1	1	1
	3	3	-2	0.89737	24.69764	6.29241	25.48660	118.27258	2.35727	1	1	1
	-4	-2	-2	0.85917	23.31719	6.11730	24.10630	127.41880	2.50385	1	1	1
	-4	-2	2	0.85917	23.31719	6.11730	24.10630	127.41880	2.50385	1	1	1
	-2	-2	-4	0.85917	23.31719	6.11730	24.10630	127.41880	2.50385	1	1	1
	-2	-4	-2	0.85917	23.31719	6.11730	24.10630	127.41880	2.50385	1	1	1
	-2	-4	2	0.85917	23.31719	6.11730	24.10630	127.41880	2.50385	1	1	1
	-2	-2	4	0.85917	23.31719	6.11730	24.10630	127.41880	2.50385	1	1	1
	-2	2	-4	0.85917	23.31719	6.11730	24.10630	127.41880	2.50385	1	1	1
	-4	2	-2	0.85917	23.31719	6.11730	24.10630	127.41880	2.50385	1	1	1
	-4	2	2	0.85917	23.31719	6.11730	24.10630	127.41880	2.50385	1	1	1
	4	-2	-2	0.85917	23.31719	6.11730	24.10630	127.41880	2.50385	1	1	1
	4	-2	2	0.85917	23.31719	6.11730	24.10630	127.41880	2.50385	1	1	1
	4	2	2	0.85917	23.31719	6.11730	24.10630	127.41880	2.50385	1	1	1
	4	2	-2	0.85917	23.31719	6.11730	24.10630	127.41880	2.50385	1	1	1
	2	-4	-2	0.85917	23.31719	6.11730	24.10630	127.41880	2.50385	1	1	1
	2	-2	-4	0.85917	23.31719	6.11730	24.10630	127.41880	2.50385	1	1	1
	2	-4	2	0.85917	23.31719	6.11730	24.10630	127.41880	2.50385	1	1	1
	2	4	-2	0.85917	23.31719	6.11730	24.10630	127.41880	2.50385	1	1	1
	2	4	2	0.85917	23.31719	6.11730	24.10630	127.41880	2.50385	1	1	1
	2	2	-4	0.85917	23.31719	6.11730	24.10630	127.41880	2.50385	1	1	1
	2	2	4	0.85917	23.31719	6.11730	24.10630	127.41880	2.50385	1	1	1
	-2	2	4	0.85917	23.31719	6.11730	24.10630	127.41880	2.50385	1	1	1
	2	-2	4	0.85917	23.31719	6.11730	24.10630	127.41880	2.50385	1	1	1
	-2	4	-2	0.85917	23.31719	6.11730	24.10630	127.41880	2.50385	1	1	1
	-2	4	2	0.85917	23.31719	6.11730	24.10630	127.41880	2.50385	1	1	1
