# 	h	k	l	d (Å)	F(real)		F(imag)		|F|			2θ			I			M	ID(λ)	Phase
	-2	-2	0	3.01700	156.38623	24.75722	158.33400	29.58498	56.63427	1	1	1
	0	-2	-2	3.01700	156.38623	24.75722	158.33400	29.58498	56.63427	1	1	1
	-2	0	-2	3.01700	156.38623	24.75722	158.33400	29.58498	56.63427	1	1	1
	0	2	2	3.01700	156.38623	24.75721	158.33400	29.58498	56.63427	1	1	1
	2	0	2	3.01700	156.38623	24.75721	158.33400	29.58498	56.63427	1	1	1
	2	2	0	3.01700	156.38623	24.75721	158.33400	29.58498	56.63427	1	1	1
	-2	0	2	3.01700	156.38623	24.75722	158.33400	29.58498	56.63427	1	1	1
	0	2	-2	3.01700	156.38623	24.75722	158.33400	29.58498	56.63427	1	1	1
	2	-2	0	3.01700	156.38623	24.75722	158.33400	29.58498	56.63427	1	1	1
	0	-2	2	3.01700	156.38623	24.75722	158.33400	29.58498	56.63427	1	1	1
	-2	2	0	3.01700	156.38623	24.75722	158.33400	29.58498	56.63427	1	1	1
	2	0	-2	3.01700	156.38623	24.75722	158.33400	29.58498	56.63427	1	1	1
	-1	-3	-1	2.57290	204.61099	-145.48050	251.05800	34.84171	99.99993	1	1	1
	-3	-1	-1	2.57290	204.61099	-145.48050	251.05800	34.84171	99.99993	1	1	1
	-1	1	-3	2.57290	145.48055	204.61103	251.05800	34.84171	99.99998	1	1	1
	-1	1	3	2.57290	204.61103	-145.48055	251.05800	34.84171	99.99998	1	1	1
	-1	3	1	2.57290	204.61103	-145.48055	251.05800	34.84171	99.99998	1	1	1
	-1	3	-1	2.57290	145.48055	204.61104	251.05800	34.84171	99.99999	1	1	1
	1	-1	-3	2.57290	145.48055	204.61103	251.05800	34.84171	99.99998	1	1	1
	1	-1	3	2.57290	204.61103	-145.48055	251.05800	34.84171	99.99998	1	1	1
	1	-3	1	2.57290	204.61104	-145.48055	251.05800	34.84171	99.99999	1	1	1
	1	-3	-1	2.57290	145.48055	204.61103	251.05800	34.84171	99.99998	1	1	1
	-3	1	1	2.57290	204.61104	-145.48055	251.05800	34.84171	99.99999	1	1	1
	-1	-3	1	2.57290	145.48054	204.61102	251.05800	34.84171	99.99997	1	1	1
	-1	-1	3	2.57290	145.48057	204.61105	251.05800	34.84171	100.00000	1	1	1
	-1	-1	-3	2.57290	204.61103	-145.48055	251.05800	34.84171	99.99998	1	1	1
	-3	-1	1	2.57290	145.48054	204.61102	251.05800	34.84171	99.99997	1	1	1
	-3	1	-1	2.57290	145.48055	204.61103	251.05800	34.84171	99.99998	1	1	1
	3	1	1	2.57290	145.48050	204.61099	251.05800	34.84171	99.99993	1	1	1
	1	3	1	2.57290	145.48050	204.61099	251.05800	34.84171	99.99993	1	1	1
	1	1	-3	2.57290	204.61105	-145.48057	251.05800	34.84171	100.00000	1	1	1
	1	1	3	2.57290	145.48054	204.61103	251.05800	34.84171	99.99998	1	1	1
	3	-1	-1	2.57290	145.48055	204.61104	251.05800	34.84171	99.99999	1	1	1
	1	3	-1	2.57290	204.61102	-145.48054	251.05800	34.84171	99.99997	1	1	1
	3	-1	1	2.57290	204.61103	-145.48055	251.05800	34.84171	99.99998	1	1	1
	3	1	-1	2.57290	204.61102	-145.48054	251.05800	34.84171	99.99997	1	1	1
	-2	-2	-2	2.46337	-47.85340	115.53946	125.05700	36.44413	22.48560	1	1	1
	2	2	2	2.46337	47.85345	-115.53946	125.05700	36.44413	22.48561	1	1	1
	-2	-2	2	2.46337	47.85342	-115.53946	125.05700	36.44413	22.48561	1	1	1
	-2	2	-2	2.46337	47.85343	-115.53946	125.05700	36.44413	22.48561	1	1	1
	2	-2	-2	2.46337	47.85343	-115.53946	125.05700	36.44413	22.48561	1	1	1
	-2	2	2	2.46337	-47.85342	115.53946	125.05700	36.44413	22.48560	1	1	1
	2	-2	2	2.46337	-47.85342	115.53946	125.05700	36.44413	22.48560	1	1	1
	2	2	-2	2.46337	-47.85343	115.53946	125.05700	36.44413	22.48561	1	1	1
	0	-4	0	2.13334	-287.16289	-25.04859	288.25300	42.33254	85.68574	1	1	1
	0	0	-4	2.13334	-287.16289	-25.04859	288.25300	42.33254	85.68574	1	1	1
	-4	0	0	2.13334	-287.16289	-25.04859	288.25300	42.33254	85.68574	1	1	1
	0	0	4	2.13334	-287.16289	-25.04859	288.25300	42.33254	85.68574	1	1	1
	0	4	0	2.13334	-287.16289	-25.04859	288.25300	42.33254	85.68574	1	1	1
	4	0	0	2.13334	-287.16289	-25.04859	288.25300	42.33254	85.68574	1	1	1
	-3	-3	-1	1.95768	-14.54176	-24.32300	28.33850	46.34156	0.67544	1	1	1
	-3	-1	-3	1.95768	-14.54182	-24.32306	28.33860	46.34156	0.67544	1	1	1
	-3	-3	1	1.95768	-24.32303	14.54179	28.33860	46.34156	0.67544	1	1	1
	-1	3	3	1.95768	-14.54181	-24.32304	28.33860	46.34156	0.67544	1	1	1
	1	-3	-3	1.95768	-24.32304	14.54181	28.33860	46.34156	0.67544	1	1	1
	1	3	-3	1.95768	-14.54178	-24.32301	28.33850	46.34156	0.67544	1	1	1
	1	-3	3	1.95768	-14.54180	-24.32304	28.33860	46.34156	0.67544	1	1	1
	3	-3	1	1.95768	-14.54181	-24.32304	28.33860	46.34156	0.67544	1	1	1
	3	-1	-3	1.95768	-24.32304	14.54180	28.33860	46.34156	0.67544	1	1	1
	3	-3	-1	1.95768	-24.32304	14.54181	28.33860	46.34156	0.67544	1	1	1
	1	3	3	1.95768	-24.32306	14.54182	28.33860	46.34156	0.67544	1	1	1
	-3	3	1	1.95768	-14.54181	-24.32304	28.33860	46.34156	0.67544	1	1	1
	-1	-3	-3	1.95768	-14.54182	-24.32306	28.33860	46.34156	0.67544	1	1	1
	-1	3	-3	1.95768	-24.32304	14.54180	28.33860	46.34156	0.67544	1	1	1
	-1	-3	3	1.95768	-24.32301	14.54178	28.33850	46.34156	0.67544	1	1	1
	-3	1	3	1.95768	-14.54180	-24.32304	28.33860	46.34156	0.67544	1	1	1
	-3	3	-1	1.95768	-24.32304	14.54181	28.33860	46.34156	0.67544	1	1	1
	-3	1	-3	1.95768	-24.32304	14.54181	28.33860	46.34156	0.67544	1	1	1
	-3	-1	3	1.95768	-24.32301	14.54178	28.33850	46.34156	0.67544	1	1	1
	3	-1	3	1.95768	-14.54181	-24.32304	28.33860	46.34156	0.67544	1	1	1
	3	1	-3	1.95768	-14.54178	-24.32301	28.33850	46.34156	0.67544	1	1	1
	3	3	-1	1.95768	-14.54179	-24.32303	28.33860	46.34156	0.67544	1	1	1
	3	1	3	1.95768	-24.32306	14.54182	28.33860	46.34156	0.67544	1	1	1
	3	3	1	1.95768	-24.32299	14.54176	28.33850	46.34156	0.67544	1	1	1
	-4	-2	-2	1.74186	116.88373	23.42831	119.20900	52.49194	9.00343	1	1	1
	-4	2	2	1.74186	116.88373	23.42832	119.20900	52.49194	9.00343	1	1	1
	-2	-4	-2	1.74186	116.88373	23.42831	119.20900	52.49194	9.00343	1	1	1
	-4	2	-2	1.74186	116.88373	23.42831	119.20900	52.49194	9.00343	1	1	1
	-4	-2	2	1.74186	116.88372	23.42833	119.20900	52.49194	9.00343	1	1	1
	-2	2	4	1.74186	116.88373	23.42834	119.20900	52.49194	9.00343	1	1	1
	-2	4	-2	1.74186	116.88373	23.42833	119.20900	52.49194	9.00343	1	1	1
	2	-4	-2	1.74186	116.88373	23.42831	119.20900	52.49194	9.00343	1	1	1
	-2	4	2	1.74186	116.88373	23.42834	119.20900	52.49194	9.00343	1	1	1
	-2	-2	4	1.74186	116.88373	23.42832	119.20900	52.49194	9.00343	1	1	1
	-2	2	-4	1.74186	116.88373	23.42831	119.20900	52.49194	9.00343	1	1	1
	-2	-2	-4	1.74186	116.88373	23.42834	119.20900	52.49194	9.00343	1	1	1
	-2	-4	2	1.74186	116.88372	23.42833	119.20900	52.49194	9.00343	1	1	1
	2	-4	2	1.74186	116.88373	23.42832	119.20900	52.49194	9.00343	1	1	1
	2	-2	-4	1.74186	116.88373	23.42831	119.20900	52.49194	9.00343	1	1	1
	2	2	-4	1.74186	116.88373	23.42833	119.20900	52.49194	9.00343	1	1	1
	2	-2	4	1.74186	116.88373	23.42834	119.20900	52.49194	9.00343	1	1	1
	2	4	2	1.74186	116.88373	23.42834	119.20900	52.49194	9.00343	1	1	1
	4	-2	-2	1.74186	116.88373	23.42833	119.20900	52.49194	9.00343	1	1	1
	2	4	-2	1.74186	116.88372	23.42832	119.20900	52.49194	9.00343	1	1	1
	2	2	4	1.74186	116.88373	23.42831	119.20900	52.49194	9.00343	1	1	1
	4	-2	2	1.74186	116.88373	23.42834	119.20900	52.49194	9.00343	1	1	1
	4	2	-2	1.74186	116.88372	23.42832	119.20900	52.49194	9.00343	1	1	1
	4	2	2	1.74186	116.88373	23.42834	119.20900	52.49194	9.00343	1	1	1
	-5	-1	-1	1.64224	115.19515	171.30907	206.43800	55.94543	23.35754	1	1	1
	-5	-1	1	1.64224	171.30909	-115.19517	206.43800	55.94543	23.35755	1	1	1
	-5	1	-1	1.64224	171.30909	-115.19517	206.43800	55.94543	23.35755	1	1	1
	-5	1	1	1.64224	115.19518	171.30910	206.43800	55.94543	23.35755	1	1	1
	-3	-3	3	1.64224	97.05739	152.88383	181.09000	55.94543	17.97365	1	1	1
	-3	-3	-3	1.64224	152.88384	-97.05739	181.09000	55.94543	17.97365	1	1	1
	-1	-5	-1	1.64224	115.19515	171.30907	206.43800	55.94543	23.35754	1	1	1
	-1	-5	1	1.64224	171.30909	-115.19517	206.43800	55.94543	23.35755	1	1	1
	-3	3	3	1.64224	152.88385	-97.05741	181.09000	55.94543	17.97365	1	1	1
	-3	3	-3	1.64224	97.05741	152.88385	181.09000	55.94543	17.97365	1	1	1
	-1	5	-1	1.64224	171.30910	-115.19518	206.43800	55.94543	23.35755	1	1	1
	-1	5	1	1.64224	115.19517	171.30909	206.43800	55.94543	23.35755	1	1	1
	1	-5	1	1.64224	115.19518	171.30910	206.43800	55.94543	23.35755	1	1	1
	1	-5	-1	1.64224	171.30909	-115.19517	206.43800	55.94543	23.35755	1	1	1
	-1	1	-5	1.64224	171.30912	-115.19520	206.43800	55.94543	23.35756	1	1	1
	-1	1	5	1.64224	115.19520	171.30912	206.43800	55.94543	23.35756	1	1	1
	-1	-1	5	1.64224	171.30912	-115.19521	206.43800	55.94543	23.35756	1	1	1
	-1	-1	-5	1.64224	115.19518	171.30909	206.43800	55.94543	23.35755	1	1	1
	1	-1	-5	1.64224	171.30912	-115.19520	206.43800	55.94543	23.35756	1	1	1
	1	-1	5	1.64224	115.19520	171.30912	206.43800	55.94543	23.35756	1	1	1
	1	1	5	1.64224	171.30909	-115.19518	206.43800	55.94543	23.35755	1	1	1
	1	1	-5	1.64224	115.19521	171.30912	206.43800	55.94543	23.35756	1	1	1
	3	-3	-3	1.64224	97.05741	152.88385	181.09000	55.94543	17.97365	1	1	1
	3	-3	3	1.64224	152.88385	-97.05741	181.09000	55.94543	17.97365	1	1	1
	1	5	1	1.64224	171.30907	-115.19515	206.43800	55.94543	23.35754	1	1	1
	1	5	-1	1.64224	115.19517	171.30909	206.43800	55.94543	23.35755	1	1	1
	3	3	-3	1.64224	152.88383	-97.05739	181.09000	55.94543	17.97365	1	1	1
	3	3	3	1.64224	97.05740	152.88383	181.09000	55.94543	17.97365	1	1	1
	5	-1	1	1.64224	115.19517	171.30909	206.43800	55.94543	23.35755	1	1	1
	5	-1	-1	1.64224	171.30910	-115.19518	206.43800	55.94543	23.35755	1	1	1
	5	1	-1	1.64224	115.19517	171.30909	206.43800	55.94543	23.35755	1	1	1
	5	1	1	1.64224	171.30907	-115.19515	206.43800	55.94543	23.35754	1	1	1
	0	-4	-4	1.50850	418.66355	69.29695	424.36000	61.41269	80.03132	1	1	1
	0	4	4	1.50850	418.66355	69.29696	424.36000	61.41269	80.03132	1	1	1
	-4	0	-4	1.50850	418.66355	69.29695	424.36000	61.41269	80.03132	1	1	1
	-4	-4	0	1.50850	418.66355	69.29695	424.36000	61.41269	80.03132	1	1	1
	4	0	4	1.50850	418.66355	69.29696	424.36000	61.41269	80.03132	1	1	1
	4	4	0	1.50850	418.66355	69.29696	424.36000	61.41269	80.03132	1	1	1
	-4	4	0	1.50850	418.66355	69.29696	424.36000	61.41269	80.03132	1	1	1
	-4	0	4	1.50850	418.66355	69.29696	424.36000	61.41269	80.03132	1	1	1
	4	-4	0	1.50850	418.66355	69.29696	424.36000	61.41269	80.03132	1	1	1
	4	0	-4	1.50850	418.66355	69.29696	424.36000	61.41269	80.03132	1	1	1
	0	4	-4	1.50850	418.66355	69.29696	424.36000	61.41269	80.03132	1	1	1
	0	-4	4	1.50850	418.66355	69.29696	424.36000	61.41269	80.03132	1	1	1
	-5	-3	-1	1.44240	-28.31104	18.91297	34.04730	64.55741	0.46170	1	1	1
	-5	-3	1	1.44240	-18.91296	-28.31103	34.04720	64.55741	0.46170	1	1	1
	-5	-1	-3	1.44240	-28.31104	18.91297	34.04730	64.55741	0.46170	1	1	1
	-5	-1	3	1.44240	-18.91298	-28.31105	34.04730	64.55741	0.46170	1	1	1
	-5	1	3	1.44240	-28.31105	18.91298	34.04730	64.55741	0.46170	1	1	1
	-5	1	-3	1.44240	-18.91299	-28.31106	34.04730	64.55741	0.46170	1	1	1
	-3	-5	-1	1.44240	-28.31104	18.91297	34.04730	64.55741	0.46170	1	1	1
	-3	-5	1	1.44240	-18.91296	-28.31103	34.04720	64.55741	0.46170	1	1	1
	-5	3	1	1.44240	-28.31106	18.91299	34.04730	64.55741	0.46170	1	1	1
	-5	3	-1	1.44240	-18.91300	-28.31107	34.04730	64.55741	0.46170	1	1	1
	-3	5	-1	1.44240	-18.91299	-28.31106	34.04730	64.55741	0.46170	1	1	1
	-3	5	1	1.44240	-28.31106	18.91300	34.04730	64.55741	0.46170	1	1	1
	-1	-5	3	1.44240	-18.91298	-28.31105	34.04730	64.55741	0.46170	1	1	1
	-1	-5	-3	1.44240	-28.31104	18.91297	34.04730	64.55741	0.46170	1	1	1
	-3	1	-5	1.44240	-18.91301	-28.31108	34.04730	64.55741	0.46170	1	1	1
	-3	1	5	1.44240	-28.31107	18.91300	34.04730	64.55741	0.46170	1	1	1
	-3	-1	5	1.44240	-18.91299	-28.31106	34.04730	64.55741	0.46170	1	1	1
	-3	-1	-5	1.44240	-28.31107	18.91300	34.04730	64.55741	0.46170	1	1	1
	1	-3	-5	1.44240	-18.91301	-28.31108	34.04730	64.55741	0.46170	1	1	1
	1	-3	5	1.44240	-28.31107	18.91300	34.04730	64.55741	0.46170	1	1	1
	1	3	5	1.44240	-18.91301	-28.31107	34.04730	64.55741	0.46170	1	1	1
	1	3	-5	1.44240	-28.31106	18.91299	34.04730	64.55741	0.46170	1	1	1
	3	-5	-1	1.44240	-18.91300	-28.31107	34.04730	64.55741	0.46170	1	1	1
	3	-5	1	1.44240	-28.31106	18.91299	34.04730	64.55741	0.46170	1	1	1
	1	5	3	1.44240	-18.91297	-28.31104	34.04730	64.55741	0.46170	1	1	1
	1	5	-3	1.44240	-28.31105	18.91298	34.04730	64.55741	0.46170	1	1	1
	-1	5	-3	1.44240	-18.91298	-28.31105	34.04730	64.55741	0.46170	1	1	1
	-1	5	3	1.44240	-28.31106	18.91299	34.04730	64.55741	0.46170	1	1	1
	1	-5	3	1.44240	-28.31105	18.91298	34.04730	64.55741	0.46170	1	1	1
	1	-5	-3	1.44240	-18.91299	-28.31106	34.04730	64.55741	0.46170	1	1	1
	-1	3	-5	1.44240	-18.91301	-28.31107	34.04730	64.55741	0.46170	1	1	1
	-1	3	5	1.44240	-28.31108	18.91301	34.04730	64.55741	0.46170	1	1	1
	-1	-3	5	1.44240	-18.91299	-28.31106	34.04730	64.55741	0.46170	1	1	1
	-1	-3	-5	1.44240	-28.31107	18.91300	34.04730	64.55741	0.46170	1	1	1
	3	-1	-5	1.44240	-18.91301	-28.31107	34.04730	64.55741	0.46170	1	1	1
	3	-1	5	1.44240	-28.31108	18.91301	34.04730	64.55741	0.46170	1	1	1
	3	1	5	1.44240	-18.91301	-28.31107	34.04730	64.55741	0.46170	1	1	1
	3	1	-5	1.44240	-28.31106	18.91299	34.04730	64.55741	0.46170	1	1	1
	5	-3	-1	1.44240	-18.91299	-28.31106	34.04730	64.55741	0.46170	1	1	1
	5	-3	1	1.44240	-28.31106	18.91300	34.04730	64.55741	0.46170	1	1	1
	3	5	1	1.44240	-18.91297	-28.31104	34.04730	64.55741	0.46170	1	1	1
	3	5	-1	1.44240	-28.31103	18.91296	34.04720	64.55741	0.46170	1	1	1
	5	-1	-3	1.44240	-18.91298	-28.31105	34.04730	64.55741	0.46170	1	1	1
	5	-1	3	1.44240	-28.31106	18.91299	34.04730	64.55741	0.46170	1	1	1
	5	1	3	1.44240	-18.91297	-28.31104	34.04730	64.55741	0.46170	1	1	1
	5	1	-3	1.44240	-28.31105	18.91298	34.04730	64.55741	0.46170	1	1	1
	5	3	-1	1.44240	-28.31103	18.91296	34.04720	64.55741	0.46170	1	1	1
	5	3	1	1.44240	-18.91297	-28.31104	34.04730	64.55741	0.46170	1	1	1
	4	4	2	1.42223	-0.01078	1.18213	1.18218	65.58709	0.00054	1	1	1
	-4	-4	-2	1.42223	0.01076	-1.18213	1.18218	65.58709	0.00054	1	1	1
	-2	-4	-4	1.42223	0.01076	-1.18213	1.18218	65.58709	0.00054	1	1	1
	-2	-4	4	1.42223	-0.01077	1.18213	1.18218	65.58709	0.00054	1	1	1
	-2	4	4	1.42223	0.01077	-1.18213	1.18218	65.58709	0.00054	1	1	1
	-2	4	-4	1.42223	-0.01077	1.18213	1.18218	65.58709	0.00054	1	1	1
	-4	2	-4	1.42223	-0.01077	1.18213	1.18218	65.58709	0.00054	1	1	1
	-4	2	4	1.42223	0.01077	-1.18213	1.18218	65.58709	0.00054	1	1	1
	-4	4	2	1.42223	0.01076	-1.18213	1.18218	65.58709	0.00054	1	1	1
	-4	4	-2	1.42223	-0.01078	1.18213	1.18218	65.58709	0.00054	1	1	1
	-4	-2	-4	1.42223	0.01076	-1.18213	1.18218	65.58709	0.00054	1	1	1
	-4	-2	4	1.42223	-0.01077	1.18213	1.18218	65.58709	0.00054	1	1	1
	-4	-4	2	1.42223	-0.01077	1.18214	1.18219	65.58709	0.00054	1	1	1
	2	-4	-4	1.42223	-0.01077	1.18213	1.18218	65.58709	0.00054	1	1	1
	2	-4	4	1.42223	0.01077	-1.18213	1.18218	65.58709	0.00054	1	1	1
	2	4	-4	1.42223	0.01077	-1.18213	1.18218	65.58709	0.00054	1	1	1
	4	-4	-2	1.42223	-0.01078	1.18213	1.18218	65.58709	0.00054	1	1	1
	2	4	4	1.42223	-0.01078	1.18213	1.18218	65.58709	0.00054	1	1	1
	4	-2	4	1.42223	0.01077	-1.18213	1.18218	65.58709	0.00054	1	1	1
	4	2	-4	1.42223	0.01077	-1.18213	1.18218	65.58709	0.00054	1	1	1
	4	-2	-4	1.42223	-0.01077	1.18213	1.18218	65.58709	0.00054	1	1	1
	4	-4	2	1.42223	0.01076	-1.18213	1.18218	65.58709	0.00054	1	1	1
	4	2	4	1.42223	-0.01078	1.18213	1.18218	65.58709	0.00054	1	1	1
	4	4	-2	1.42223	0.01077	-1.18214	1.18219	65.58709	0.00054	1	1	1
	-2	0	6	1.34924	92.64738	22.17076	95.26320	69.62752	3.08261	1	1	1
	-2	6	0	1.34924	92.64738	22.17076	95.26320	69.62752	3.08261	1	1	1
	0	-6	2	1.34924	92.64738	22.17077	95.26320	69.62752	3.08261	1	1	1
	0	-6	-2	1.34924	92.64738	22.17075	95.26320	69.62752	3.08261	1	1	1
	0	2	-6	1.34924	92.64738	22.17077	95.26320	69.62752	3.08261	1	1	1
	0	2	6	1.34924	92.64738	22.17077	95.26320	69.62752	3.08261	1	1	1
	0	-2	6	1.34924	92.64738	22.17076	95.26320	69.62752	3.08261	1	1	1
	0	-2	-6	1.34924	92.64738	22.17075	95.26320	69.62752	3.08261	1	1	1
	2	0	6	1.34924	92.64738	22.17077	95.26320	69.62752	3.08261	1	1	1
	2	6	0	1.34924	92.64738	22.17077	95.26320	69.62752	3.08261	1	1	1
	6	0	-2	1.34924	92.64738	22.17076	95.26320	69.62752	3.08261	1	1	1
	6	-2	0	1.34924	92.64738	22.17076	95.26320	69.62752	3.08261	1	1	1
	2	-6	0	1.34924	92.64738	22.17077	95.26320	69.62752	3.08261	1	1	1
	2	0	-6	1.34924	92.64738	22.17077	95.26320	69.62752	3.08261	1	1	1
	0	6	2	1.34924	92.64738	22.17077	95.26320	69.62752	3.08261	1	1	1
	0	6	-2	1.34924	92.64738	22.17076	95.26320	69.62752	3.08261	1	1	1
	-6	0	-2	1.34924	92.64738	22.17075	95.26320	69.62752	3.08261	1	1	1
	-6	-2	0	1.34924	92.64738	22.17075	95.26320	69.62752	3.08261	1	1	1
	-2	-6	0	1.34924	92.64738	22.17075	95.26320	69.62752	3.08261	1	1	1
	-2	0	-6	1.34924	92.64738	22.17075	95.26320	69.62752	3.08261	1	1	1
	-6	2	0	1.34924	92.64738	22.17077	95.26320	69.62752	3.08261	1	1	1
	-6	0	2	1.34924	92.64738	22.17077	95.26320	69.62752	3.08261	1	1	1
	6	0	2	1.34924	92.64738	22.17077	95.26320	69.62752	3.08261	1	1	1
	6	2	0	1.34924	92.64738	22.17077	95.26320	69.62752	3.08261	1	1	1
	-5	-3	3	1.30132	134.23775	-81.25815	156.91600	72.58858	7.70159	1	1	1
	-5	-3	-3	1.30132	81.25814	134.23773	156.91600	72.58858	7.70159	1	1	1
	-3	5	-3	1.30132	134.23777	-81.25818	156.91600	72.58858	7.70159	1	1	1
	-3	5	3	1.30132	81.25817	134.23776	156.91600	72.58858	7.70159	1	1	1
	3	-5	3	1.30132	81.25818	134.23777	156.91600	72.58858	7.70159	1	1	1
	3	-5	-3	1.30132	134.23777	-81.25817	156.91600	72.58858	7.70159	1	1	1
	3	3	-5	1.30132	81.25818	134.23777	156.91600	72.58858	7.70159	1	1	1
	3	3	5	1.30132	134.23773	-81.25814	156.91600	72.58858	7.70159	1	1	1
	3	-3	5	1.30132	81.25817	134.23776	156.91600	72.58858	7.70159	1	1	1
	3	-3	-5	1.30132	134.23776	-81.25817	156.91600	72.58858	7.70159	1	1	1
	-3	-3	-5	1.30132	81.25814	134.23773	156.91600	72.58858	7.70159	1	1	1
	-3	-3	5	1.30132	134.23777	-81.25818	156.91600	72.58858	7.70159	1	1	1
	-3	3	5	1.30132	81.25817	134.23776	156.91600	72.58858	7.70159	1	1	1
	-3	3	-5	1.30132	134.23776	-81.25817	156.91600	72.58858	7.70159	1	1	1
	-3	-5	-3	1.30132	81.25814	134.23773	156.91600	72.58858	7.70159	1	1	1
	-3	-5	3	1.30132	134.23775	-81.25815	156.91600	72.58858	7.70159	1	1	1
	-5	3	3	1.30132	81.25818	134.23777	156.91600	72.58858	7.70159	1	1	1
	-5	3	-3	1.30132	134.23777	-81.25817	156.91600	72.58858	7.70159	1	1	1
	3	5	-3	1.30132	81.25815	134.23775	156.91600	72.58858	7.70159	1	1	1
	3	5	3	1.30132	134.23773	-81.25813	156.91600	72.58858	7.70159	1	1	1
	5	-3	3	1.30132	81.25817	134.23776	156.91600	72.58858	7.70159	1	1	1
	5	-3	-3	1.30132	134.23777	-81.25818	156.91600	72.58858	7.70159	1	1	1
	5	3	-3	1.30132	81.25815	134.23775	156.91600	72.58858	7.70159	1	1	1
	5	3	3	1.30132	134.23773	-81.25813	156.91600	72.58858	7.70159	1	1	1
	-6	-2	-2	1.28645	42.88509	-92.28162	101.76000	73.56461	3.15759	1	1	1
	-2	-6	-2	1.28645	42.88509	-92.28162	101.76000	73.56461	3.15759	1	1	1
	-6	2	2	1.28645	42.88509	-92.28162	101.76000	73.56461	3.15759	1	1	1
	-2	-6	2	1.28645	-42.88510	92.28162	101.76000	73.56461	3.15759	1	1	1
	-2	-2	6	1.28645	-42.88509	92.28162	101.76000	73.56461	3.15759	1	1	1
	-2	-2	-6	1.28645	42.88510	-92.28162	101.76000	73.56461	3.15759	1	1	1
	-6	-2	2	1.28645	-42.88510	92.28162	101.76000	73.56461	3.15759	1	1	1
	-6	2	-2	1.28645	-42.88510	92.28162	101.76000	73.56461	3.15759	1	1	1
	6	2	2	1.28645	-42.88509	92.28162	101.76000	73.56461	3.15759	1	1	1
	2	6	2	1.28645	-42.88509	92.28162	101.76000	73.56461	3.15759	1	1	1
	-2	2	-6	1.28645	-42.88510	92.28162	101.76000	73.56461	3.15759	1	1	1
	-2	2	6	1.28645	42.88509	-92.28162	101.76000	73.56461	3.15759	1	1	1
	-2	6	2	1.28645	42.88509	-92.28162	101.76000	73.56461	3.15759	1	1	1
	-2	6	-2	1.28645	-42.88509	92.28162	101.76000	73.56461	3.15759	1	1	1
	2	-2	-6	1.28645	-42.88510	92.28162	101.76000	73.56461	3.15759	1	1	1
	2	-2	6	1.28645	42.88509	-92.28162	101.76000	73.56461	3.15759	1	1	1
	2	-6	2	1.28645	42.88509	-92.28162	101.76000	73.56461	3.15759	1	1	1
	2	-6	-2	1.28645	-42.88510	92.28162	101.76000	73.56461	3.15759	1	1	1
	2	2	-6	1.28645	42.88510	-92.28162	101.76000	73.56461	3.15759	1	1	1
	2	2	6	1.28645	-42.88509	92.28162	101.76000	73.56461	3.15759	1	1	1
	6	-2	-2	1.28645	-42.88509	92.28162	101.76000	73.56461	3.15759	1	1	1
	2	6	-2	1.28645	42.88508	-92.28162	101.76000	73.56461	3.15759	1	1	1
	6	-2	2	1.28645	42.88509	-92.28162	101.76000	73.56461	3.15759	1	1	1
	6	2	-2	1.28645	42.88508	-92.28162	101.76000	73.56461	3.15759	1	1	1
	-4	-4	-4	1.23168	-164.48397	-22.43219	166.00700	77.42331	7.66767	1	1	1
	4	4	4	1.23168	-164.48397	-22.43215	166.00700	77.42331	7.66766	1	1	1
	-4	-4	4	1.23168	-164.48398	-22.43217	166.00700	77.42331	7.66767	1	1	1
	-4	4	-4	1.23168	-164.48398	-22.43217	166.00700	77.42331	7.66767	1	1	1
	-4	4	4	1.23168	-164.48398	-22.43217	166.00700	77.42331	7.66767	1	1	1
	4	-4	-4	1.23168	-164.48398	-22.43217	166.00700	77.42331	7.66767	1	1	1
	4	4	-4	1.23168	-164.48398	-22.43217	166.00700	77.42331	7.66767	1	1	1
	4	-4	4	1.23168	-164.48398	-22.43217	166.00700	77.42331	7.66767	1	1	1
	-7	-1	-1	1.19491	-17.49265	8.72947	19.54980	80.27873	0.10031	1	1	1
	-7	1	1	1.19491	-17.49265	8.72947	19.54980	80.27873	0.10031	1	1	1
	-5	-5	-1	1.19491	-20.54371	-29.57083	36.00660	80.27873	0.34028	1	1	1
	-7	1	-1	1.19491	-8.72947	-17.49264	19.54980	80.27873	0.10031	1	1	1
	-7	-1	1	1.19491	-8.72948	-17.49265	19.54980	80.27873	0.10031	1	1	1
	-5	1	5	1.19491	-20.54370	-29.57082	36.00660	80.27873	0.34028	1	1	1
	-5	5	-1	1.19491	-29.57082	20.54370	36.00660	80.27873	0.34028	1	1	1
	-1	-7	-1	1.19491	-17.49265	8.72947	19.54980	80.27873	0.10031	1	1	1
	-5	5	1	1.19491	-20.54370	-29.57082	36.00660	80.27873	0.34028	1	1	1
	-5	-1	5	1.19491	-29.57082	20.54370	36.00660	80.27873	0.34028	1	1	1
	-5	1	-5	1.19491	-29.57082	20.54370	36.00660	80.27873	0.34028	1	1	1
	-5	-1	-5	1.19491	-20.54367	-29.57079	36.00660	80.27873	0.34028	1	1	1
	-5	-5	1	1.19491	-29.57081	20.54369	36.00660	80.27873	0.34028	1	1	1
	-1	5	5	1.19491	-20.54370	-29.57082	36.00660	80.27873	0.34028	1	1	1
	-1	7	-1	1.19491	-8.72948	-17.49264	19.54980	80.27873	0.10031	1	1	1
	1	-7	-1	1.19491	-8.72947	-17.49264	19.54980	80.27873	0.10031	1	1	1
	-1	7	1	1.19491	-17.49264	8.72947	19.54980	80.27873	0.10031	1	1	1
	1	-5	5	1.19491	-20.54370	-29.57082	36.00660	80.27873	0.34028	1	1	1
	1	-1	-7	1.19491	-8.72949	-17.49266	19.54990	80.27873	0.10031	1	1	1
	1	-5	-5	1.19491	-29.57082	20.54370	36.00660	80.27873	0.34028	1	1	1
	1	-7	1	1.19491	-17.49265	8.72947	19.54980	80.27873	0.10031	1	1	1
	-1	-1	7	1.19491	-8.72951	-17.49268	19.54990	80.27873	0.10031	1	1	1
	-1	1	-7	1.19491	-8.72949	-17.49266	19.54990	80.27873	0.10031	1	1	1
	-1	5	-5	1.19491	-29.57082	20.54370	36.00660	80.27873	0.34028	1	1	1
	-1	1	7	1.19491	-17.49266	8.72949	19.54990	80.27873	0.10031	1	1	1
	-1	-5	5	1.19491	-29.57082	20.54370	36.00660	80.27873	0.34028	1	1	1
	-1	-1	-7	1.19491	-17.49268	8.72951	19.54990	80.27873	0.10031	1	1	1
	-1	-5	-5	1.19491	-20.54367	-29.57079	36.00660	80.27873	0.34028	1	1	1
	-1	-7	1	1.19491	-8.72948	-17.49265	19.54980	80.27873	0.10031	1	1	1
	1	-1	7	1.19491	-17.49266	8.72949	19.54990	80.27873	0.10031	1	1	1
	1	1	-7	1.19491	-17.49268	8.72951	19.54990	80.27873	0.10031	1	1	1
	1	5	-5	1.19491	-20.54370	-29.57082	36.00660	80.27873	0.34028	1	1	1
	1	1	7	1.19491	-8.72950	-17.49268	19.54990	80.27873	0.10031	1	1	1
	1	7	1	1.19491	-8.72948	-17.49265	19.54980	80.27873	0.10031	1	1	1
	5	-5	-1	1.19491	-29.57082	20.54370	36.00660	80.27873	0.34028	1	1	1
	1	7	-1	1.19491	-17.49265	8.72948	19.54980	80.27873	0.10031	1	1	1
	1	5	5	1.19491	-29.57079	20.54367	36.00660	80.27873	0.34028	1	1	1
	5	1	5	1.19491	-29.57079	20.54367	36.00660	80.27873	0.34028	1	1	1
	5	5	-1	1.19491	-20.54369	-29.57081	36.00660	80.27873	0.34028	1	1	1
	7	-1	-1	1.19491	-8.72948	-17.49264	19.54980	80.27873	0.10031	1	1	1
	5	5	1	1.19491	-29.57083	20.54371	36.00660	80.27873	0.34028	1	1	1
	5	-1	5	1.19491	-20.54370	-29.57082	36.00660	80.27873	0.34028	1	1	1
	5	1	-5	1.19491	-20.54370	-29.57082	36.00660	80.27873	0.34028	1	1	1
	5	-1	-5	1.19491	-29.57082	20.54370	36.00660	80.27873	0.34028	1	1	1
	5	-5	1	1.19491	-20.54370	-29.57082	36.00660	80.27873	0.34028	1	1	1
	7	-1	1	1.19491	-17.49264	8.72947	19.54980	80.27873	0.10031	1	1	1
	7	1	-1	1.19491	-17.49265	8.72948	19.54980	80.27873	0.10031	1	1	1
	7	1	1	1.19491	-8.72948	-17.49265	19.54980	80.27873	0.10031	1	1	1
	-6	-4	-2	1.14032	77.46689	21.00079	80.26300	84.98765	1.56412	1	1	1
	-6	-4	2	1.14032	77.46689	21.00079	80.26300	84.98765	1.56412	1	1	1
	-6	-2	-4	1.14032	77.46690	21.00078	80.26300	84.98765	1.56412	1	1	1
	-4	-6	-2	1.14032	77.46689	21.00079	80.26300	84.98765	1.56412	1	1	1
	-6	2	-4	1.14032	77.46689	21.00078	80.26300	84.98765	1.56412	1	1	1
	2	-6	-4	1.14032	77.46689	21.00078	80.26300	84.98765	1.56412	1	1	1
	2	6	4	1.14032	77.46690	21.00079	80.26300	84.98765	1.56412	1	1	1
	-2	6	4	1.14032	77.46689	21.00079	80.26300	84.98765	1.56412	1	1	1
	-2	-6	-4	1.14032	77.46690	21.00078	80.26300	84.98765	1.56412	1	1	1
	4	6	2	1.14032	77.46689	21.00077	80.26300	84.98765	1.56412	1	1	1
	6	-2	4	1.14032	77.46689	21.00079	80.26300	84.98765	1.56412	1	1	1
	6	4	-2	1.14032	77.46689	21.00078	80.26300	84.98765	1.56412	1	1	1
	6	2	4	1.14032	77.46690	21.00079	80.26300	84.98765	1.56412	1	1	1
	6	4	2	1.14032	77.46689	21.00077	80.26300	84.98765	1.56412	1	1	1
	-6	-2	4	1.14032	77.46689	21.00079	80.26300	84.98765	1.56412	1	1	1
	-6	4	-2	1.14032	77.46689	21.00080	80.26300	84.98765	1.56412	1	1	1
	-6	2	4	1.14032	77.46690	21.00077	80.26300	84.98765	1.56412	1	1	1
	-6	4	2	1.14032	77.46690	21.00079	80.26300	84.98765	1.56412	1	1	1
	-4	-6	2	1.14032	77.46689	21.00079	80.26300	84.98765	1.56412	1	1	1
	-4	-2	-6	1.14032	77.46690	21.00079	80.26300	84.98765	1.56412	1	1	1
	-4	2	-6	1.14032	77.46690	21.00079	80.26300	84.98765	1.56412	1	1	1
	-4	-2	6	1.14032	77.46690	21.00079	80.26300	84.98765	1.56412	1	1	1
	-4	6	2	1.14032	77.46689	21.00077	80.26300	84.98765	1.56412	1	1	1
	-2	-6	4	1.14032	77.46689	21.00079	80.26300	84.98765	1.56412	1	1	1
	-4	6	-2	1.14032	77.46690	21.00078	80.26300	84.98765	1.56412	1	1	1
	-4	2	6	1.14032	77.46690	21.00078	80.26300	84.98765	1.56412	1	1	1
	-2	6	-4	1.14032	77.46690	21.00080	80.26300	84.98765	1.56412	1	1	1
	2	-6	4	1.14032	77.46690	21.00077	80.26300	84.98765	1.56412	1	1	1
	2	-4	6	1.14032	77.46690	21.00078	80.26300	84.98765	1.56412	1	1	1
	2	-4	-6	1.14032	77.46690	21.00079	80.26300	84.98765	1.56412	1	1	1
	-2	4	-6	1.14032	77.46690	21.00078	80.26300	84.98765	1.56412	1	1	1
	-2	4	6	1.14032	77.46690	21.00078	80.26300	84.98765	1.56412	1	1	1
	-2	-4	6	1.14032	77.46690	21.00079	80.26300	84.98765	1.56412	1	1	1
	-2	-4	-6	1.14032	77.46690	21.00079	80.26300	84.98765	1.56412	1	1	1
	2	4	-6	1.14032	77.46690	21.00078	80.26300	84.98765	1.56412	1	1	1
	2	4	6	1.14032	77.46690	21.00078	80.26300	84.98765	1.56412	1	1	1
	4	-6	-2	1.14032	77.46689	21.00080	80.26300	84.98765	1.56412	1	1	1
	2	6	-4	1.14032	77.46689	21.00078	80.26300	84.98765	1.56412	1	1	1
	4	-2	6	1.14032	77.46690	21.00078	80.26300	84.98765	1.56412	1	1	1
	4	2	-6	1.14032	77.46690	21.00078	80.26300	84.98765	1.56412	1	1	1
	4	-2	-6	1.14032	77.46690	21.00078	80.26300	84.98765	1.56412	1	1	1
	4	-6	2	1.14032	77.46690	21.00079	80.26300	84.98765	1.56412	1	1	1
	4	2	6	1.14032	77.46690	21.00078	80.26300	84.98765	1.56412	1	1	1
	4	6	-2	1.14032	77.46689	21.00078	80.26300	84.98765	1.56412	1	1	1
	6	-4	2	1.14032	77.46689	21.00077	80.26300	84.98765	1.56412	1	1	1
	6	-4	-2	1.14032	77.46690	21.00078	80.26300	84.98765	1.56412	1	1	1
	6	-2	-4	1.14032	77.46690	21.00080	80.26300	84.98765	1.56412	1	1	1
	6	2	-4	1.14032	77.46689	21.00078	80.26300	84.98765	1.56412	1	1	1
	-5	-5	3	1.11095	69.10293	119.37667	137.93500	87.79474	4.45916	1	1	1
	-5	-3	-5	1.11095	119.37667	-69.10293	137.93500	87.79474	4.45916	1	1	1
	-5	-5	-3	1.11095	119.37667	-69.10293	137.93500	87.79474	4.45916	1	1	1
	-5	5	3	1.11095	119.37668	-69.10294	137.93500	87.79474	4.45916	1	1	1
	-3	-5	-5	1.11095	119.37667	-69.10293	137.93500	87.79474	4.45916	1	1	1
	-3	5	-5	1.11095	69.10294	119.37668	137.93500	87.79474	4.45916	1	1	1
	-3	-5	5	1.11095	69.10293	119.37667	137.93500	87.79474	4.45916	1	1	1
	-5	3	5	1.11095	119.37668	-69.10295	137.93500	87.79474	4.45916	1	1	1
	-5	5	-3	1.11095	69.10294	119.37668	137.93500	87.79474	4.45916	1	1	1
	-5	3	-5	1.11095	69.10293	119.37667	137.93500	87.79474	4.45916	1	1	1
	-5	-3	5	1.11095	69.10293	119.37667	137.93500	87.79474	4.45916	1	1	1
	-3	5	5	1.11095	119.37667	-69.10293	137.93500	87.79474	4.45916	1	1	1
	3	-5	-5	1.11095	69.10293	119.37667	137.93500	87.79474	4.45916	1	1	1
	3	5	-5	1.11095	119.37667	-69.10293	137.93500	87.79474	4.45916	1	1	1
	3	-5	5	1.11095	119.37668	-69.10295	137.93500	87.79474	4.45916	1	1	1
	5	-5	3	1.11095	119.37668	-69.10294	137.93500	87.79474	4.45916	1	1	1
	5	-3	-5	1.11095	69.10294	119.37668	137.93500	87.79474	4.45916	1	1	1
	5	-5	-3	1.11095	69.10294	119.37668	137.93500	87.79474	4.45916	1	1	1
	3	5	5	1.11095	69.10293	119.37667	137.93500	87.79474	4.45916	1	1	1
	5	-3	5	1.11095	119.37667	-69.10293	137.93500	87.79474	4.45916	1	1	1
	5	3	-5	1.11095	119.37667	-69.10293	137.93500	87.79474	4.45916	1	1	1
	5	5	-3	1.11095	119.37667	-69.10293	137.93500	87.79474	4.45916	1	1	1
	5	3	5	1.11095	69.10293	119.37667	137.93500	87.79474	4.45916	1	1	1
	5	5	3	1.11095	69.10293	119.37667	137.93500	87.79474	4.45916	1	1	1
	-7	-3	-1	1.11095	58.61522	108.63447	123.43900	87.79474	3.57117	1	1	1
	-7	-1	-3	1.11095	58.61521	108.63445	123.43900	87.79474	3.57117	1	1	1
	-7	-3	1	1.11095	108.63448	-58.61523	123.43900	87.79474	3.57117	1	1	1
	-7	-1	3	1.11095	108.63447	-58.61522	123.43900	87.79474	3.57117	1	1	1
	-7	1	-3	1.11095	108.63446	-58.61521	123.43900	87.79474	3.57117	1	1	1
	-7	1	3	1.11095	58.61522	108.63447	123.43900	87.79474	3.57117	1	1	1
	-7	3	1	1.11095	58.61522	108.63447	123.43900	87.79474	3.57117	1	1	1
	-7	3	-1	1.11095	108.63447	-58.61522	123.43900	87.79474	3.57117	1	1	1
	-3	-1	-7	1.11095	58.61521	108.63445	123.43900	87.79474	3.57117	1	1	1
	-3	-1	7	1.11095	108.63447	-58.61522	123.43900	87.79474	3.57117	1	1	1
	-3	-7	1	1.11095	108.63448	-58.61523	123.43900	87.79474	3.57117	1	1	1
	-3	-7	-1	1.11095	58.61522	108.63447	123.43900	87.79474	3.57117	1	1	1
	-1	-7	-3	1.11095	58.61521	108.63445	123.43900	87.79474	3.57117	1	1	1
	-1	-7	3	1.11095	108.63447	-58.61522	123.43900	87.79474	3.57117	1	1	1
	-1	-3	7	1.11095	108.63447	-58.61522	123.43900	87.79474	3.57117	1	1	1
	-1	-3	-7	1.11095	58.61521	108.63445	123.43900	87.79474	3.57117	1	1	1
	-3	7	-1	1.11095	108.63446	-58.61522	123.43900	87.79474	3.57117	1	1	1
	-3	7	1	1.11095	58.61522	108.63447	123.43900	87.79474	3.57117	1	1	1
	-3	1	7	1.11095	58.61523	108.63447	123.43900	87.79474	3.57117	1	1	1
	-3	1	-7	1.11095	108.63447	-58.61523	123.43900	87.79474	3.57117	1	1	1
	1	3	-7	1.11095	58.61522	108.63447	123.43900	87.79474	3.57117	1	1	1
	1	3	7	1.11095	108.63445	-58.61521	123.43900	87.79474	3.57117	1	1	1
	1	7	3	1.11095	108.63445	-58.61520	123.43900	87.79474	3.57117	1	1	1
	1	7	-3	1.11095	58.61522	108.63446	123.43900	87.79474	3.57117	1	1	1
	3	-1	-7	1.11095	108.63447	-58.61523	123.43900	87.79474	3.57117	1	1	1
	3	-1	7	1.11095	58.61522	108.63447	123.43900	87.79474	3.57117	1	1	1
	3	-7	1	1.11095	58.61522	108.63447	123.43900	87.79474	3.57117	1	1	1
	3	-7	-1	1.11095	108.63447	-58.61522	123.43900	87.79474	3.57117	1	1	1
	1	-7	-3	1.11095	108.63446	-58.61521	123.43900	87.79474	3.57117	1	1	1
	1	-7	3	1.11095	58.61522	108.63447	123.43900	87.79474	3.57117	1	1	1
	1	-3	7	1.11095	58.61523	108.63447	123.43900	87.79474	3.57117	1	1	1
	1	-3	-7	1.11095	108.63447	-58.61523	123.43900	87.79474	3.57117	1	1	1
	-1	7	-3	1.11095	108.63447	-58.61522	123.43900	87.79474	3.57117	1	1	1
	-1	7	3	1.11095	58.61521	108.63446	123.43900	87.79474	3.57117	1	1	1
	-1	3	7	1.11095	58.61522	108.63447	123.43900	87.79474	3.57117	1	1	1
	-1	3	-7	1.11095	108.63447	-58.61523	123.43900	87.79474	3.57117	1	1	1
	3	1	-7	1.11095	58.61522	108.63447	123.43900	87.79474	3.57117	1	1	1
	3	1	7	1.11095	108.63445	-58.61521	123.43900	87.79474	3.57117	1	1	1
	3	7	1	1.11095	108.63447	-58.61522	123.43900	87.79474	3.57117	1	1	1
	3	7	-1	1.11095	58.61523	108.63448	123.43900	87.79474	3.57117	1	1	1
	7	-1	-3	1.11095	108.63447	-58.61522	123.43900	87.79474	3.57117	1	1	1
	7	-1	3	1.11095	58.61521	108.63446	123.43900	87.79474	3.57117	1	1	1
	7	-3	1	1.11095	58.61522	108.63447	123.43900	87.79474	3.57117	1	1	1
	7	-3	-1	1.11095	108.63446	-58.61522	123.43900	87.79474	3.57117	1	1	1
	7	1	-3	1.11095	58.61522	108.63446	123.43900	87.79474	3.57117	1	1	1
	7	1	3	1.11095	108.63445	-58.61520	123.43900	87.79474	3.57117	1	1	1
	7	3	1	1.11095	108.63447	-58.61522	123.43900	87.79474	3.57117	1	1	1
	7	3	-1	1.11095	58.61523	108.63448	123.43900	87.79474	3.57117	1	1	1
	-8	0	0	1.06667	274.82700	62.07729	281.75100	92.46477	17.87359	1	1	1
	0	0	-8	1.06667	274.82700	62.07729	281.75100	92.46477	17.87359	1	1	1
	0	-8	0	1.06667	274.82700	62.07729	281.75100	92.46477	17.87359	1	1	1
	0	0	8	1.06667	274.82700	62.07730	281.75100	92.46477	17.87359	1	1	1
	0	8	0	1.06667	274.82700	62.07730	281.75100	92.46477	17.87359	1	1	1
	8	0	0	1.06667	274.82700	62.07730	281.75100	92.46477	17.87359	1	1	1
	-3	-7	3	1.04252	-2.14921	-10.32076	10.54220	95.27269	0.02470	1	1	1
	-3	-3	-7	1.04252	-10.32078	2.14924	10.54220	95.27269	0.02470	1	1	1
	-3	3	-7	1.04252	-2.14921	-10.32075	10.54220	95.27269	0.02470	1	1	1
	-3	-3	7	1.04252	-2.14919	-10.32074	10.54210	95.27269	0.02470	1	1	1
	-3	7	3	1.04252	-10.32074	2.14920	10.54210	95.27269	0.02470	1	1	1
	3	-7	-3	1.04252	-2.14920	-10.32074	10.54210	95.27269	0.02470	1	1	1
	-3	7	-3	1.04252	-2.14920	-10.32074	10.54210	95.27269	0.02470	1	1	1
	-3	3	7	1.04252	-10.32075	2.14921	10.54220	95.27269	0.02470	1	1	1
	-7	-3	3	1.04252	-2.14921	-10.32076	10.54220	95.27269	0.02470	1	1	1
	-7	3	-3	1.04252	-2.14920	-10.32074	10.54210	95.27269	0.02470	1	1	1
	-3	-7	-3	1.04252	-10.32075	2.14921	10.54220	95.27269	0.02470	1	1	1
	-7	3	3	1.04252	-10.32074	2.14920	10.54210	95.27269	0.02470	1	1	1
	-7	-3	-3	1.04252	-10.32075	2.14921	10.54220	95.27269	0.02470	1	1	1
	3	-7	3	1.04252	-10.32074	2.14920	10.54210	95.27269	0.02470	1	1	1
	3	-3	-7	1.04252	-2.14921	-10.32075	10.54220	95.27269	0.02470	1	1	1
	3	3	-7	1.04252	-10.32074	2.14919	10.54210	95.27269	0.02470	1	1	1
	3	-3	7	1.04252	-10.32075	2.14921	10.54220	95.27269	0.02470	1	1	1
	3	7	3	1.04252	-2.14921	-10.32075	10.54220	95.27269	0.02470	1	1	1
	7	-3	-3	1.04252	-2.14920	-10.32074	10.54210	95.27269	0.02470	1	1	1
	3	7	-3	1.04252	-10.32076	2.14922	10.54220	95.27269	0.02470	1	1	1
	3	3	7	1.04252	-2.14924	-10.32078	10.54220	95.27269	0.02470	1	1	1
	7	-3	3	1.04252	-10.32074	2.14920	10.54210	95.27269	0.02470	1	1	1
	7	3	-3	1.04252	-10.32076	2.14922	10.54220	95.27269	0.02470	1	1	1
	7	3	3	1.04252	-2.14921	-10.32075	10.54220	95.27269	0.02470	1	1	1
	-6	-4	4	1.03482	0.00953	-0.73563	0.73569	96.21116	0.00012	1	1	1
	-4	-6	-4	1.03482	-0.00951	0.73563	0.73569	96.21116	0.00012	1	1	1
	-4	-4	6	1.03482	0.00954	-0.73564	0.73570	96.21116	0.00012	1	1	1
	-4	-4	-6	1.03482	-0.00953	0.73563	0.73570	96.21116	0.00012	1	1	1
	-6	-4	-4	1.03482	-0.00951	0.73563	0.73569	96.21116	0.00012	1	1	1
	-4	4	-6	1.03482	0.00953	-0.73563	0.73569	96.21116	0.00012	1	1	1
	-4	4	6	1.03482	-0.00954	0.73563	0.73569	96.21116	0.00012	1	1	1
	4	-4	6	1.03482	-0.00954	0.73563	0.73569	96.21116	0.00012	1	1	1
	4	-4	-6	1.03482	0.00953	-0.73563	0.73569	96.21116	0.00012	1	1	1
	4	6	4	1.03482	0.00955	-0.73563	0.73569	96.21116	0.00012	1	1	1
	6	4	-4	1.03482	-0.00954	0.73563	0.73569	96.21116	0.00012	1	1	1
	4	4	6	1.03482	0.00954	-0.73563	0.73570	96.21116	0.00012	1	1	1
	4	4	-6	1.03482	-0.00954	0.73564	0.73570	96.21116	0.00012	1	1	1
	6	4	4	1.03482	0.00955	-0.73563	0.73569	96.21116	0.00012	1	1	1
	-6	4	-4	1.03482	0.00954	-0.73563	0.73569	96.21116	0.00012	1	1	1
	-6	4	4	1.03482	-0.00954	0.73564	0.73570	96.21116	0.00012	1	1	1
	-4	6	-4	1.03482	0.00953	-0.73564	0.73570	96.21116	0.00012	1	1	1
	-4	-6	4	1.03482	0.00953	-0.73563	0.73569	96.21116	0.00012	1	1	1
	4	-6	4	1.03482	-0.00954	0.73564	0.73570	96.21116	0.00012	1	1	1
	4	6	-4	1.03482	-0.00954	0.73563	0.73569	96.21116	0.00012	1	1	1
	4	-6	-4	1.03482	0.00954	-0.73563	0.73569	96.21116	0.00012	1	1	1
	-4	6	4	1.03482	-0.00953	0.73563	0.73569	96.21116	0.00012	1	1	1
	6	-4	-4	1.03482	0.00953	-0.73564	0.73570	96.21116	0.00012	1	1	1
	6	-4	4	1.03482	-0.00953	0.73563	0.73569	96.21116	0.00012	1	1	1
	-2	2	-8	1.00567	64.71487	19.87353	67.69760	99.98444	1.01470	1	1	1
	-2	2	8	1.00567	64.71487	19.87352	67.69760	99.98444	1.01470	1	1	1
	-2	8	2	1.00567	64.71487	19.87352	67.69760	99.98444	1.01470	1	1	1
	-2	8	-2	1.00567	64.71486	19.87353	67.69760	99.98444	1.01470	1	1	1
	2	-2	-8	1.00567	64.71487	19.87353	67.69760	99.98444	1.01470	1	1	1
	2	-2	8	1.00567	64.71487	19.87352	67.69760	99.98444	1.01470	1	1	1
	2	-8	2	1.00567	64.71486	19.87353	67.69760	99.98444	1.01470	1	1	1
	2	-8	-2	1.00567	64.71487	19.87353	67.69760	99.98444	1.01470	1	1	1
	8	-2	-2	1.00567	64.71486	19.87353	67.69760	99.98444	1.01470	1	1	1
	8	-2	2	1.00567	64.71487	19.87352	67.69760	99.98444	1.01470	1	1	1
	8	2	2	1.00567	64.71486	19.87353	67.69760	99.98444	1.01470	1	1	1
	8	2	-2	1.00567	64.71487	19.87353	67.69760	99.98444	1.01470	1	1	1
	2	8	-2	1.00567	64.71487	19.87353	67.69760	99.98444	1.01470	1	1	1
	2	8	2	1.00567	64.71486	19.87353	67.69760	99.98444	1.01470	1	1	1
	2	2	8	1.00567	64.71486	19.87353	67.69760	99.98444	1.01470	1	1	1
	2	2	-8	1.00567	64.71487	19.87352	67.69760	99.98444	1.01470	1	1	1
	-8	-2	-2	1.00567	64.71486	19.87352	67.69760	99.98444	1.01470	1	1	1
	-8	-2	2	1.00567	64.71487	19.87353	67.69760	99.98444	1.01470	1	1	1
	-8	2	2	1.00567	64.71486	19.87353	67.69760	99.98444	1.01470	1	1	1
	-8	2	-2	1.00567	64.71487	19.87353	67.69760	99.98444	1.01470	1	1	1
	-2	-2	-8	1.00567	64.71486	19.87352	67.69760	99.98444	1.01470	1	1	1
	-2	-2	8	1.00567	64.71487	19.87353	67.69760	99.98444	1.01470	1	1	1
	-2	-8	2	1.00567	64.71487	19.87353	67.69760	99.98444	1.01470	1	1	1
	-2	-8	-2	1.00567	64.71486	19.87352	67.69760	99.98444	1.01470	1	1	1
	-6	-6	0	1.00567	66.13702	19.89254	69.06390	99.98444	1.05607	1	1	1
	-6	0	-6	1.00567	66.13702	19.89254	69.06390	99.98444	1.05607	1	1	1
	-6	0	6	1.00567	66.13702	19.89254	69.06390	99.98444	1.05607	1	1	1
	0	-6	-6	1.00567	66.13702	19.89254	69.06390	99.98444	1.05607	1	1	1
	-6	6	0	1.00567	66.13702	19.89254	69.06390	99.98444	1.05607	1	1	1
	0	6	6	1.00567	66.13702	19.89254	69.06390	99.98444	1.05607	1	1	1
	6	-6	0	1.00567	66.13702	19.89254	69.06390	99.98444	1.05607	1	1	1
	0	6	-6	1.00567	66.13702	19.89254	69.06390	99.98444	1.05607	1	1	1
	0	-6	6	1.00567	66.13702	19.89254	69.06390	99.98444	1.05607	1	1	1
	6	0	-6	1.00567	66.13702	19.89254	69.06390	99.98444	1.05607	1	1	1
	6	0	6	1.00567	66.13702	19.89254	69.06390	99.98444	1.05607	1	1	1
	6	6	0	1.00567	66.13702	19.89254	69.06390	99.98444	1.05607	1	1	1
	-5	-7	-1	0.98535	98.70071	-51.23509	111.20600	102.84249	2.76084	1	1	1
	-5	-7	1	0.98535	51.23507	98.70070	111.20600	102.84249	2.76084	1	1	1
	-5	-5	5	0.98535	107.69382	-59.98585	123.27300	102.84249	3.39249	1	1	1
	-5	-5	-5	0.98535	59.98585	107.69382	123.27300	102.84249	3.39249	1	1	1
	-5	1	-7	0.98535	51.23508	98.70070	111.20600	102.84249	2.76084	1	1	1
	-5	1	7	0.98535	98.70070	-51.23508	111.20600	102.84249	2.76084	1	1	1
	-5	-1	7	0.98535	51.23508	98.70070	111.20600	102.84249	2.76084	1	1	1
	-5	-1	-7	0.98535	98.70071	-51.23508	111.20600	102.84249	2.76084	1	1	1
	-7	1	-5	0.98535	51.23509	98.70071	111.20600	102.84249	2.76084	1	1	1
	-7	1	5	0.98535	98.70071	-51.23509	111.20600	102.84249	2.76084	1	1	1
	-7	5	1	0.98535	98.70071	-51.23509	111.20600	102.84249	2.76084	1	1	1
	-7	5	-1	0.98535	51.23509	98.70071	111.20600	102.84249	2.76084	1	1	1
	-7	-1	-5	0.98535	98.70071	-51.23509	111.20600	102.84249	2.76084	1	1	1
	-7	-1	5	0.98535	51.23509	98.70071	111.20600	102.84249	2.76084	1	1	1
	-7	-5	1	0.98535	51.23507	98.70070	111.20600	102.84249	2.76084	1	1	1
	-7	-5	-1	0.98535	98.70071	-51.23509	111.20600	102.84249	2.76084	1	1	1
	-5	5	-5	0.98535	107.69382	-59.98585	123.27300	102.84249	3.39249	1	1	1
	-5	5	5	0.98535	59.98585	107.69382	123.27300	102.84249	3.39249	1	1	1
	-5	7	-1	0.98535	51.23509	98.70071	111.20600	102.84249	2.76084	1	1	1
	-1	-7	-5	0.98535	98.70071	-51.23509	111.20600	102.84249	2.76084	1	1	1
	-5	7	1	0.98535	98.70071	-51.23509	111.20600	102.84249	2.76084	1	1	1
	-1	-5	7	0.98535	51.23508	98.70070	111.20600	102.84249	2.76084	1	1	1
	-1	5	-7	0.98535	51.23508	98.70070	111.20600	102.84249	2.76084	1	1	1
	-1	-5	-7	0.98535	98.70071	-51.23508	111.20600	102.84249	2.76084	1	1	1
	-1	-7	5	0.98535	51.23509	98.70071	111.20600	102.84249	2.76084	1	1	1
	1	-7	5	0.98535	98.70071	-51.23509	111.20600	102.84249	2.76084	1	1	1
	1	-5	-7	0.98535	51.23508	98.70070	111.20600	102.84249	2.76084	1	1	1
	1	5	-7	0.98535	98.70070	-51.23508	111.20600	102.84249	2.76084	1	1	1
	1	-5	7	0.98535	98.70070	-51.23508	111.20600	102.84249	2.76084	1	1	1
	-1	7	5	0.98535	98.70071	-51.23508	111.20600	102.84249	2.76084	1	1	1
	1	-7	-5	0.98535	51.23509	98.70071	111.20600	102.84249	2.76084	1	1	1
	-1	7	-5	0.98535	51.23509	98.70071	111.20600	102.84249	2.76084	1	1	1
	-1	5	7	0.98535	98.70070	-51.23508	111.20600	102.84249	2.76084	1	1	1
	5	-1	7	0.98535	98.70070	-51.23508	111.20600	102.84249	2.76084	1	1	1
	5	1	-7	0.98535	98.70070	-51.23508	111.20600	102.84249	2.76084	1	1	1
	5	5	-5	0.98535	59.98585	107.69382	123.27300	102.84249	3.39249	1	1	1
	5	1	7	0.98535	51.23509	98.70071	111.20600	102.84249	2.76084	1	1	1
	5	7	1	0.98535	51.23509	98.70072	111.20600	102.84249	2.76084	1	1	1
	7	-5	-1	0.98535	51.23509	98.70071	111.20600	102.84249	2.76084	1	1	1
	5	7	-1	0.98535	98.70069	-51.23508	111.20600	102.84249	2.76084	1	1	1
	5	5	5	0.98535	107.69382	-59.98585	123.27300	102.84249	3.39249	1	1	1
	5	-7	1	0.98535	98.70071	-51.23509	111.20600	102.84249	2.76084	1	1	1
	5	-5	-5	0.98535	107.69382	-59.98585	123.27300	102.84249	3.39249	1	1	1
	5	-1	-7	0.98535	51.23508	98.70070	111.20600	102.84249	2.76084	1	1	1
	5	-5	5	0.98535	59.98585	107.69382	123.27300	102.84249	3.39249	1	1	1
	1	7	5	0.98535	51.23509	98.70071	111.20600	102.84249	2.76084	1	1	1
	5	-7	-1	0.98535	51.23509	98.70071	111.20600	102.84249	2.76084	1	1	1
	1	7	-5	0.98535	98.70071	-51.23509	111.20600	102.84249	2.76084	1	1	1
	1	5	7	0.98535	51.23509	98.70071	111.20600	102.84249	2.76084	1	1	1
	7	-5	1	0.98535	98.70071	-51.23509	111.20600	102.84249	2.76084	1	1	1
	7	-1	-5	0.98535	51.23509	98.70071	111.20600	102.84249	2.76084	1	1	1
	7	1	-5	0.98535	98.70071	-51.23509	111.20600	102.84249	2.76084	1	1	1
	7	-1	5	0.98535	98.70071	-51.23508	111.20600	102.84249	2.76084	1	1	1
	7	1	5	0.98535	51.23509	98.70071	111.20600	102.84249	2.76084	1	1	1
	7	5	-1	0.98535	98.70069	-51.23508	111.20600	102.84249	2.76084	1	1	1
	7	5	1	0.98535	51.23509	98.70072	111.20600	102.84249	2.76084	1	1	1
	-6	-6	-2	0.97884	-38.43247	68.10372	78.19960	103.80207	1.37130	1	1	1
	-6	2	6	0.97884	-38.43247	68.10372	78.19960	103.80207	1.37130	1	1	1
	-6	6	-2	0.97884	38.43247	-68.10372	78.19960	103.80207	1.37130	1	1	1
	-2	-6	-6	0.97884	-38.43248	68.10371	78.19960	103.80207	1.37130	1	1	1
	-6	6	2	0.97884	-38.43249	68.10372	78.19960	103.80207	1.37130	1	1	1
	-6	-2	6	0.97884	38.43248	-68.10373	78.19960	103.80207	1.37130	1	1	1
	-6	2	-6	0.97884	38.43247	-68.10372	78.19960	103.80207	1.37130	1	1	1
	-6	-2	-6	0.97884	-38.43248	68.10371	78.19960	103.80207	1.37130	1	1	1
	-6	-6	2	0.97884	38.43248	-68.10373	78.19960	103.80207	1.37130	1	1	1
	-2	-6	6	0.97884	38.43248	-68.10373	78.19960	103.80207	1.37130	1	1	1
	-2	6	-6	0.97884	38.43248	-68.10372	78.19960	103.80207	1.37130	1	1	1
	2	-6	-6	0.97884	38.43247	-68.10372	78.19960	103.80207	1.37130	1	1	1
	-2	6	6	0.97884	-38.43248	68.10372	78.19960	103.80207	1.37130	1	1	1
	2	6	6	0.97884	38.43247	-68.10371	78.19960	103.80207	1.37130	1	1	1
	6	-6	-2	0.97884	38.43247	-68.10372	78.19960	103.80207	1.37130	1	1	1
	2	6	-6	0.97884	-38.43247	68.10373	78.19960	103.80207	1.37130	1	1	1
	2	-6	6	0.97884	-38.43247	68.10372	78.19960	103.80207	1.37130	1	1	1
	6	-6	2	0.97884	-38.43249	68.10372	78.19960	103.80207	1.37130	1	1	1
	6	-2	-6	0.97884	38.43248	-68.10372	78.19960	103.80207	1.37130	1	1	1
	6	2	-6	0.97884	-38.43247	68.10373	78.19960	103.80207	1.37130	1	1	1
	6	-2	6	0.97884	-38.43248	68.10372	78.19960	103.80207	1.37130	1	1	1
	6	2	6	0.97884	38.43247	-68.10371	78.19960	103.80207	1.37130	1	1	1
	6	6	-2	0.97884	-38.43247	68.10373	78.19960	103.80207	1.37130	1	1	1
	6	6	2	0.97884	38.43248	-68.10372	78.19960	103.80207	1.37130	1	1	1
	-8	-4	0	0.95406	-113.09497	-20.08904	114.86500	107.68336	3.03774	1	1	1
	-8	0	-4	0.95406	-113.09497	-20.08904	114.86500	107.68336	3.03774	1	1	1
	-8	4	0	0.95406	-113.09497	-20.08904	114.86500	107.68336	3.03774	1	1	1
	-8	0	4	0.95406	-113.09497	-20.08904	114.86500	107.68336	3.03774	1	1	1
	0	4	-8	0.95406	-113.09497	-20.08904	114.86500	107.68336	3.03774	1	1	1
	0	4	8	0.95406	-113.09497	-20.08904	114.86500	107.68336	3.03774	1	1	1
	0	8	4	0.95406	-113.09497	-20.08904	114.86500	107.68336	3.03774	1	1	1
	0	8	-4	0.95406	-113.09497	-20.08905	114.86500	107.68336	3.03774	1	1	1
	4	0	8	0.95406	-113.09497	-20.08904	114.86500	107.68336	3.03774	1	1	1
	4	8	0	0.95406	-113.09497	-20.08904	114.86500	107.68336	3.03774	1	1	1
	4	0	-8	0.95406	-113.09497	-20.08904	114.86500	107.68336	3.03774	1	1	1
	4	-8	0	0.95406	-113.09497	-20.08904	114.86500	107.68336	3.03774	1	1	1
	0	-8	-4	0.95406	-113.09497	-20.08904	114.86500	107.68336	3.03774	1	1	1
	0	-8	4	0.95406	-113.09497	-20.08904	114.86500	107.68336	3.03774	1	1	1
	0	-4	8	0.95406	-113.09497	-20.08905	114.86500	107.68336	3.03774	1	1	1
	0	-4	-8	0.95406	-113.09497	-20.08904	114.86500	107.68336	3.03774	1	1	1
	-4	0	8	0.95406	-113.09497	-20.08905	114.86500	107.68336	3.03774	1	1	1
	-4	8	0	0.95406	-113.09497	-20.08905	114.86500	107.68336	3.03774	1	1	1
	-4	0	-8	0.95406	-113.09497	-20.08904	114.86500	107.68336	3.03774	1	1	1
	-4	-8	0	0.95406	-113.09497	-20.08904	114.86500	107.68336	3.03774	1	1	1
	8	-4	0	0.95406	-113.09497	-20.08905	114.86500	107.68336	3.03774	1	1	1
	8	0	-4	0.95406	-113.09497	-20.08905	114.86500	107.68336	3.03774	1	1	1
	8	4	0	0.95406	-113.09497	-20.08904	114.86500	107.68336	3.03774	1	1	1
	8	0	4	0.95406	-113.09497	-20.08904	114.86500	107.68336	3.03774	1	1	1
	-1	-9	-1	0.93666	-13.55454	-21.64210	25.53640	110.64932	0.15449	1	1	1
	-1	-9	1	0.93666	-21.64206	13.55450	25.53630	110.64932	0.15449	1	1	1
	-1	-1	9	0.93666	-21.64210	13.55453	25.53640	110.64932	0.15449	1	1	1
	-1	-1	-9	0.93666	-13.55454	-21.64210	25.53640	110.64932	0.15449	1	1	1
	-9	1	-1	0.93666	-21.64206	13.55451	25.53630	110.64932	0.15449	1	1	1
	-9	1	1	0.93666	-13.55451	-21.64207	25.53630	110.64932	0.15449	1	1	1
	-9	-1	1	0.93666	-21.64206	13.55450	25.53630	110.64932	0.15449	1	1	1
	-9	-1	-1	0.93666	-13.55454	-21.64210	25.53640	110.64932	0.15449	1	1	1
	-1	1	-9	0.93666	-21.64207	13.55452	25.53630	110.64932	0.15449	1	1	1
	-1	1	9	0.93666	-13.55452	-21.64208	25.53630	110.64932	0.15449	1	1	1
	-1	9	-1	0.93666	-21.64207	13.55451	25.53630	110.64932	0.15449	1	1	1
	1	-9	-1	0.93666	-21.64206	13.55451	25.53630	110.64932	0.15449	1	1	1
	-1	9	1	0.93666	-13.55450	-21.64206	25.53630	110.64932	0.15449	1	1	1
	1	-1	9	0.93666	-13.55452	-21.64208	25.53630	110.64932	0.15449	1	1	1
	1	1	-9	0.93666	-13.55454	-21.64209	25.53640	110.64932	0.15449	1	1	1
	1	-1	-9	0.93666	-21.64207	13.55452	25.53630	110.64932	0.15449	1	1	1
	1	-9	1	0.93666	-13.55451	-21.64207	25.53630	110.64932	0.15449	1	1	1
	1	1	9	0.93666	-21.64210	13.55454	25.53640	110.64932	0.15449	1	1	1
	1	9	-1	0.93666	-13.55450	-21.64206	25.53630	110.64932	0.15449	1	1	1
	9	-1	-1	0.93666	-21.64207	13.55451	25.53630	110.64932	0.15449	1	1	1
	1	9	1	0.93666	-21.64210	13.55454	25.53640	110.64932	0.15449	1	1	1
	9	-1	1	0.93666	-13.55450	-21.64206	25.53630	110.64932	0.15449	1	1	1
	9	1	-1	0.93666	-13.55450	-21.64206	25.53630	110.64932	0.15449	1	1	1
	9	1	1	0.93666	-21.64210	13.55454	25.53640	110.64932	0.15449	1	1	1
	-7	-5	-3	0.93666	-5.55349	-13.40739	14.51200	110.64932	0.04989	1	1	1
	-5	-7	3	0.93666	-13.40740	5.55350	14.51210	110.64932	0.04989	1	1	1
	-5	-3	-7	0.93666	-5.55349	-13.40738	14.51200	110.64932	0.04989	1	1	1
	-5	3	-7	0.93666	-13.40741	5.55351	14.51210	110.64932	0.04989	1	1	1
	-5	-3	7	0.93666	-13.40740	5.55350	14.51210	110.64932	0.04989	1	1	1
	-5	7	3	0.93666	-5.55351	-13.40740	14.51210	110.64932	0.04989	1	1	1
	-3	-7	-5	0.93666	-5.55351	-13.40739	14.51210	110.64932	0.04989	1	1	1
	-5	7	-3	0.93666	-13.40741	5.55351	14.51210	110.64932	0.04989	1	1	1
	-5	3	7	0.93666	-5.55351	-13.40741	14.51210	110.64932	0.04989	1	1	1
	-7	3	5	0.93666	-5.55350	-13.40739	14.51210	110.64932	0.04989	1	1	1
	-7	5	-3	0.93666	-13.40740	5.55351	14.51210	110.64932	0.04989	1	1	1
	-5	-7	-3	0.93666	-5.55349	-13.40739	14.51200	110.64932	0.04989	1	1	1
	-7	5	3	0.93666	-5.55351	-13.40741	14.51210	110.64932	0.04989	1	1	1
	-7	-3	5	0.93666	-13.40741	5.55352	14.51210	110.64932	0.04989	1	1	1
	-7	3	-5	0.93666	-13.40740	5.55350	14.51210	110.64932	0.04989	1	1	1
	-7	-3	-5	0.93666	-5.55351	-13.40739	14.51210	110.64932	0.04989	1	1	1
	-7	-5	3	0.93666	-13.40740	5.55350	14.51210	110.64932	0.04989	1	1	1
	-3	-7	5	0.93666	-13.40741	5.55352	14.51210	110.64932	0.04989	1	1	1
	-3	-5	-7	0.93666	-5.55349	-13.40738	14.51200	110.64932	0.04989	1	1	1
	-3	-5	7	0.93666	-13.40740	5.55350	14.51210	110.64932	0.04989	1	1	1
	-3	5	7	0.93666	-5.55351	-13.40740	14.51210	110.64932	0.04989	1	1	1
	-3	5	-7	0.93666	-13.40741	5.55351	14.51210	110.64932	0.04989	1	1	1
	3	-7	-5	0.93666	-13.40740	5.55350	14.51210	110.64932	0.04989	1	1	1
	3	-7	5	0.93666	-5.55350	-13.40739	14.51210	110.64932	0.04989	1	1	1
	-3	7	5	0.93666	-5.55351	-13.40740	14.51210	110.64932	0.04989	1	1	1
	-3	7	-5	0.93666	-13.40740	5.55350	14.51210	110.64932	0.04989	1	1	1
	3	7	-5	0.93666	-5.55352	-13.40741	14.51210	110.64932	0.04989	1	1	1
	3	7	5	0.93666	-13.40740	5.55350	14.51210	110.64932	0.04989	1	1	1
	5	-7	3	0.93666	-5.55351	-13.40741	14.51210	110.64932	0.04989	1	1	1
	5	-7	-3	0.93666	-13.40740	5.55351	14.51210	110.64932	0.04989	1	1	1
	3	5	-7	0.93666	-5.55350	-13.40739	14.51210	110.64932	0.04989	1	1	1
	3	5	7	0.93666	-13.40738	5.55349	14.51200	110.64932	0.04989	1	1	1
	3	-5	7	0.93666	-5.55351	-13.40741	14.51210	110.64932	0.04989	1	1	1
	3	-5	-7	0.93666	-13.40741	5.55351	14.51210	110.64932	0.04989	1	1	1
	5	-3	-7	0.93666	-13.40741	5.55351	14.51210	110.64932	0.04989	1	1	1
	5	-3	7	0.93666	-5.55351	-13.40740	14.51210	110.64932	0.04989	1	1	1
	5	3	7	0.93666	-13.40738	5.55349	14.51200	110.64932	0.04989	1	1	1
	5	3	-7	0.93666	-5.55350	-13.40739	14.51210	110.64932	0.04989	1	1	1
	7	-5	-3	0.93666	-13.40741	5.55351	14.51210	110.64932	0.04989	1	1	1
	7	-5	3	0.93666	-5.55351	-13.40740	14.51210	110.64932	0.04989	1	1	1
	5	7	3	0.93666	-13.40738	5.55349	14.51200	110.64932	0.04989	1	1	1
	5	7	-3	0.93666	-5.55350	-13.40740	14.51210	110.64932	0.04989	1	1	1
	7	-3	-5	0.93666	-13.40740	5.55350	14.51210	110.64932	0.04989	1	1	1
	7	-3	5	0.93666	-5.55351	-13.40740	14.51210	110.64932	0.04989	1	1	1
	7	3	5	0.93666	-13.40740	5.55350	14.51210	110.64932	0.04989	1	1	1
	7	3	-5	0.93666	-5.55352	-13.40741	14.51210	110.64932	0.04989	1	1	1
	7	5	-3	0.93666	-5.55350	-13.40740	14.51210	110.64932	0.04989	1	1	1
	7	5	3	0.93666	-13.40738	5.55349	14.51200	110.64932	0.04989	1	1	1
	-8	-4	2	0.93107	0.01815	-1.25420	1.25433	111.65052	0.00038	1	1	1
	-8	-4	-2	0.93107	-0.01818	1.25419	1.25432	111.65052	0.00038	1	1	1
	-8	-2	-4	0.93107	-0.01815	1.25418	1.25431	111.65052	0.00038	1	1	1
	-8	-2	4	0.93107	0.01816	-1.25420	1.25433	111.65052	0.00038	1	1	1
	-8	2	-4	0.93107	0.01817	-1.25419	1.25433	111.65052	0.00038	1	1	1
	-8	4	-2	0.93107	0.01816	-1.25420	1.25433	111.65052	0.00038	1	1	1
	-8	2	4	0.93107	-0.01816	1.25419	1.25433	111.65052	0.00038	1	1	1
	-4	-8	2	0.93107	0.01815	-1.25420	1.25433	111.65052	0.00038	1	1	1
	-4	-2	-8	0.93107	-0.01817	1.25418	1.25431	111.65052	0.00038	1	1	1
	-4	-8	-2	0.93107	-0.01818	1.25419	1.25432	111.65052	0.00038	1	1	1
	-8	4	2	0.93107	-0.01817	1.25420	1.25433	111.65052	0.00038	1	1	1
	-4	8	2	0.93107	-0.01816	1.25420	1.25433	111.65052	0.00038	1	1	1
	-2	-8	-4	0.93107	-0.01815	1.25418	1.25431	111.65052	0.00038	1	1	1
	-2	-4	-8	0.93107	-0.01817	1.25418	1.25431	111.65052	0.00038	1	1	1
	-2	-8	4	0.93107	0.01816	-1.25420	1.25433	111.65052	0.00038	1	1	1
	-4	2	8	0.93107	-0.01816	1.25419	1.25432	111.65052	0.00038	1	1	1
	-4	8	-2	0.93107	0.01815	-1.25420	1.25433	111.65052	0.00038	1	1	1
	-4	2	-8	0.93107	0.01816	-1.25419	1.25432	111.65052	0.00038	1	1	1
	-4	-2	8	0.93107	0.01816	-1.25419	1.25432	111.65052	0.00038	1	1	1
	2	-4	8	0.93107	-0.01816	1.25419	1.25432	111.65052	0.00038	1	1	1
	2	4	-8	0.93107	-0.01816	1.25419	1.25432	111.65052	0.00038	1	1	1
	2	8	-4	0.93107	-0.01816	1.25420	1.25433	111.65052	0.00038	1	1	1
	2	4	8	0.93107	0.01815	-1.25418	1.25431	111.65052	0.00038	1	1	1
	4	-8	2	0.93107	-0.01817	1.25420	1.25433	111.65052	0.00038	1	1	1
	4	-2	-8	0.93107	0.01817	-1.25419	1.25432	111.65052	0.00038	1	1	1
	4	-8	-2	0.93107	0.01816	-1.25420	1.25433	111.65052	0.00038	1	1	1
	2	8	4	0.93107	0.01817	-1.25418	1.25431	111.65052	0.00038	1	1	1
	-2	8	4	0.93107	-0.01815	1.25420	1.25433	111.65052	0.00038	1	1	1
	2	-8	-4	0.93107	0.01817	-1.25419	1.25433	111.65052	0.00038	1	1	1
	2	-4	-8	0.93107	0.01816	-1.25419	1.25432	111.65052	0.00038	1	1	1
	2	-8	4	0.93107	-0.01816	1.25419	1.25433	111.65052	0.00038	1	1	1
	-2	4	8	0.93107	-0.01816	1.25419	1.25432	111.65052	0.00038	1	1	1
	-2	8	-4	0.93107	0.01816	-1.25419	1.25433	111.65052	0.00038	1	1	1
	-2	4	-8	0.93107	0.01817	-1.25419	1.25432	111.65052	0.00038	1	1	1
	-2	-4	8	0.93107	0.01816	-1.25419	1.25432	111.65052	0.00038	1	1	1
	4	-2	8	0.93107	-0.01816	1.25419	1.25432	111.65052	0.00038	1	1	1
	4	2	-8	0.93107	-0.01816	1.25419	1.25432	111.65052	0.00038	1	1	1
	4	8	-2	0.93107	-0.01817	1.25420	1.25433	111.65052	0.00038	1	1	1
	4	2	8	0.93107	0.01815	-1.25418	1.25431	111.65052	0.00038	1	1	1
	8	-4	2	0.93107	-0.01816	1.25420	1.25433	111.65052	0.00038	1	1	1
	8	-2	-4	0.93107	0.01816	-1.25419	1.25433	111.65052	0.00038	1	1	1
	8	-4	-2	0.93107	0.01815	-1.25420	1.25433	111.65052	0.00038	1	1	1
	4	8	2	0.93107	0.01813	-1.25419	1.25432	111.65052	0.00038	1	1	1
	8	-2	4	0.93107	-0.01815	1.25420	1.25433	111.65052	0.00038	1	1	1
	8	2	-4	0.93107	-0.01816	1.25420	1.25433	111.65052	0.00038	1	1	1
	8	4	-2	0.93107	-0.01817	1.25420	1.25433	111.65052	0.00038	1	1	1
	8	2	4	0.93107	0.01817	-1.25418	1.25431	111.65052	0.00038	1	1	1
	8	4	2	0.93107	0.01813	-1.25419	1.25432	111.65052	0.00038	1	1	1
	6	6	4	0.90966	53.82227	18.78899	57.00760	115.73008	0.82097	1	1	1
	-6	-6	-4	0.90966	53.82227	18.78901	57.00760	115.73008	0.82097	1	1	1
	-6	4	6	0.90966	53.82227	18.78900	57.00760	115.73008	0.82097	1	1	1
	-6	6	-4	0.90966	53.82227	18.78899	57.00760	115.73008	0.82097	1	1	1
	-4	-6	-6	0.90966	53.82227	18.78900	57.00760	115.73008	0.82097	1	1	1
	-6	6	4	0.90966	53.82227	18.78901	57.00760	115.73008	0.82097	1	1	1
	-4	6	6	0.90966	53.82227	18.78900	57.00760	115.73008	0.82097	1	1	1
	4	-6	-6	0.90966	53.82227	18.78900	57.00760	115.73008	0.82097	1	1	1
	-4	6	-6	0.90966	53.82227	18.78899	57.00760	115.73008	0.82097	1	1	1
	-4	-6	6	0.90966	53.82227	18.78900	57.00760	115.73008	0.82097	1	1	1
	-6	-6	4	0.90966	53.82227	18.78898	57.00760	115.73008	0.82097	1	1	1
	-6	-4	-6	0.90966	53.82227	18.78900	57.00760	115.73008	0.82097	1	1	1
	-6	4	-6	0.90966	53.82227	18.78900	57.00760	115.73008	0.82097	1	1	1
	-6	-4	6	0.90966	53.82227	18.78900	57.00760	115.73008	0.82097	1	1	1
	4	-6	6	0.90966	53.82227	18.78900	57.00760	115.73008	0.82097	1	1	1
	4	6	-6	0.90966	53.82228	18.78900	57.00760	115.73008	0.82097	1	1	1
	6	-6	-4	0.90966	53.82227	18.78899	57.00760	115.73008	0.82097	1	1	1
	4	6	6	0.90966	53.82227	18.78899	57.00760	115.73008	0.82097	1	1	1
	6	-4	6	0.90966	53.82227	18.78900	57.00760	115.73008	0.82097	1	1	1
	6	4	-6	0.90966	53.82228	18.78900	57.00760	115.73008	0.82097	1	1	1
	6	-4	-6	0.90966	53.82227	18.78899	57.00760	115.73008	0.82097	1	1	1
	6	-6	4	0.90966	53.82227	18.78901	57.00760	115.73008	0.82097	1	1	1
	6	4	6	0.90966	53.82227	18.78899	57.00760	115.73008	0.82097	1	1	1
	6	6	-4	0.90966	53.82227	18.78901	57.00760	115.73008	0.82097	1	1	1
	-9	-1	3	0.89454	45.59386	90.63801	101.46000	118.88302	2.73021	1	1	1
	-9	1	-3	0.89454	45.59386	90.63800	101.46000	118.88302	2.73021	1	1	1
	-9	3	-1	0.89454	45.59386	90.63800	101.46000	118.88302	2.73021	1	1	1
	-9	1	3	0.89454	90.63800	-45.59385	101.46000	118.88302	2.73021	1	1	1
	-3	-9	1	0.89454	45.59391	90.63805	101.46000	118.88302	2.73021	1	1	1
	-3	-1	-9	0.89454	90.63801	-45.59386	101.46000	118.88302	2.73021	1	1	1
	-3	-9	-1	0.89454	90.63803	-45.59388	101.46000	118.88302	2.73021	1	1	1
	-9	3	1	0.89454	90.63801	-45.59386	101.46000	118.88302	2.73021	1	1	1
	-3	9	1	0.89454	90.63801	-45.59386	101.46000	118.88302	2.73021	1	1	1
	-1	-9	-3	0.89454	90.63800	-45.59385	101.46000	118.88302	2.73021	1	1	1
	-1	-3	-9	0.89454	90.63801	-45.59386	101.46000	118.88302	2.73021	1	1	1
	-1	-9	3	0.89454	45.59386	90.63801	101.46000	118.88302	2.73021	1	1	1
	-3	1	9	0.89454	90.63801	-45.59387	101.46000	118.88302	2.73021	1	1	1
	-3	9	-1	0.89454	45.59386	90.63801	101.46000	118.88302	2.73021	1	1	1
	-3	1	-9	0.89454	45.59386	90.63801	101.46000	118.88302	2.73021	1	1	1
	-3	-1	9	0.89454	45.59386	90.63800	101.46000	118.88302	2.73021	1	1	1
	-9	-3	1	0.89454	45.59391	90.63805	101.46000	118.88302	2.73021	1	1	1
	-9	-1	-3	0.89454	90.63800	-45.59385	101.46000	118.88302	2.73021	1	1	1
	-9	-3	-1	0.89454	90.63803	-45.59388	101.46000	118.88302	2.73021	1	1	1
	-1	-3	9	0.89454	45.59386	90.63800	101.46000	118.88302	2.73021	1	1	1
	-1	3	-9	0.89454	45.59387	90.63801	101.46000	118.88302	2.73021	1	1	1
	-1	3	9	0.89454	90.63801	-45.59386	101.46000	118.88302	2.73021	1	1	1
	-1	9	3	0.89454	90.63801	-45.59386	101.46000	118.88302	2.73021	1	1	1
	-1	9	-3	0.89454	45.59385	90.63800	101.46000	118.88302	2.73021	1	1	1
	1	-3	-9	0.89454	45.59386	90.63801	101.46000	118.88302	2.73021	1	1	1
	1	-3	9	0.89454	90.63801	-45.59387	101.46000	118.88302	2.73021	1	1	1
	1	-9	3	0.89454	90.63800	-45.59385	101.46000	118.88302	2.73021	1	1	1
	1	-9	-3	0.89454	45.59386	90.63800	101.46000	118.88302	2.73021	1	1	1
	3	-9	-1	0.89454	45.59386	90.63800	101.46000	118.88302	2.73021	1	1	1
	3	-9	1	0.89454	90.63801	-45.59386	101.46000	118.88302	2.73021	1	1	1
	3	-1	9	0.89454	90.63801	-45.59386	101.46000	118.88302	2.73021	1	1	1
	3	-1	-9	0.89454	45.59387	90.63801	101.46000	118.88302	2.73021	1	1	1
	1	9	-3	0.89454	90.63801	-45.59386	101.46000	118.88302	2.73021	1	1	1
	1	9	3	0.89454	45.59386	90.63800	101.46000	118.88302	2.73021	1	1	1
	1	3	9	0.89454	45.59386	90.63801	101.46000	118.88302	2.73021	1	1	1
	1	3	-9	0.89454	90.63800	-45.59386	101.46000	118.88302	2.73021	1	1	1
	3	1	-9	0.89454	90.63800	-45.59386	101.46000	118.88302	2.73021	1	1	1
	3	1	9	0.89454	45.59386	90.63801	101.46000	118.88302	2.73021	1	1	1
	3	9	1	0.89454	45.59388	90.63803	101.46000	118.88302	2.73021	1	1	1
	3	9	-1	0.89454	90.63805	-45.59391	101.46000	118.88302	2.73021	1	1	1
	9	-1	-3	0.89454	45.59385	90.63800	101.46000	118.88302	2.73021	1	1	1
	9	-1	3	0.89454	90.63801	-45.59386	101.46000	118.88302	2.73021	1	1	1
	9	-3	1	0.89454	90.63801	-45.59386	101.46000	118.88302	2.73021	1	1	1
	9	-3	-1	0.89454	45.59386	90.63801	101.46000	118.88302	2.73021	1	1	1
	9	1	-3	0.89454	90.63801	-45.59386	101.46000	118.88302	2.73021	1	1	1
	9	1	3	0.89454	45.59386	90.63800	101.46000	118.88302	2.73021	1	1	1
	9	3	1	0.89454	45.59388	90.63803	101.46000	118.88302	2.73021	1	1	1
	9	3	-1	0.89454	90.63805	-45.59391	101.46000	118.88302	2.73021	1	1	1
	-4	-4	8	0.87093	199.96680	55.61003	207.55500	124.36811	12.61700	1	1	1
	-4	-4	-8	0.87093	199.96680	55.61002	207.55500	124.36811	12.61700	1	1	1
	-4	4	8	0.87093	199.96680	55.61002	207.55500	124.36811	12.61700	1	1	1
	-4	4	-8	0.87093	199.96680	55.61002	207.55500	124.36811	12.61700	1	1	1
	4	-8	-4	0.87093	199.96680	55.61002	207.55500	124.36811	12.61700	1	1	1
	4	-8	4	0.87093	199.96680	55.61002	207.55500	124.36811	12.61700	1	1	1
	-4	8	4	0.87093	199.96680	55.61003	207.55500	124.36811	12.61700	1	1	1
	-4	8	-4	0.87093	199.96680	55.61003	207.55500	124.36811	12.61700	1	1	1
	4	8	-4	0.87093	199.96681	55.61002	207.55500	124.36811	12.61700	1	1	1
	4	8	4	0.87093	199.96681	55.61003	207.55500	124.36811	12.61700	1	1	1
	8	-4	4	0.87093	199.96680	55.61003	207.55500	124.36811	12.61700	1	1	1
	8	-4	-4	0.87093	199.96680	55.61003	207.55500	124.36811	12.61700	1	1	1
	4	4	-8	0.87093	199.96680	55.61002	207.55500	124.36811	12.61700	1	1	1
	4	4	8	0.87093	199.96680	55.61002	207.55500	124.36811	12.61700	1	1	1
	4	-4	8	0.87093	199.96680	55.61002	207.55500	124.36811	12.61700	1	1	1
	4	-4	-8	0.87093	199.96680	55.61002	207.55500	124.36811	12.61700	1	1	1
	-8	-4	4	0.87093	199.96681	55.61003	207.55500	124.36811	12.61700	1	1	1
	-8	-4	-4	0.87093	199.96681	55.61001	207.55500	124.36811	12.61700	1	1	1
	-4	-8	-4	0.87093	199.96681	55.61001	207.55500	124.36811	12.61700	1	1	1
	-4	-8	4	0.87093	199.96681	55.61003	207.55500	124.36811	12.61700	1	1	1
	-8	4	4	0.87093	199.96680	55.61002	207.55500	124.36811	12.61700	1	1	1
	-8	4	-4	0.87093	199.96680	55.61002	207.55500	124.36811	12.61700	1	1	1
	8	4	-4	0.87093	199.96681	55.61002	207.55500	124.36811	12.61700	1	1	1
	8	4	4	0.87093	199.96681	55.61003	207.55500	124.36811	12.61700	1	1	1
	-7	-7	-1	0.85763	-0.99211	-8.31580	8.37477	127.83565	0.02206	1	1	1
	-7	-1	7	0.85763	-8.31582	0.99213	8.37480	127.83565	0.02206	1	1	1
	-7	-1	-7	0.85763	-0.99212	-8.31581	8.37479	127.83565	0.02206	1	1	1
	-7	-5	5	0.85763	-7.81108	-15.35195	17.22480	127.83565	0.09334	1	1	1
	-7	-5	-5	0.85763	-15.35197	7.81111	17.22490	127.83565	0.09334	1	1	1
	-1	7	-7	0.85763	-8.31582	0.99213	8.37479	127.83565	0.02206	1	1	1
	-1	7	7	0.85763	-0.99212	-8.31581	8.37478	127.83565	0.02206	1	1	1
	1	-7	-7	0.85763	-8.31581	0.99212	8.37478	127.83565	0.02206	1	1	1
	1	-7	7	0.85763	-0.99213	-8.31582	8.37480	127.83565	0.02206	1	1	1
	5	-7	-5	0.85763	-7.81111	-15.35197	17.22490	127.83565	0.09334	1	1	1
	5	-7	5	0.85763	-15.35197	7.81110	17.22490	127.83565	0.09334	1	1	1
	1	7	7	0.85763	-8.31581	0.99213	8.37478	127.83565	0.02206	1	1	1
	1	7	-7	0.85763	-0.99214	-8.31582	8.37479	127.83565	0.02206	1	1	1
	5	7	-5	0.85763	-15.35195	7.81108	17.22480	127.83565	0.09334	1	1	1
	5	7	5	0.85763	-7.81111	-15.35198	17.22490	127.83565	0.09334	1	1	1
	7	-7	1	0.85763	-0.99213	-8.31582	8.37479	127.83565	0.02206	1	1	1
	7	-7	-1	0.85763	-8.31582	0.99213	8.37479	127.83565	0.02206	1	1	1
	5	5	-7	0.85763	-15.35197	7.81110	17.22490	127.83565	0.09334	1	1	1
	5	5	7	0.85763	-7.81112	-15.35198	17.22490	127.83565	0.09334	1	1	1
	5	-5	-7	0.85763	-7.81110	-15.35197	17.22490	127.83565	0.09334	1	1	1
	5	-5	7	0.85763	-15.35197	7.81110	17.22490	127.83565	0.09334	1	1	1
	-5	-5	-7	0.85763	-15.35198	7.81111	17.22490	127.83565	0.09334	1	1	1
	-5	-5	7	0.85763	-7.81110	-15.35197	17.22490	127.83565	0.09334	1	1	1
	-5	7	5	0.85763	-15.35197	7.81110	17.22490	127.83565	0.09334	1	1	1
	-5	7	-5	0.85763	-7.81110	-15.35197	17.22490	127.83565	0.09334	1	1	1
	-1	-7	7	0.85763	-8.31582	0.99213	8.37480	127.83565	0.02206	1	1	1
	-1	-7	-7	0.85763	-0.99212	-8.31581	8.37479	127.83565	0.02206	1	1	1
	-5	5	-7	0.85763	-7.81110	-15.35197	17.22490	127.83565	0.09334	1	1	1
	-5	5	7	0.85763	-15.35197	7.81110	17.22490	127.83565	0.09334	1	1	1
	-7	7	-1	0.85763	-8.31582	0.99213	8.37479	127.83565	0.02206	1	1	1
	-7	7	1	0.85763	-0.99213	-8.31582	8.37479	127.83565	0.02206	1	1	1
	-5	-7	5	0.85763	-7.81108	-15.35195	17.22480	127.83565	0.09334	1	1	1
	-5	-7	-5	0.85763	-15.35197	7.81111	17.22490	127.83565	0.09334	1	1	1
	-7	5	-5	0.85763	-7.81111	-15.35197	17.22490	127.83565	0.09334	1	1	1
	-7	5	5	0.85763	-15.35197	7.81110	17.22490	127.83565	0.09334	1	1	1
	-7	1	7	0.85763	-0.99213	-8.31582	8.37480	127.83565	0.02206	1	1	1
	-7	1	-7	0.85763	-8.31581	0.99212	8.37478	127.83565	0.02206	1	1	1
	7	-5	-5	0.85763	-7.81110	-15.35197	17.22490	127.83565	0.09334	1	1	1
	7	-5	5	0.85763	-15.35197	7.81110	17.22490	127.83565	0.09334	1	1	1
	7	-1	-7	0.85763	-8.31582	0.99213	8.37479	127.83565	0.02206	1	1	1
	7	1	-7	0.85763	-0.99214	-8.31582	8.37479	127.83565	0.02206	1	1	1
	7	-1	7	0.85763	-0.99212	-8.31581	8.37478	127.83565	0.02206	1	1	1
	7	5	5	0.85763	-7.81111	-15.35198	17.22490	127.83565	0.09334	1	1	1
	7	7	1	0.85763	-8.31580	0.99212	8.37477	127.83565	0.02206	1	1	1
	7	5	-5	0.85763	-15.35195	7.81108	17.22480	127.83565	0.09334	1	1	1
	7	1	7	0.85763	-8.31581	0.99213	8.37478	127.83565	0.02206	1	1	1
	-7	-7	1	0.85763	-8.31583	0.99214	8.37481	127.83565	0.02206	1	1	1
	-3	-9	3	0.85763	-15.52460	7.97840	17.45470	127.83565	0.09585	1	1	1
	-3	-3	9	0.85763	-15.52460	7.97841	17.45470	127.83565	0.09585	1	1	1
	-3	-9	-3	0.85763	-7.97841	-15.52461	17.45480	127.83565	0.09585	1	1	1
	-9	3	-3	0.85763	-15.52459	7.97839	17.45470	127.83565	0.09585	1	1	1
	-9	3	3	0.85763	-7.97839	-15.52458	17.45470	127.83565	0.09585	1	1	1
	-9	-3	3	0.85763	-15.52460	7.97840	17.45470	127.83565	0.09585	1	1	1
	-9	-3	-3	0.85763	-7.97841	-15.52461	17.45480	127.83565	0.09585	1	1	1
	3	3	-9	0.85763	-7.97841	-15.52460	17.45470	127.83565	0.09585	1	1	1
	3	-3	9	0.85763	-7.97839	-15.52458	17.45470	127.83565	0.09585	1	1	1
	3	9	-3	0.85763	-7.97840	-15.52459	17.45470	127.83565	0.09585	1	1	1
	3	-3	-9	0.85763	-15.52458	7.97839	17.45470	127.83565	0.09585	1	1	1
	9	-3	-3	0.85763	-15.52458	7.97838	17.45470	127.83565	0.09585	1	1	1
	9	-3	3	0.85763	-7.97839	-15.52458	17.45470	127.83565	0.09585	1	1	1
	7	7	-1	0.85763	-0.99215	-8.31583	8.37480	127.83565	0.02206	1	1	1
	3	9	3	0.85763	-15.52461	7.97841	17.45480	127.83565	0.09585	1	1	1
	-3	9	3	0.85763	-7.97839	-15.52458	17.45470	127.83565	0.09585	1	1	1
	3	-9	-3	0.85763	-15.52459	7.97839	17.45470	127.83565	0.09585	1	1	1
	3	3	9	0.85763	-15.52460	7.97840	17.45470	127.83565	0.09585	1	1	1
	3	-9	3	0.85763	-7.97839	-15.52458	17.45470	127.83565	0.09585	1	1	1
	-3	3	-9	0.85763	-15.52458	7.97839	17.45470	127.83565	0.09585	1	1	1
	-3	9	-3	0.85763	-15.52458	7.97838	17.45470	127.83565	0.09585	1	1	1
	-3	3	9	0.85763	-7.97839	-15.52458	17.45470	127.83565	0.09585	1	1	1
	-3	-3	-9	0.85763	-7.97840	-15.52459	17.45470	127.83565	0.09585	1	1	1
	9	3	-3	0.85763	-7.97840	-15.52459	17.45470	127.83565	0.09585	1	1	1
	9	3	3	0.85763	-15.52461	7.97841	17.45480	127.83565	0.09585	1	1	1
