   h    k    l      d (Å)      F(real)      F(imag)          |F|         2θ          I    M ID(λ) Phase
  -1    0    0   2.992093   -17.574840    -0.393487      17.5792   29.83691   27.96195    1     1     1
   0   -1    0   2.992093   -17.574840    -0.393487      17.5792   29.83691   27.96195    1     1     1
   0    0   -1   2.992093   -17.574840    -0.393487      17.5792   29.83691   27.96195    1     1     1
   1    0    0   2.992093   -17.574840    -0.393487      17.5792   29.83691   27.96195    1     1     1
   0    1    0   2.992093   -17.574840    -0.393487      17.5792   29.83691   27.96195    1     1     1
   0    0    1   2.992093   -17.574840    -0.393487      17.5792   29.83691   27.96195    1     1     1
  -1    1    0   2.115729    48.819631     6.398025      49.2371   42.70206  100.00000    1     1     1
   0   -1   -1   2.115729    48.819631     6.398025      49.2371   42.70206  100.00000    1     1     1
   0   -1    1   2.115729    48.819631     6.398025      49.2371   42.70206  100.00000    1     1     1
  -1    0    1   2.115729    48.819631     6.398025      49.2371   42.70206  100.00000    1     1     1
  -1    0   -1   2.115729    48.819631     6.398025      49.2371   42.70206  100.00000    1     1     1
  -1   -1    0   2.115729    48.819631     6.398025      49.2371   42.70206  100.00000    1     1     1
   0    1   -1   2.115729    48.819631     6.398025      49.2371   42.70206  100.00000    1     1     1
   0    1    1   2.115729    48.819631     6.398025      49.2371   42.70206  100.00000    1     1     1
   1   -1    0   2.115729    48.819631     6.398025      49.2371   42.70206  100.00000    1     1     1
   1    1    0   2.115729    48.819631     6.398025      49.2371   42.70206  100.00000    1     1     1
   1    0    1   2.115729    48.819631     6.398025      49.2371   42.70206  100.00000    1     1     1
   1    0   -1   2.115729    48.819631     6.398025      49.2371   42.70206  100.00000    1     1     1
  -1   -1   -1   1.727485   -14.153646    -0.372114      14.1585   52.96266    5.07593    1     1     1
  -1   -1    1   1.727485   -14.153646    -0.372114      14.1585   52.96266    5.07593    1     1     1
  -1    1   -1   1.727485   -14.153646    -0.372114      14.1585   52.96266    5.07593    1     1     1
   1   -1   -1   1.727485   -14.153646    -0.372114      14.1585   52.96266    5.07593    1     1     1
  -1    1    1   1.727485   -14.153646    -0.372114      14.1585   52.96266    5.07593    1     1     1
   1   -1    1   1.727485   -14.153646    -0.372114      14.1585   52.96266    5.07593    1     1     1
   1    1   -1   1.727485   -14.153646    -0.372114      14.1585   52.96266    5.07593    1     1     1
   1    1    1   1.727485   -14.153646    -0.372114      14.1585   52.96266    5.07593    1     1     1
   0    0   -2   1.496046    38.952323     6.050493      39.4194   61.97995   27.59840    1     1     1
   0   -2    0   1.496046    38.952323     6.050493      39.4194   61.97995   27.59840    1     1     1
  -2    0    0   1.496046    38.952323     6.050493      39.4194   61.97995   27.59840    1     1     1
   0    0    2   1.496046    38.952323     6.050493      39.4194   61.97995   27.59840    1     1     1
   0    2    0   1.496046    38.952323     6.050493      39.4194   61.97995   27.59840    1     1     1
   2    0    0   1.496046    38.952323     6.050493      39.4194   61.97995   27.59840    1     1     1
  -2    0    1   1.338104   -12.260182    -0.351901      12.2652   70.29207    2.04455    1     1     1
  -2    1    0   1.338104   -12.260182    -0.351901      12.2652   70.29207    2.04455    1     1     1
  -1   -2    0   1.338104   -12.260182    -0.351901      12.2652   70.29207    2.04455    1     1     1
  -1    2    0   1.338104   -12.260182    -0.351901      12.2652   70.29207    2.04455    1     1     1
  -1    0    2   1.338104   -12.260182    -0.351901      12.2652   70.29207    2.04455    1     1     1
  -1    0   -2   1.338104   -12.260182    -0.351901      12.2652   70.29207    2.04455    1     1     1
   0   -1    2   1.338104   -12.260182    -0.351901      12.2652   70.29207    2.04455    1     1     1
   0    1   -2   1.338104   -12.260182    -0.351901      12.2652   70.29207    2.04455    1     1     1
   0   -1   -2   1.338104   -12.260182    -0.351901      12.2652   70.29207    2.04455    1     1     1
   0   -2    1   1.338104   -12.260182    -0.351901      12.2652   70.29207    2.04455    1     1     1
   0   -2   -1   1.338104   -12.260182    -0.351901      12.2652   70.29207    2.04455    1     1     1
  -2    0   -1   1.338104   -12.260182    -0.351901      12.2652   70.29207    2.04455    1     1     1
  -2   -1    0   1.338104   -12.260182    -0.351901      12.2652   70.29207    2.04455    1     1     1
   0    1    2   1.338104   -12.260182    -0.351901      12.2652   70.29207    2.04455    1     1     1
   0    2   -1   1.338104   -12.260182    -0.351901      12.2652   70.29207    2.04455    1     1     1
   0    2    1   1.338104   -12.260182    -0.351901      12.2652   70.29207    2.04455    1     1     1
   1    0    2   1.338104   -12.260182    -0.351901      12.2652   70.29207    2.04455    1     1     1
   1    0   -2   1.338104   -12.260182    -0.351901      12.2652   70.29207    2.04455    1     1     1
   1   -2    0   1.338104   -12.260182    -0.351901      12.2652   70.29207    2.04455    1     1     1
   2    0    1   1.338104   -12.260182    -0.351901      12.2652   70.29207    2.04455    1     1     1
   2    1    0   1.338104   -12.260182    -0.351901      12.2652   70.29207    2.04455    1     1     1
   2    0   -1   1.338104   -12.260182    -0.351901      12.2652   70.29207    2.04455    1     1     1
   2   -1    0   1.338104   -12.260182    -0.351901      12.2652   70.29207    2.04455    1     1     1
   1    2    0   1.338104   -12.260182    -0.351901      12.2652   70.29207    2.04455    1     1     1
  -1   -1   -2   1.221517    32.486485     5.721839      32.9865   78.18978   12.14653    1     1     1
  -1   -1    2   1.221517    32.486485     5.721839      32.9865   78.18978   12.14653    1     1     1
  -1    1   -2   1.221517    32.486485     5.721839      32.9865   78.18978   12.14653    1     1     1
  -1    2   -1   1.221517    32.486485     5.721839      32.9865   78.18978   12.14653    1     1     1
  -1    1    2   1.221517    32.486485     5.721839      32.9865   78.18978   12.14653    1     1     1
  -2    1    1   1.221517    32.486485     5.721839      32.9865   78.18978   12.14653    1     1     1
  -1   -2   -1   1.221517    32.486485     5.721839      32.9865   78.18978   12.14653    1     1     1
  -1   -2    1   1.221517    32.486485     5.721839      32.9865   78.18978   12.14653    1     1     1
  -2    1   -1   1.221517    32.486485     5.721839      32.9865   78.18978   12.14653    1     1     1
  -2   -1    1   1.221517    32.486485     5.721839      32.9865   78.18978   12.14653    1     1     1
  -2   -1   -1   1.221517    32.486485     5.721839      32.9865   78.18978   12.14653    1     1     1
  -1    2    1   1.221517    32.486485     5.721839      32.9865   78.18978   12.14653    1     1     1
   1   -2   -1   1.221517    32.486485     5.721839      32.9865   78.18978   12.14653    1     1     1
   1   -2    1   1.221517    32.486485     5.721839      32.9865   78.18978   12.14653    1     1     1
   1    1   -2   1.221517    32.486485     5.721839      32.9865   78.18978   12.14653    1     1     1
   1   -1    2   1.221517    32.486485     5.721839      32.9865   78.18978   12.14653    1     1     1
   1   -1   -2   1.221517    32.486485     5.721839      32.9865   78.18978   12.14653    1     1     1
   2   -1   -1   1.221517    32.486485     5.721839      32.9865   78.18978   12.14653    1     1     1
   2   -1    1   1.221517    32.486485     5.721839      32.9865   78.18978   12.14653    1     1     1
   1    2    1   1.221517    32.486485     5.721839      32.9865   78.18978   12.14653    1     1     1
   1    2   -1   1.221517    32.486485     5.721839      32.9865   78.18978   12.14653    1     1     1
   1    1    2   1.221517    32.486485     5.721839      32.9865   78.18978   12.14653    1     1     1
   2    1   -1   1.221517    32.486485     5.721839      32.9865   78.18978   12.14653    1     1     1
   2    1    1   1.221517    32.486485     5.721839      32.9865   78.18978   12.14653    1     1     1
   0   -2   -2   1.057864    27.845983     5.411036      28.3668   93.46501    7.34845    1     1     1
   0   -2    2   1.057864    27.845983     5.411036      28.3668   93.46501    7.34845    1     1     1
   0    2   -2   1.057864    27.845983     5.411036      28.3668   93.46501    7.34845    1     1     1
   2   -2    0   1.057864    27.845983     5.411036      28.3668   93.46501    7.34845    1     1     1
   0    2    2   1.057864    27.845983     5.411036      28.3668   93.46501    7.34845    1     1     1
  -2    0   -2   1.057864    27.845983     5.411036      28.3668   93.46501    7.34845    1     1     1
  -2    0    2   1.057864    27.845983     5.411036      28.3668   93.46501    7.34845    1     1     1
  -2    2    0   1.057864    27.845983     5.411036      28.3668   93.46501    7.34845    1     1     1
  -2   -2    0   1.057864    27.845983     5.411036      28.3668   93.46501    7.34845    1     1     1
   2    0   -2   1.057864    27.845983     5.411036      28.3668   93.46501    7.34845    1     1     1
   2    0    2   1.057864    27.845983     5.411036      28.3668   93.46501    7.34845    1     1     1
   2    2    0   1.057864    27.845983     5.411036      28.3668   93.46501    7.34845    1     1     1
  -2   -2    1   0.997364   -10.038117    -0.314710       10.043  101.12756    0.91301    1     1     1
  -2   -2   -1   0.997364   -10.038117    -0.314710       10.043  101.12756    0.91301    1     1     1
  -3    0    0   0.997364   -10.038117    -0.314710       10.043  101.12756    0.91301    1     1     1
  -2    1    2   0.997364   -10.038117    -0.314710       10.043  101.12756    0.91301    1     1     1
  -2    2   -1   0.997364   -10.038117    -0.314710       10.043  101.12756    0.91301    1     1     1
  -2    2    1   0.997364   -10.038117    -0.314710       10.043  101.12756    0.91301    1     1     1
  -2    1   -2   0.997364   -10.038117    -0.314710       10.043  101.12756    0.91301    1     1     1
  -2   -1    2   0.997364   -10.038117    -0.314710       10.043  101.12756    0.91301    1     1     1
  -2   -1   -2   0.997364   -10.038117    -0.314710       10.043  101.12756    0.91301    1     1     1
   0    0    3   0.997364   -10.038117    -0.314710       10.043  101.12756    0.91301    1     1     1
   0    3    0   0.997364   -10.038117    -0.314710       10.043  101.12756    0.91301    1     1     1
   1   -2   -2   0.997364   -10.038117    -0.314710       10.043  101.12756    0.91301    1     1     1
   1    2   -2   0.997364   -10.038117    -0.314710       10.043  101.12756    0.91301    1     1     1
   1   -2    2   0.997364   -10.038117    -0.314710       10.043  101.12756    0.91301    1     1     1
  -1    2    2   0.997364   -10.038117    -0.314710       10.043  101.12756    0.91301    1     1     1
   0   -3    0   0.997364   -10.038117    -0.314710       10.043  101.12756    0.91301    1     1     1
   0    0   -3   0.997364   -10.038117    -0.314710       10.043  101.12756    0.91301    1     1     1
  -1    2   -2   0.997364   -10.038117    -0.314710       10.043  101.12756    0.91301    1     1     1
  -1   -2    2   0.997364   -10.038117    -0.314710       10.043  101.12756    0.91301    1     1     1
  -1   -2   -2   0.997364   -10.038117    -0.314710       10.043  101.12756    0.91301    1     1     1
   1    2    2   0.997364   -10.038117    -0.314710       10.043  101.12756    0.91301    1     1     1
   2   -2   -1   0.997364   -10.038117    -0.314710       10.043  101.12756    0.91301    1     1     1
   2   -2    1   0.997364   -10.038117    -0.314710       10.043  101.12756    0.91301    1     1     1
   2    1   -2   0.997364   -10.038117    -0.314710       10.043  101.12756    0.91301    1     1     1
   2   -1    2   0.997364   -10.038117    -0.314710       10.043  101.12756    0.91301    1     1     1
   2   -1   -2   0.997364   -10.038117    -0.314710       10.043  101.12756    0.91301    1     1     1
   2    1    2   0.997364   -10.038117    -0.314710       10.043  101.12756    0.91301    1     1     1
   2    2   -1   0.997364   -10.038117    -0.314710       10.043  101.12756    0.91301    1     1     1
   2    2    1   0.997364   -10.038117    -0.314710       10.043  101.12756    0.91301    1     1     1
   3    0    0   0.997364   -10.038117    -0.314710       10.043  101.12756    0.91301    1     1     1
  -3    0   -1   0.946183    24.326851     5.117116      24.8592  108.99883    5.87206    1     1     1
  -3    0    1   0.946183    24.326851     5.117116      24.8592  108.99883    5.87206    1     1     1
  -3    1    0   0.946183    24.326851     5.117116      24.8592  108.99883    5.87206    1     1     1
  -1    0    3   0.946183    24.326851     5.117116      24.8592  108.99883    5.87206    1     1     1
  -1    0   -3   0.946183    24.326851     5.117116      24.8592  108.99883    5.87206    1     1     1
  -1   -3    0   0.946183    24.326851     5.117116      24.8592  108.99883    5.87206    1     1     1
   0   -1   -3   0.946183    24.326851     5.117116      24.8592  108.99883    5.87206    1     1     1
   0   -1    3   0.946183    24.326851     5.117116      24.8592  108.99883    5.87206    1     1     1
   0   -3    1   0.946183    24.326851     5.117116      24.8592  108.99883    5.87206    1     1     1
   0   -3   -1   0.946183    24.326851     5.117116      24.8592  108.99883    5.87206    1     1     1
  -1    3    0   0.946183    24.326851     5.117116      24.8592  108.99883    5.87206    1     1     1
  -3   -1    0   0.946183    24.326851     5.117116      24.8592  108.99883    5.87206    1     1     1
   0    1   -3   0.946183    24.326851     5.117116      24.8592  108.99883    5.87206    1     1     1
   0    1    3   0.946183    24.326851     5.117116      24.8592  108.99883    5.87206    1     1     1
   0    3   -1   0.946183    24.326851     5.117116      24.8592  108.99883    5.87206    1     1     1
   1    0   -3   0.946183    24.326851     5.117116      24.8592  108.99883    5.87206    1     1     1
   1   -3    0   0.946183    24.326851     5.117116      24.8592  108.99883    5.87206    1     1     1
   0    3    1   0.946183    24.326851     5.117116      24.8592  108.99883    5.87206    1     1     1
   3    0   -1   0.946183    24.326851     5.117116      24.8592  108.99883    5.87206    1     1     1
   3    0    1   0.946183    24.326851     5.117116      24.8592  108.99883    5.87206    1     1     1
   3   -1    0   0.946183    24.326851     5.117116      24.8592  108.99883    5.87206    1     1     1
   1    3    0   0.946183    24.326851     5.117116      24.8592  108.99883    5.87206    1     1     1
   1    0    3   0.946183    24.326851     5.117116      24.8592  108.99883    5.87206    1     1     1
   3    1    0   0.946183    24.326851     5.117116      24.8592  108.99883    5.87206    1     1     1
  -1   -3    1   0.902150    -9.253312    -0.297615       9.2581  117.26481    0.90359    1     1     1
  -1   -1   -3   0.902150    -9.253312    -0.297615       9.2581  117.26481    0.90359    1     1     1
  -1   -1    3   0.902150    -9.253312    -0.297615       9.2581  117.26481    0.90359    1     1     1
  -1    1   -3   0.902150    -9.253312    -0.297615       9.2581  117.26481    0.90359    1     1     1
  -1    1    3   0.902150    -9.253312    -0.297615       9.2581  117.26481    0.90359    1     1     1
  -3    1   -1   0.902150    -9.253312    -0.297615       9.2581  117.26481    0.90359    1     1     1
  -3    1    1   0.902150    -9.253312    -0.297615       9.2581  117.26481    0.90359    1     1     1
  -1   -3   -1   0.902150    -9.253312    -0.297615       9.2581  117.26481    0.90359    1     1     1
  -3   -1    1   0.902150    -9.253312    -0.297615       9.2581  117.26481    0.90359    1     1     1
  -3   -1   -1   0.902150    -9.253312    -0.297615       9.2581  117.26481    0.90359    1     1     1
  -1    3   -1   0.902150    -9.253312    -0.297615       9.2581  117.26481    0.90359    1     1     1
  -1    3    1   0.902150    -9.253312    -0.297615       9.2581  117.26481    0.90359    1     1     1
   1   -3   -1   0.902150    -9.253312    -0.297615       9.2581  117.26481    0.90359    1     1     1
   1   -1    3   0.902150    -9.253312    -0.297615       9.2581  117.26481    0.90359    1     1     1
   1    1   -3   0.902150    -9.253312    -0.297615       9.2581  117.26481    0.90359    1     1     1
   1   -3    1   0.902150    -9.253312    -0.297615       9.2581  117.26481    0.90359    1     1     1
   1    3    1   0.902150    -9.253312    -0.297615       9.2581  117.26481    0.90359    1     1     1
   3   -1   -1   0.902150    -9.253312    -0.297615       9.2581  117.26481    0.90359    1     1     1
   1    3   -1   0.902150    -9.253312    -0.297615       9.2581  117.26481    0.90359    1     1     1
   1    1    3   0.902150    -9.253312    -0.297615       9.2581  117.26481    0.90359    1     1     1
   1   -1   -3   0.902150    -9.253312    -0.297615       9.2581  117.26481    0.90359    1     1     1
   3   -1    1   0.902150    -9.253312    -0.297615       9.2581  117.26481    0.90359    1     1     1
   3    1    1   0.902150    -9.253312    -0.297615       9.2581  117.26481    0.90359    1     1     1
   3    1   -1   0.902150    -9.253312    -0.297615       9.2581  117.26481    0.90359    1     1     1
  -2    2    2   0.863743    21.545524     4.839161      22.0823  126.20376    6.04476    1     1     1
  -2   -2    2   0.863743    21.545524     4.839161      22.0823  126.20376    6.04476    1     1     1
  -2   -2   -2   0.863743    21.545524     4.839161      22.0823  126.20376    6.04476    1     1     1
   2    2    2   0.863743    21.545524     4.839161      22.0823  126.20376    6.04476    1     1     1
   2    2   -2   0.863743    21.545524     4.839161      22.0823  126.20376    6.04476    1     1     1
   2   -2   -2   0.863743    21.545524     4.839161      22.0823  126.20376    6.04476    1     1     1
   2   -2    2   0.863743    21.545524     4.839161      22.0823  126.20376    6.04476    1     1     1
  -2    2   -2   0.863743    21.545524     4.839161      22.0823  126.20376    6.04476    1     1     1
