# 	h	k	l	d (Å)	F(real)		F(imag)		|F|			2θ			I			M	ID(λ)	Phase
	-1	-1	-1	3.31987	95.64611	109.95242	145.73200	26.83278	98.74880	1	1	1
	-1	1	-1	3.31987	103.47905	-103.91773	146.65200	26.83278	100.00000	1	1	1
	-1	-1	1	3.31987	103.47905	-103.91773	146.65200	26.83278	100.00000	1	1	1
	-1	1	1	3.31987	95.64611	109.95242	145.73200	26.83278	98.74880	1	1	1
	1	-1	-1	3.31987	103.47905	-103.91773	146.65200	26.83278	100.00000	1	1	1
	1	-1	1	3.31987	95.64611	109.95242	145.73200	26.83278	98.74880	1	1	1
	1	1	1	3.31987	103.47905	-103.91773	146.65200	26.83278	100.00000	1	1	1
	1	1	-1	3.31987	95.64611	109.95242	145.73200	26.83278	98.74880	1	1	1
	0	0	2	2.87509	-6.84051	-0.89235	6.89847	31.08115	0.16170	1	1	1
	0	2	0	2.87509	-6.84051	-0.89235	6.89847	31.08115	0.16170	1	1	1
	0	0	-2	2.87509	-6.84051	-0.89235	6.89847	31.08115	0.16170	1	1	1
	0	-2	0	2.87509	-6.84051	-0.89235	6.89847	31.08115	0.16170	1	1	1
	-2	0	0	2.87509	-6.84051	-0.89235	6.89847	31.08115	0.16170	1	1	1
	2	0	0	2.87509	-6.84051	-0.89235	6.89847	31.08115	0.16170	1	1	1
	-2	0	-2	2.03300	171.89308	6.67657	172.02300	44.53077	45.53566	1	1	1
	-2	-2	0	2.03300	171.89308	6.67657	172.02300	44.53077	45.53566	1	1	1
	-2	0	2	2.03300	171.89308	6.67657	172.02300	44.53077	45.53566	1	1	1
	-2	2	0	2.03300	171.89308	6.67657	172.02300	44.53077	45.53566	1	1	1
	0	-2	-2	2.03300	171.89308	6.67657	172.02300	44.53077	45.53566	1	1	1
	0	2	2	2.03300	171.89308	6.67657	172.02300	44.53077	45.53566	1	1	1
	0	2	-2	2.03300	171.89308	6.67657	172.02300	44.53077	45.53566	1	1	1
	0	-2	2	2.03300	171.89308	6.67657	172.02300	44.53077	45.53566	1	1	1
	2	-2	0	2.03300	171.89308	6.67657	172.02300	44.53077	45.53566	1	1	1
	2	0	-2	2.03300	171.89308	6.67657	172.02300	44.53077	45.53566	1	1	1
	2	0	2	2.03300	171.89308	6.67657	172.02300	44.53077	45.53566	1	1	1
	2	2	0	2.03300	171.89308	6.67657	172.02300	44.53077	45.53566	1	1	1
	-1	1	-3	1.73375	72.14727	84.49702	111.10800	52.75664	12.92844	1	1	1
	-1	1	3	1.73375	79.52045	-78.81654	111.96200	52.75664	13.12802	1	1	1
	-1	3	-1	1.73375	72.14727	84.49702	111.10800	52.75664	12.92844	1	1	1
	1	-3	-1	1.73375	72.14727	84.49702	111.10800	52.75664	12.92844	1	1	1
	-1	3	1	1.73375	79.52045	-78.81654	111.96200	52.75664	13.12802	1	1	1
	1	1	-3	1.73375	79.52045	-78.81654	111.96200	52.75664	13.12802	1	1	1
	1	1	3	1.73375	72.14727	84.49702	111.10800	52.75664	12.92844	1	1	1
	1	-1	3	1.73375	79.52045	-78.81654	111.96200	52.75664	13.12802	1	1	1
	1	-1	-3	1.73375	72.14727	84.49702	111.10800	52.75664	12.92844	1	1	1
	1	-3	1	1.73375	79.52045	-78.81654	111.96200	52.75664	13.12802	1	1	1
	-3	1	1	1.73375	79.52045	-78.81654	111.96200	52.75664	13.12802	1	1	1
	-1	-3	-1	1.73375	79.52045	-78.81654	111.96200	52.75664	13.12802	1	1	1
	-1	-3	1	1.73375	72.14727	84.49702	111.10800	52.75664	12.92844	1	1	1
	-1	-1	3	1.73375	72.14727	84.49702	111.10800	52.75664	12.92844	1	1	1
	-1	-1	-3	1.73375	79.52045	-78.81654	111.96200	52.75664	13.12802	1	1	1
	-3	-1	1	1.73375	72.14727	84.49702	111.10800	52.75664	12.92844	1	1	1
	-3	1	-1	1.73375	72.14727	84.49702	111.10800	52.75664	12.92844	1	1	1
	-3	-1	-1	1.73375	79.52045	-78.81654	111.96200	52.75664	13.12802	1	1	1
	1	3	-1	1.73375	79.52045	-78.81654	111.96200	52.75664	13.12802	1	1	1
	1	3	1	1.73375	72.14727	84.49702	111.10800	52.75664	12.92844	1	1	1
	3	-1	-1	1.73375	72.14727	84.49702	111.10800	52.75664	12.92844	1	1	1
	3	1	1	1.73375	72.14727	84.49702	111.10800	52.75664	12.92844	1	1	1
	3	1	-1	1.73375	79.52045	-78.81654	111.96200	52.75664	13.12802	1	1	1
	3	-1	1	1.73375	79.52045	-78.81654	111.96200	52.75664	13.12802	1	1	1
	-2	2	2	1.65993	-5.85017	-0.83997	5.91017	55.29781	0.03287	1	1	1
	2	-2	-2	1.65993	-5.85017	-0.83997	5.91017	55.29781	0.03287	1	1	1
	-2	2	-2	1.65993	-5.85017	-0.83997	5.91017	55.29781	0.03287	1	1	1
	-2	-2	2	1.65993	-5.85017	-0.83997	5.91017	55.29781	0.03287	1	1	1
	-2	-2	-2	1.65993	-5.85017	-0.83997	5.91017	55.29781	0.03287	1	1	1
	2	-2	2	1.65993	-5.85017	-0.83997	5.91017	55.29781	0.03287	1	1	1
	2	2	-2	1.65993	-5.85017	-0.83997	5.91017	55.29781	0.03287	1	1	1
	2	2	2	1.65993	-5.85017	-0.83997	5.91017	55.29781	0.03287	1	1	1
	0	-4	0	1.43755	138.08943	6.28469	138.23200	64.80199	12.62121	1	1	1
	-4	0	0	1.43755	138.08943	6.28469	138.23200	64.80199	12.62121	1	1	1
	0	0	-4	1.43755	138.08943	6.28469	138.23200	64.80199	12.62121	1	1	1
	0	0	4	1.43755	138.08943	6.28469	138.23200	64.80199	12.62121	1	1	1
	0	4	0	1.43755	138.08943	6.28469	138.23200	64.80199	12.62121	1	1	1
	4	0	0	1.43755	138.08943	6.28469	138.23200	64.80199	12.62121	1	1	1
	-3	-1	3	1.31918	64.56952	-64.54065	91.29470	71.45341	4.49469	1	1	1
	-3	1	-3	1.31918	64.56952	-64.54065	91.29470	71.45341	4.49469	1	1	1
	-3	1	3	1.31918	57.62911	69.88772	90.58370	71.45341	4.42495	1	1	1
	-3	3	1	1.31918	57.62911	69.88772	90.58370	71.45341	4.42495	1	1	1
	-3	3	-1	1.31918	64.56952	-64.54065	91.29470	71.45341	4.49469	1	1	1
	-3	-3	1	1.31918	64.56952	-64.54065	91.29470	71.45341	4.49469	1	1	1
	-3	-1	-3	1.31918	57.62911	69.88772	90.58370	71.45341	4.42495	1	1	1
	-3	-3	-1	1.31918	57.62911	69.88772	90.58370	71.45341	4.42495	1	1	1
	-1	-3	-3	1.31918	57.62911	69.88772	90.58370	71.45341	4.42495	1	1	1
	-1	-3	3	1.31918	64.56952	-64.54065	91.29470	71.45341	4.49469	1	1	1
	-1	3	-3	1.31918	64.56952	-64.54065	91.29470	71.45341	4.49469	1	1	1
	1	-3	-3	1.31918	64.56952	-64.54065	91.29470	71.45341	4.49469	1	1	1
	-1	3	3	1.31918	57.62911	69.88772	90.58370	71.45341	4.42495	1	1	1
	3	-3	-1	1.31918	64.56952	-64.54065	91.29470	71.45341	4.49469	1	1	1
	3	-3	1	1.31918	57.62911	69.88772	90.58370	71.45341	4.42495	1	1	1
	1	3	3	1.31918	64.56952	-64.54065	91.29470	71.45341	4.49469	1	1	1
	1	3	-3	1.31918	57.62911	69.88772	90.58370	71.45341	4.42495	1	1	1
	1	-3	3	1.31918	57.62911	69.88772	90.58370	71.45341	4.42495	1	1	1
	3	-1	-3	1.31918	64.56952	-64.54065	91.29470	71.45341	4.49469	1	1	1
	3	-1	3	1.31918	57.62911	69.88772	90.58370	71.45341	4.42495	1	1	1
	3	1	-3	1.31918	57.62911	69.88772	90.58370	71.45341	4.42495	1	1	1
	3	3	-1	1.31918	57.62911	69.88772	90.58370	71.45341	4.42495	1	1	1
	3	1	3	1.31918	64.56952	-64.54065	91.29470	71.45341	4.49469	1	1	1
	3	3	1	1.31918	64.56952	-64.54065	91.29470	71.45341	4.49469	1	1	1
	-4	0	2	1.28578	-6.13931	-0.79067	6.19001	73.60935	0.01951	1	1	1
	-4	2	0	1.28578	-6.13931	-0.79067	6.19001	73.60935	0.01951	1	1	1
	-4	0	-2	1.28578	-6.13931	-0.79067	6.19001	73.60935	0.01951	1	1	1
	-4	-2	0	1.28578	-6.13931	-0.79067	6.19001	73.60935	0.01951	1	1	1
	-2	-4	0	1.28578	-6.13931	-0.79067	6.19001	73.60935	0.01951	1	1	1
	-2	0	-4	1.28578	-6.13931	-0.79067	6.19001	73.60935	0.01951	1	1	1
	-2	0	4	1.28578	-6.13931	-0.79067	6.19001	73.60935	0.01951	1	1	1
	0	-4	2	1.28578	-6.13931	-0.79067	6.19001	73.60935	0.01951	1	1	1
	0	-4	-2	1.28578	-6.13931	-0.79067	6.19001	73.60935	0.01951	1	1	1
	-2	4	0	1.28578	-6.13931	-0.79067	6.19001	73.60935	0.01951	1	1	1
	0	2	4	1.28578	-6.13931	-0.79067	6.19001	73.60935	0.01951	1	1	1
	0	4	-2	1.28578	-6.13931	-0.79067	6.19001	73.60935	0.01951	1	1	1
	0	2	-4	1.28578	-6.13931	-0.79067	6.19001	73.60935	0.01951	1	1	1
	0	-2	4	1.28578	-6.13931	-0.79067	6.19001	73.60935	0.01951	1	1	1
	0	-2	-4	1.28578	-6.13931	-0.79067	6.19001	73.60935	0.01951	1	1	1
	0	4	2	1.28578	-6.13931	-0.79067	6.19001	73.60935	0.01951	1	1	1
	2	-4	0	1.28578	-6.13931	-0.79067	6.19001	73.60935	0.01951	1	1	1
	2	0	-4	1.28578	-6.13931	-0.79067	6.19001	73.60935	0.01951	1	1	1
	2	4	0	1.28578	-6.13931	-0.79067	6.19001	73.60935	0.01951	1	1	1
	2	0	4	1.28578	-6.13931	-0.79067	6.19001	73.60935	0.01951	1	1	1
	4	-2	0	1.28578	-6.13931	-0.79067	6.19001	73.60935	0.01951	1	1	1
	4	0	-2	1.28578	-6.13931	-0.79067	6.19001	73.60935	0.01951	1	1	1
	4	0	2	1.28578	-6.13931	-0.79067	6.19001	73.60935	0.01951	1	1	1
	4	2	0	1.28578	-6.13931	-0.79067	6.19001	73.60935	0.01951	1	1	1
	-4	-2	-2	1.17375	114.27068	5.91582	114.42400	82.03189	5.56640	1	1	1
	-2	-2	-4	1.17375	114.27068	5.91582	114.42400	82.03189	5.56640	1	1	1
	-2	-2	4	1.17375	114.27068	5.91582	114.42400	82.03189	5.56640	1	1	1
	-2	2	-4	1.17375	114.27068	5.91582	114.42400	82.03189	5.56640	1	1	1
	-2	4	-2	1.17375	114.27068	5.91582	114.42400	82.03189	5.56640	1	1	1
	-2	2	4	1.17375	114.27068	5.91582	114.42400	82.03189	5.56640	1	1	1
	-2	-4	-2	1.17375	114.27068	5.91582	114.42400	82.03189	5.56640	1	1	1
	-2	-4	2	1.17375	114.27068	5.91582	114.42400	82.03189	5.56640	1	1	1
	-4	2	2	1.17375	114.27068	5.91582	114.42400	82.03189	5.56640	1	1	1
	-4	2	-2	1.17375	114.27068	5.91582	114.42400	82.03189	5.56640	1	1	1
	-4	-2	2	1.17375	114.27068	5.91582	114.42400	82.03189	5.56640	1	1	1
	-2	4	2	1.17375	114.27068	5.91582	114.42400	82.03189	5.56640	1	1	1
	2	-4	-2	1.17375	114.27068	5.91582	114.42400	82.03189	5.56640	1	1	1
	2	-4	2	1.17375	114.27068	5.91582	114.42400	82.03189	5.56640	1	1	1
	2	-2	4	1.17375	114.27068	5.91582	114.42400	82.03189	5.56640	1	1	1
	2	-2	-4	1.17375	114.27068	5.91582	114.42400	82.03189	5.56640	1	1	1
	2	4	2	1.17375	114.27068	5.91582	114.42400	82.03189	5.56640	1	1	1
	4	-2	-2	1.17375	114.27068	5.91582	114.42400	82.03189	5.56640	1	1	1
	2	4	-2	1.17375	114.27068	5.91582	114.42400	82.03189	5.56640	1	1	1
	2	2	4	1.17375	114.27068	5.91582	114.42400	82.03189	5.56640	1	1	1
	2	2	-4	1.17375	114.27068	5.91582	114.42400	82.03189	5.56640	1	1	1
	4	-2	2	1.17375	114.27068	5.91582	114.42400	82.03189	5.56640	1	1	1
	4	2	-2	1.17375	114.27068	5.91582	114.42400	82.03189	5.56640	1	1	1
	4	2	2	1.17375	114.27068	5.91582	114.42400	82.03189	5.56640	1	1	1
	-3	3	3	1.10662	53.64906	-54.02992	76.14100	88.22643	2.26124	1	1	1
	3	-3	-3	1.10662	47.11601	59.06315	75.55380	88.22643	2.22650	1	1	1
	3	-3	3	1.10662	53.64906	-54.02992	76.14100	88.22643	2.26124	1	1	1
	3	3	3	1.10662	47.11601	59.06315	75.55380	88.22643	2.22650	1	1	1
	3	3	-3	1.10662	53.64906	-54.02992	76.14100	88.22643	2.26124	1	1	1
	-3	-3	3	1.10662	47.11601	59.06315	75.55380	88.22643	2.22650	1	1	1
	-3	3	-3	1.10662	47.11601	59.06315	75.55380	88.22643	2.22650	1	1	1
	-3	-3	-3	1.10662	53.64906	-54.02992	76.14100	88.22643	2.26124	1	1	1
	-1	5	-1	1.10662	53.64906	-54.02992	76.14100	88.22643	2.26124	1	1	1
	-1	5	1	1.10662	47.11601	59.06315	75.55380	88.22643	2.22650	1	1	1
	1	-5	-1	1.10662	53.64906	-54.02992	76.14100	88.22643	2.26124	1	1	1
	1	-1	-5	1.10662	53.64906	-54.02992	76.14100	88.22643	2.26124	1	1	1
	1	-5	1	1.10662	47.11601	59.06315	75.55380	88.22643	2.22650	1	1	1
	1	5	-1	1.10662	47.11601	59.06315	75.55380	88.22643	2.22650	1	1	1
	1	5	1	1.10662	53.64906	-54.02992	76.14100	88.22643	2.26124	1	1	1
	1	1	5	1.10662	53.64906	-54.02992	76.14100	88.22643	2.26124	1	1	1
	1	1	-5	1.10662	47.11601	59.06315	75.55380	88.22643	2.22650	1	1	1
	1	-1	5	1.10662	47.11601	59.06315	75.55380	88.22643	2.22650	1	1	1
	-1	-5	1	1.10662	53.64906	-54.02992	76.14100	88.22643	2.26124	1	1	1
	-1	-1	-5	1.10662	47.11601	59.06315	75.55380	88.22643	2.22650	1	1	1
	-1	-1	5	1.10662	53.64906	-54.02992	76.14100	88.22643	2.26124	1	1	1
	-1	1	5	1.10662	47.11601	59.06315	75.55380	88.22643	2.22650	1	1	1
	-1	1	-5	1.10662	53.64906	-54.02992	76.14100	88.22643	2.26124	1	1	1
	-5	1	1	1.10662	47.11601	59.06315	75.55380	88.22643	2.22650	1	1	1
	-1	-5	-1	1.10662	47.11601	59.06315	75.55380	88.22643	2.22650	1	1	1
	-5	1	-1	1.10662	53.64906	-54.02992	76.14100	88.22643	2.26124	1	1	1
	-5	-1	1	1.10662	53.64906	-54.02992	76.14100	88.22643	2.26124	1	1	1
	-5	-1	-1	1.10662	47.11601	59.06315	75.55380	88.22643	2.22650	1	1	1
	5	-1	-1	1.10662	53.64906	-54.02992	76.14100	88.22643	2.26124	1	1	1
	5	-1	1	1.10662	47.11601	59.06315	75.55380	88.22643	2.22650	1	1	1
	5	1	-1	1.10662	47.11601	59.06315	75.55380	88.22643	2.22650	1	1	1
	5	1	1	1.10662	53.64906	-54.02992	76.14100	88.22643	2.26124	1	1	1
	-4	-4	0	1.01650	96.13392	5.56859	96.29510	98.54025	3.42860	1	1	1
	-4	4	0	1.01650	96.13392	5.56859	96.29510	98.54025	3.42860	1	1	1
	-4	0	4	1.01650	96.13392	5.56859	96.29510	98.54025	3.42860	1	1	1
	-4	0	-4	1.01650	96.13392	5.56859	96.29510	98.54025	3.42860	1	1	1
	0	4	4	1.01650	96.13392	5.56859	96.29510	98.54025	3.42860	1	1	1
	4	-4	0	1.01650	96.13392	5.56859	96.29510	98.54025	3.42860	1	1	1
	0	4	-4	1.01650	96.13392	5.56859	96.29510	98.54025	3.42860	1	1	1
	0	-4	4	1.01650	96.13392	5.56859	96.29510	98.54025	3.42860	1	1	1
	0	-4	-4	1.01650	96.13392	5.56859	96.29510	98.54025	3.42860	1	1	1
	4	0	-4	1.01650	96.13392	5.56859	96.29510	98.54025	3.42860	1	1	1
	4	0	4	1.01650	96.13392	5.56859	96.29510	98.54025	3.42860	1	1	1
	4	4	0	1.01650	96.13392	5.56859	96.29510	98.54025	3.42860	1	1	1
	-5	-1	3	0.97196	39.14905	50.53083	63.92190	104.84330	1.54091	1	1	1
	-5	1	-3	0.97196	39.14905	50.53083	63.92190	104.84330	1.54091	1	1	1
	-5	1	3	0.97196	45.29865	-45.79303	64.41250	104.84330	1.56466	1	1	1
	-5	3	1	0.97196	45.29865	-45.79303	64.41250	104.84330	1.56466	1	1	1
	-5	3	-1	0.97196	39.14905	50.53083	63.92190	104.84330	1.54091	1	1	1
	-3	-1	5	0.97196	39.14905	50.53083	63.92190	104.84330	1.54091	1	1	1
	-3	1	-5	0.97196	39.14905	50.53083	63.92190	104.84330	1.54091	1	1	1
	-3	-1	-5	0.97196	45.29865	-45.79303	64.41250	104.84330	1.56466	1	1	1
	-3	-5	1	0.97196	39.14905	50.53083	63.92190	104.84330	1.54091	1	1	1
	-3	-5	-1	0.97196	45.29865	-45.79303	64.41250	104.84330	1.56466	1	1	1
	-5	-3	-1	0.97196	45.29865	-45.79303	64.41250	104.84330	1.56466	1	1	1
	-5	-1	-3	0.97196	45.29865	-45.79303	64.41250	104.84330	1.56466	1	1	1
	-5	-3	1	0.97196	39.14905	50.53083	63.92190	104.84330	1.54091	1	1	1
	-3	1	5	0.97196	45.29865	-45.79303	64.41250	104.84330	1.56466	1	1	1
	-3	5	-1	0.97196	39.14905	50.53083	63.92190	104.84330	1.54091	1	1	1
	-3	5	1	0.97196	45.29865	-45.79303	64.41250	104.84330	1.56466	1	1	1
	-1	-3	-5	0.97196	45.29865	-45.79303	64.41250	104.84330	1.56466	1	1	1
	-1	-5	3	0.97196	39.14905	50.53083	63.92190	104.84330	1.54091	1	1	1
	-1	-5	-3	0.97196	45.29865	-45.79303	64.41250	104.84330	1.56466	1	1	1
	-1	5	-3	0.97196	39.14905	50.53083	63.92190	104.84330	1.54091	1	1	1
	-1	5	3	0.97196	45.29865	-45.79303	64.41250	104.84330	1.56466	1	1	1
	-1	3	5	0.97196	45.29865	-45.79303	64.41250	104.84330	1.56466	1	1	1
	-1	3	-5	0.97196	39.14905	50.53083	63.92190	104.84330	1.54091	1	1	1
	-1	-3	5	0.97196	39.14905	50.53083	63.92190	104.84330	1.54091	1	1	1
	1	3	5	0.97196	39.14905	50.53083	63.92190	104.84330	1.54091	1	1	1
	1	5	-3	0.97196	45.29865	-45.79303	64.41250	104.84330	1.56466	1	1	1
	1	5	3	0.97196	39.14905	50.53083	63.92190	104.84330	1.54091	1	1	1
	3	-5	1	0.97196	45.29865	-45.79303	64.41250	104.84330	1.56466	1	1	1
	3	-5	-1	0.97196	39.14905	50.53083	63.92190	104.84330	1.54091	1	1	1
	1	-3	5	0.97196	45.29865	-45.79303	64.41250	104.84330	1.56466	1	1	1
	1	3	-5	0.97196	45.29865	-45.79303	64.41250	104.84330	1.56466	1	1	1
	1	-3	-5	0.97196	39.14905	50.53083	63.92190	104.84330	1.54091	1	1	1
	1	-5	3	0.97196	45.29865	-45.79303	64.41250	104.84330	1.56466	1	1	1
	1	-5	-3	0.97196	39.14905	50.53083	63.92190	104.84330	1.54091	1	1	1
	3	-1	-5	0.97196	39.14905	50.53083	63.92190	104.84330	1.54091	1	1	1
	3	-1	5	0.97196	45.29865	-45.79303	64.41250	104.84330	1.56466	1	1	1
	3	1	-5	0.97196	45.29865	-45.79303	64.41250	104.84330	1.56466	1	1	1
	3	5	-1	0.97196	45.29865	-45.79303	64.41250	104.84330	1.56466	1	1	1
	3	1	5	0.97196	39.14905	50.53083	63.92190	104.84330	1.54091	1	1	1
	5	-1	-3	0.97196	39.14905	50.53083	63.92190	104.84330	1.54091	1	1	1
	5	-1	3	0.97196	45.29865	-45.79303	64.41250	104.84330	1.56466	1	1	1
	5	-3	1	0.97196	45.29865	-45.79303	64.41250	104.84330	1.56466	1	1	1
	5	-3	-1	0.97196	39.14905	50.53083	63.92190	104.84330	1.54091	1	1	1
	3	5	1	0.97196	39.14905	50.53083	63.92190	104.84330	1.54091	1	1	1
	5	1	-3	0.97196	45.29865	-45.79303	64.41250	104.84330	1.56466	1	1	1
	5	1	3	0.97196	39.14905	50.53083	63.92190	104.84330	1.54091	1	1	1
	5	3	-1	0.97196	45.29865	-45.79303	64.41250	104.84330	1.56466	1	1	1
	5	3	1	0.97196	39.14905	50.53083	63.92190	104.84330	1.54091	1	1	1
	-4	-4	-2	0.95836	-5.89629	-0.70058	5.93776	106.98175	0.01350	1	1	1
	-4	-4	2	0.95836	-5.89629	-0.70058	5.93776	106.98175	0.01350	1	1	1
	-4	-2	-4	0.95836	-5.89629	-0.70058	5.93776	106.98175	0.01350	1	1	1
	-4	2	-4	0.95836	-5.89629	-0.70058	5.93776	106.98175	0.01350	1	1	1
	-4	-2	4	0.95836	-5.89629	-0.70058	5.93776	106.98175	0.01350	1	1	1
	-6	0	0	0.95836	-5.89629	-0.70058	5.93776	106.98175	0.01350	1	1	1
	-4	2	4	0.95836	-5.89629	-0.70058	5.93776	106.98175	0.01350	1	1	1
	-4	4	-2	0.95836	-5.89629	-0.70058	5.93776	106.98175	0.01350	1	1	1
	-4	4	2	0.95836	-5.89629	-0.70058	5.93776	106.98175	0.01350	1	1	1
	-2	4	-4	0.95836	-5.89629	-0.70058	5.93776	106.98175	0.01350	1	1	1
	-2	-4	4	0.95836	-5.89629	-0.70058	5.93776	106.98175	0.01350	1	1	1
	-2	-4	-4	0.95836	-5.89629	-0.70058	5.93776	106.98175	0.01350	1	1	1
	0	0	6	0.95836	-5.89629	-0.70058	5.93776	106.98175	0.01350	1	1	1
	0	6	0	0.95836	-5.89629	-0.70058	5.93776	106.98175	0.01350	1	1	1
	0	0	-6	0.95836	-5.89629	-0.70058	5.93776	106.98175	0.01350	1	1	1
	0	-6	0	0.95836	-5.89629	-0.70058	5.93776	106.98175	0.01350	1	1	1
	-2	4	4	0.95836	-5.89629	-0.70058	5.93776	106.98175	0.01350	1	1	1
	4	-4	2	0.95836	-5.89629	-0.70058	5.93776	106.98175	0.01350	1	1	1
	4	-2	-4	0.95836	-5.89629	-0.70058	5.93776	106.98175	0.01350	1	1	1
	4	-2	4	0.95836	-5.89629	-0.70058	5.93776	106.98175	0.01350	1	1	1
	4	2	4	0.95836	-5.89629	-0.70058	5.93776	106.98175	0.01350	1	1	1
	4	2	-4	0.95836	-5.89629	-0.70058	5.93776	106.98175	0.01350	1	1	1
	2	4	4	0.95836	-5.89629	-0.70058	5.93776	106.98175	0.01350	1	1	1
	4	-4	-2	0.95836	-5.89629	-0.70058	5.93776	106.98175	0.01350	1	1	1
	2	4	-4	0.95836	-5.89629	-0.70058	5.93776	106.98175	0.01350	1	1	1
	2	-4	4	0.95836	-5.89629	-0.70058	5.93776	106.98175	0.01350	1	1	1
	2	-4	-4	0.95836	-5.89629	-0.70058	5.93776	106.98175	0.01350	1	1	1
	4	4	-2	0.95836	-5.89629	-0.70058	5.93776	106.98175	0.01350	1	1	1
	4	4	2	0.95836	-5.89629	-0.70058	5.93776	106.98175	0.01350	1	1	1
	6	0	0	0.95836	-5.89629	-0.70058	5.93776	106.98175	0.01350	1	1	1
	-6	-2	0	0.90918	81.81766	5.24174	81.98540	115.82540	2.84297	1	1	1
	-6	0	-2	0.90918	81.81766	5.24174	81.98540	115.82540	2.84297	1	1	1
	-6	0	2	0.90918	81.81766	5.24174	81.98540	115.82540	2.84297	1	1	1
	-6	2	0	0.90918	81.81766	5.24174	81.98540	115.82540	2.84297	1	1	1
	-2	-6	0	0.90918	81.81766	5.24174	81.98540	115.82540	2.84297	1	1	1
	-2	6	0	0.90918	81.81766	5.24174	81.98540	115.82540	2.84297	1	1	1
	-2	0	6	0.90918	81.81766	5.24174	81.98540	115.82540	2.84297	1	1	1
	-2	0	-6	0.90918	81.81766	5.24174	81.98540	115.82540	2.84297	1	1	1
	0	-2	6	0.90918	81.81766	5.24174	81.98540	115.82540	2.84297	1	1	1
	0	2	-6	0.90918	81.81766	5.24174	81.98540	115.82540	2.84297	1	1	1
	0	-2	-6	0.90918	81.81766	5.24174	81.98540	115.82540	2.84297	1	1	1
	0	-6	2	0.90918	81.81766	5.24174	81.98540	115.82540	2.84297	1	1	1
	0	-6	-2	0.90918	81.81766	5.24174	81.98540	115.82540	2.84297	1	1	1
	2	0	6	0.90918	81.81766	5.24174	81.98540	115.82540	2.84297	1	1	1
	2	6	0	0.90918	81.81766	5.24174	81.98540	115.82540	2.84297	1	1	1
	6	-2	0	0.90918	81.81766	5.24174	81.98540	115.82540	2.84297	1	1	1
	6	0	2	0.90918	81.81766	5.24174	81.98540	115.82540	2.84297	1	1	1
	6	0	-2	0.90918	81.81766	5.24174	81.98540	115.82540	2.84297	1	1	1
	2	-6	0	0.90918	81.81766	5.24174	81.98540	115.82540	2.84297	1	1	1
	2	0	-6	0.90918	81.81766	5.24174	81.98540	115.82540	2.84297	1	1	1
	0	6	2	0.90918	81.81766	5.24174	81.98540	115.82540	2.84297	1	1	1
	0	6	-2	0.90918	81.81766	5.24174	81.98540	115.82540	2.84297	1	1	1
	0	2	6	0.90918	81.81766	5.24174	81.98540	115.82540	2.84297	1	1	1
	6	2	0	0.90918	81.81766	5.24174	81.98540	115.82540	2.84297	1	1	1
	-5	-3	-3	0.87689	32.93308	43.60651	54.64540	122.90873	1.42177	1	1	1
	-5	3	3	0.87689	32.93308	43.60651	54.64540	122.90873	1.42177	1	1	1
	-5	3	-3	0.87689	38.72173	-39.14679	55.06220	122.90873	1.44354	1	1	1
	-5	-3	3	0.87689	38.72173	-39.14679	55.06220	122.90873	1.44354	1	1	1
	-3	-3	5	0.87689	38.72173	-39.14679	55.06220	122.90873	1.44354	1	1	1
	-3	3	-5	0.87689	38.72173	-39.14679	55.06220	122.90873	1.44354	1	1	1
	-3	-3	-5	0.87689	32.93308	43.60651	54.64540	122.90873	1.42177	1	1	1
	-3	-5	3	0.87689	38.72173	-39.14679	55.06220	122.90873	1.44354	1	1	1
	-3	-5	-3	0.87689	32.93308	43.60651	54.64540	122.90873	1.42177	1	1	1
	3	-3	-5	0.87689	38.72173	-39.14679	55.06220	122.90873	1.44354	1	1	1
	3	-3	5	0.87689	32.93308	43.60651	54.64540	122.90873	1.42177	1	1	1
	3	3	-5	0.87689	32.93308	43.60651	54.64540	122.90873	1.42177	1	1	1
	3	5	-3	0.87689	32.93308	43.60651	54.64540	122.90873	1.42177	1	1	1
	3	3	5	0.87689	38.72173	-39.14679	55.06220	122.90873	1.44354	1	1	1
	3	-5	-3	0.87689	38.72173	-39.14679	55.06220	122.90873	1.44354	1	1	1
	3	-5	3	0.87689	32.93308	43.60651	54.64540	122.90873	1.42177	1	1	1
	-3	5	3	0.87689	32.93308	43.60651	54.64540	122.90873	1.42177	1	1	1
	-3	5	-3	0.87689	38.72173	-39.14679	55.06220	122.90873	1.44354	1	1	1
	-3	3	5	0.87689	32.93308	43.60651	54.64540	122.90873	1.42177	1	1	1
	3	5	3	0.87689	38.72173	-39.14679	55.06220	122.90873	1.44354	1	1	1
	5	-3	-3	0.87689	38.72173	-39.14679	55.06220	122.90873	1.44354	1	1	1
	5	-3	3	0.87689	32.93308	43.60651	54.64540	122.90873	1.42177	1	1	1
	5	3	3	0.87689	38.72173	-39.14679	55.06220	122.90873	1.44354	1	1	1
	5	3	-3	0.87689	32.93308	43.60651	54.64540	122.90873	1.42177	1	1	1
	-6	2	2	0.86687	-5.49383	-0.65946	5.53326	125.39382	0.01530	1	1	1
	-2	-6	-2	0.86687	-5.49383	-0.65946	5.53326	125.39382	0.01530	1	1	1
	-6	2	-2	0.86687	-5.49383	-0.65946	5.53326	125.39382	0.01530	1	1	1
	-6	-2	2	0.86687	-5.49383	-0.65946	5.53326	125.39382	0.01530	1	1	1
	-6	-2	-2	0.86687	-5.49383	-0.65946	5.53326	125.39382	0.01530	1	1	1
	-2	6	-2	0.86687	-5.49383	-0.65946	5.53326	125.39382	0.01530	1	1	1
	-2	6	2	0.86687	-5.49383	-0.65946	5.53326	125.39382	0.01530	1	1	1
	2	-6	2	0.86687	-5.49383	-0.65946	5.53326	125.39382	0.01530	1	1	1
	2	-2	-6	0.86687	-5.49383	-0.65946	5.53326	125.39382	0.01530	1	1	1
	2	-6	-2	0.86687	-5.49383	-0.65946	5.53326	125.39382	0.01530	1	1	1
	-2	2	-6	0.86687	-5.49383	-0.65946	5.53326	125.39382	0.01530	1	1	1
	-2	2	6	0.86687	-5.49383	-0.65946	5.53326	125.39382	0.01530	1	1	1
	-2	-2	6	0.86687	-5.49383	-0.65946	5.53326	125.39382	0.01530	1	1	1
	-2	-2	-6	0.86687	-5.49383	-0.65946	5.53326	125.39382	0.01530	1	1	1
	-2	-6	2	0.86687	-5.49383	-0.65946	5.53326	125.39382	0.01530	1	1	1
	2	-2	6	0.86687	-5.49383	-0.65946	5.53326	125.39382	0.01530	1	1	1
	2	2	-6	0.86687	-5.49383	-0.65946	5.53326	125.39382	0.01530	1	1	1
	2	2	6	0.86687	-5.49383	-0.65946	5.53326	125.39382	0.01530	1	1	1
	6	-2	-2	0.86687	-5.49383	-0.65946	5.53326	125.39382	0.01530	1	1	1
	2	6	2	0.86687	-5.49383	-0.65946	5.53326	125.39382	0.01530	1	1	1
	2	6	-2	0.86687	-5.49383	-0.65946	5.53326	125.39382	0.01530	1	1	1
	6	-2	2	0.86687	-5.49383	-0.65946	5.53326	125.39382	0.01530	1	1	1
	6	2	-2	0.86687	-5.49383	-0.65946	5.53326	125.39382	0.01530	1	1	1
	6	2	2	0.86687	-5.49383	-0.65946	5.53326	125.39382	0.01530	1	1	1
