# 	h	k	l	d (Å)	F(real)		F(imag)		|F|			2θ			I			M	ID(λ)	Phase
	-1	-1	-1	2.35757	-18.56255	-0.20149	18.56360	38.14126	58.15841	1	1	1
	1	1	1	2.35757	-18.56255	-0.20149	18.56360	38.14126	58.15841	1	1	1
	-1	1	-1	2.35757	-18.56255	-0.20149	18.56360	38.14126	58.15841	1	1	1
	-1	-1	1	2.35757	-18.56255	-0.20149	18.56360	38.14126	58.15841	1	1	1
	-1	1	1	2.35757	-18.56255	-0.20149	18.56360	38.14126	58.15841	1	1	1
	1	-1	-1	2.35757	-18.56255	-0.20149	18.56360	38.14126	58.15841	1	1	1
	1	1	-1	2.35757	-18.56255	-0.20149	18.56360	38.14126	58.15841	1	1	1
	1	-1	1	2.35757	-18.56255	-0.20149	18.56360	38.14126	58.15841	1	1	1
	0	0	-2	2.04171	28.78968	0.20101	28.79040	44.33052	100.00000	1	1	1
	0	-2	0	2.04171	28.78968	0.20101	28.79040	44.33052	100.00000	1	1	1
	-2	0	0	2.04171	28.78968	0.20101	28.79040	44.33052	100.00000	1	1	1
	0	0	2	2.04171	28.78968	0.20101	28.79040	44.33052	100.00000	1	1	1
	0	2	0	2.04171	28.78968	0.20101	28.79040	44.33052	100.00000	1	1	1
	2	0	0	2.04171	28.78968	0.20101	28.79040	44.33052	100.00000	1	1	1
	-2	-2	0	1.44371	20.82784	0.18931	20.82870	64.49174	22.47139	1	1	1
	-2	0	-2	1.44371	20.82784	0.18931	20.82870	64.49174	22.47139	1	1	1
	0	2	2	1.44371	20.82784	0.18931	20.82870	64.49174	22.47139	1	1	1
	0	-2	-2	1.44371	20.82784	0.18931	20.82870	64.49174	22.47139	1	1	1
	-2	0	2	1.44371	20.82784	0.18931	20.82870	64.49174	22.47139	1	1	1
	2	2	0	1.44371	20.82784	0.18931	20.82870	64.49174	22.47139	1	1	1
	2	0	2	1.44371	20.82784	0.18931	20.82870	64.49174	22.47139	1	1	1
	-2	2	0	1.44371	20.82784	0.18931	20.82870	64.49174	22.47139	1	1	1
	0	-2	2	1.44371	20.82784	0.18931	20.82870	64.49174	22.47139	1	1	1
	2	-2	0	1.44371	20.82784	0.18931	20.82870	64.49174	22.47139	1	1	1
	0	2	-2	1.44371	20.82784	0.18931	20.82870	64.49174	22.47139	1	1	1
	2	0	-2	1.44371	20.82784	0.18931	20.82870	64.49174	22.47139	1	1	1
	-3	-1	1	1.23120	-8.50125	-0.17872	8.50313	77.45938	2.60844	1	1	1
	-3	-1	-1	1.23120	-8.50125	-0.17872	8.50313	77.45938	2.60844	1	1	1
	-1	-3	-1	1.23120	-8.50125	-0.17872	8.50313	77.45938	2.60844	1	1	1
	-1	-3	1	1.23120	-8.50125	-0.17872	8.50313	77.45938	2.60844	1	1	1
	-3	1	1	1.23120	-8.50125	-0.17872	8.50313	77.45938	2.60844	1	1	1
	-3	1	-1	1.23120	-8.50125	-0.17872	8.50313	77.45938	2.60844	1	1	1
	-1	3	-1	1.23120	-8.50125	-0.17872	8.50313	77.45938	2.60844	1	1	1
	-1	3	1	1.23120	-8.50125	-0.17872	8.50313	77.45938	2.60844	1	1	1
	1	-3	-1	1.23120	-8.50125	-0.17872	8.50313	77.45938	2.60844	1	1	1
	-1	1	-3	1.23120	-8.50125	-0.17872	8.50313	77.45938	2.60844	1	1	1
	-1	1	3	1.23120	-8.50125	-0.17872	8.50313	77.45938	2.60844	1	1	1
	-1	-1	3	1.23120	-8.50125	-0.17872	8.50313	77.45938	2.60844	1	1	1
	-1	-1	-3	1.23120	-8.50125	-0.17872	8.50313	77.45938	2.60844	1	1	1
	1	-3	1	1.23120	-8.50125	-0.17872	8.50313	77.45938	2.60844	1	1	1
	1	-1	-3	1.23120	-8.50125	-0.17872	8.50313	77.45938	2.60844	1	1	1
	1	1	-3	1.23120	-8.50125	-0.17872	8.50313	77.45938	2.60844	1	1	1
	1	-1	3	1.23120	-8.50125	-0.17872	8.50313	77.45938	2.60844	1	1	1
	1	3	1	1.23120	-8.50125	-0.17872	8.50313	77.45938	2.60844	1	1	1
	1	3	-1	1.23120	-8.50125	-0.17872	8.50313	77.45938	2.60844	1	1	1
	1	1	3	1.23120	-8.50125	-0.17872	8.50313	77.45938	2.60844	1	1	1
	3	-1	-1	1.23120	-8.50125	-0.17872	8.50313	77.45938	2.60844	1	1	1
	3	-1	1	1.23120	-8.50125	-0.17872	8.50313	77.45938	2.60844	1	1	1
	3	1	1	1.23120	-8.50125	-0.17872	8.50313	77.45938	2.60844	1	1	1
	3	1	-1	1.23120	-8.50125	-0.17872	8.50313	77.45938	2.60844	1	1	1
	-2	-2	-2	1.17878	16.00334	0.17829	16.00430	81.60702	8.51414	1	1	1
	2	2	2	1.17878	16.00334	0.17829	16.00430	81.60702	8.51414	1	1	1
	-2	-2	2	1.17878	16.00334	0.17829	16.00430	81.60702	8.51414	1	1	1
	-2	2	-2	1.17878	16.00334	0.17829	16.00430	81.60702	8.51414	1	1	1
	-2	2	2	1.17878	16.00334	0.17829	16.00430	81.60702	8.51414	1	1	1
	2	-2	2	1.17878	16.00334	0.17829	16.00430	81.60702	8.51414	1	1	1
	2	-2	-2	1.17878	16.00334	0.17829	16.00430	81.60702	8.51414	1	1	1
	2	2	-2	1.17878	16.00334	0.17829	16.00430	81.60702	8.51414	1	1	1
	0	-4	0	1.02086	12.81380	0.16791	12.81490	97.97364	4.71294	1	1	1
	-4	0	0	1.02086	12.81380	0.16791	12.81490	97.97364	4.71294	1	1	1
	0	0	-4	1.02086	12.81380	0.16791	12.81490	97.97364	4.71294	1	1	1
	0	0	4	1.02086	12.81380	0.16791	12.81490	97.97364	4.71294	1	1	1
	4	0	0	1.02086	12.81380	0.16791	12.81490	97.97364	4.71294	1	1	1
	0	4	0	1.02086	12.81380	0.16791	12.81490	97.97364	4.71294	1	1	1
	-3	-3	1	0.93680	-5.30143	-0.15851	5.30380	110.62359	0.86453	1	1	1
	-3	-3	-1	0.93680	-5.30143	-0.15851	5.30380	110.62359	0.86453	1	1	1
	-3	1	-3	0.93680	-5.30143	-0.15851	5.30380	110.62359	0.86453	1	1	1
	-3	-1	3	0.93680	-5.30143	-0.15851	5.30380	110.62359	0.86453	1	1	1
	-3	-1	-3	0.93680	-5.30143	-0.15851	5.30380	110.62359	0.86453	1	1	1
	-3	1	3	0.93680	-5.30143	-0.15851	5.30380	110.62359	0.86453	1	1	1
	-3	3	-1	0.93680	-5.30143	-0.15851	5.30380	110.62359	0.86453	1	1	1
	-1	-3	-3	0.93680	-5.30143	-0.15851	5.30380	110.62359	0.86453	1	1	1
	-3	3	1	0.93680	-5.30143	-0.15851	5.30380	110.62359	0.86453	1	1	1
	-1	3	3	0.93680	-5.30143	-0.15851	5.30380	110.62359	0.86453	1	1	1
	1	-3	-3	0.93680	-5.30143	-0.15851	5.30380	110.62359	0.86453	1	1	1
	-1	3	-3	0.93680	-5.30143	-0.15851	5.30380	110.62359	0.86453	1	1	1
	-1	-3	3	0.93680	-5.30143	-0.15851	5.30380	110.62359	0.86453	1	1	1
	3	-3	1	0.93680	-5.30143	-0.15851	5.30380	110.62359	0.86453	1	1	1
	3	-1	-3	0.93680	-5.30143	-0.15851	5.30380	110.62359	0.86453	1	1	1
	3	-1	3	0.93680	-5.30143	-0.15851	5.30380	110.62359	0.86453	1	1	1
	1	3	3	0.93680	-5.30143	-0.15851	5.30380	110.62359	0.86453	1	1	1
	3	-3	-1	0.93680	-5.30143	-0.15851	5.30380	110.62359	0.86453	1	1	1
	1	3	-3	0.93680	-5.30143	-0.15851	5.30380	110.62359	0.86453	1	1	1
	1	-3	3	0.93680	-5.30143	-0.15851	5.30380	110.62359	0.86453	1	1	1
	3	1	-3	0.93680	-5.30143	-0.15851	5.30380	110.62359	0.86453	1	1	1
	3	1	3	0.93680	-5.30143	-0.15851	5.30380	110.62359	0.86453	1	1	1
	3	3	1	0.93680	-5.30143	-0.15851	5.30380	110.62359	0.86453	1	1	1
	3	3	-1	0.93680	-5.30143	-0.15851	5.30380	110.62359	0.86453	1	1	1
	-4	2	0	0.91308	10.57716	0.15814	10.57830	115.04923	3.63291	1	1	1
	-2	-4	0	0.91308	10.57716	0.15814	10.57830	115.04923	3.63291	1	1	1
	-2	0	4	0.91308	10.57716	0.15814	10.57830	115.04923	3.63291	1	1	1
	-2	0	-4	0.91308	10.57716	0.15814	10.57830	115.04923	3.63291	1	1	1
	0	-4	2	0.91308	10.57716	0.15814	10.57830	115.04923	3.63291	1	1	1
	0	-4	-2	0.91308	10.57716	0.15814	10.57830	115.04923	3.63291	1	1	1
	-2	4	0	0.91308	10.57716	0.15814	10.57830	115.04923	3.63291	1	1	1
	-4	-2	0	0.91308	10.57716	0.15814	10.57830	115.04923	3.63291	1	1	1
	-4	0	-2	0.91308	10.57716	0.15814	10.57830	115.04923	3.63291	1	1	1
	-4	0	2	0.91308	10.57716	0.15814	10.57830	115.04923	3.63291	1	1	1
	0	-2	-4	0.91308	10.57716	0.15814	10.57830	115.04923	3.63291	1	1	1
	0	-2	4	0.91308	10.57716	0.15814	10.57830	115.04923	3.63291	1	1	1
	0	2	4	0.91308	10.57716	0.15814	10.57830	115.04923	3.63291	1	1	1
	0	2	-4	0.91308	10.57716	0.15814	10.57830	115.04923	3.63291	1	1	1
	2	-4	0	0.91308	10.57716	0.15814	10.57830	115.04923	3.63291	1	1	1
	2	0	-4	0.91308	10.57716	0.15814	10.57830	115.04923	3.63291	1	1	1
	0	4	2	0.91308	10.57716	0.15814	10.57830	115.04923	3.63291	1	1	1
	0	4	-2	0.91308	10.57716	0.15814	10.57830	115.04923	3.63291	1	1	1
	2	0	4	0.91308	10.57716	0.15814	10.57830	115.04923	3.63291	1	1	1
	2	4	0	0.91308	10.57716	0.15814	10.57830	115.04923	3.63291	1	1	1
	4	0	-2	0.91308	10.57716	0.15814	10.57830	115.04923	3.63291	1	1	1
	4	-2	0	0.91308	10.57716	0.15814	10.57830	115.04923	3.63291	1	1	1
	4	0	2	0.91308	10.57716	0.15814	10.57830	115.04923	3.63291	1	1	1
	4	2	0	0.91308	10.57716	0.15814	10.57830	115.04923	3.63291	1	1	1
