# 	h	k	l	d (Å)	F(real)		F(imag)		|F|			2θ			I			M	ID(λ)	Phase
	-2	-2	0	2.85989	77.42042	1.40157	77.43310	31.25053	30.75444	1	1	1
	-2	2	0	2.85989	77.42042	1.40157	77.43310	31.25053	30.75444	1	1	1
	-2	0	2	2.85989	77.42042	1.40157	77.43310	31.25053	30.75444	1	1	1
	-2	0	-2	2.85989	77.42042	1.40157	77.43310	31.25053	30.75444	1	1	1
	0	-2	-2	2.85989	77.42042	1.40157	77.43310	31.25053	30.75444	1	1	1
	0	-2	2	2.85989	77.42042	1.40157	77.43310	31.25053	30.75444	1	1	1
	0	2	2	2.85989	77.42042	1.40157	77.43310	31.25053	30.75444	1	1	1
	0	2	-2	2.85989	77.42042	1.40157	77.43310	31.25053	30.75444	1	1	1
	2	0	2	2.85989	77.42042	1.40157	77.43310	31.25053	30.75444	1	1	1
	2	0	-2	2.85989	77.42042	1.40157	77.43310	31.25053	30.75444	1	1	1
	2	-2	0	2.85989	77.42042	1.40157	77.43310	31.25053	30.75444	1	1	1
	2	2	0	2.85989	77.42042	1.40157	77.43310	31.25053	30.75444	1	1	1
	-3	-1	-1	2.43892	80.84783	-76.88889	111.57200	36.82239	44.68037	1	1	1
	1	1	3	2.43892	76.88892	80.84786	111.57200	36.82239	44.68041	1	1	1
	1	3	1	2.43892	76.88890	80.84782	111.57200	36.82239	44.68037	1	1	1
	3	1	1	2.43892	76.88890	80.84782	111.57200	36.82239	44.68037	1	1	1
	-1	-1	3	2.43892	76.88890	80.84784	111.57200	36.82239	44.68038	1	1	1
	1	1	-3	2.43892	80.84784	-76.88891	111.57200	36.82239	44.68038	1	1	1
	-1	-1	-3	2.43892	80.84785	-76.88893	111.57200	36.82239	44.68041	1	1	1
	-1	-3	-1	2.43892	80.84783	-76.88889	111.57200	36.82239	44.68037	1	1	1
	-3	-1	1	2.43892	76.88889	80.84782	111.57200	36.82239	44.68037	1	1	1
	-3	1	-1	2.43892	76.88889	80.84782	111.57200	36.82239	44.68037	1	1	1
	-1	-3	1	2.43892	76.88889	80.84782	111.57200	36.82239	44.68037	1	1	1
	-3	1	1	2.43892	80.84782	-76.88889	111.57200	36.82239	44.68036	1	1	1
	-1	3	-1	2.43892	76.88889	80.84782	111.57200	36.82239	44.68036	1	1	1
	-1	1	3	2.43892	80.84784	-76.88891	111.57200	36.82239	44.68039	1	1	1
	-1	1	-3	2.43892	76.88891	80.84784	111.57200	36.82239	44.68039	1	1	1
	1	-1	3	2.43892	80.84784	-76.88891	111.57200	36.82239	44.68039	1	1	1
	1	3	-1	2.43892	80.84782	-76.88889	111.57200	36.82239	44.68037	1	1	1
	3	-1	-1	2.43892	76.88889	80.84782	111.57200	36.82239	44.68036	1	1	1
	1	-3	1	2.43892	80.84782	-76.88889	111.57200	36.82239	44.68036	1	1	1
	1	-1	-3	2.43892	76.88891	80.84784	111.57200	36.82239	44.68039	1	1	1
	1	-3	-1	2.43892	76.88889	80.84782	111.57200	36.82239	44.68037	1	1	1
	-1	3	1	2.43892	80.84782	-76.88889	111.57200	36.82239	44.68037	1	1	1
	3	-1	1	2.43892	80.84782	-76.88889	111.57200	36.82239	44.68037	1	1	1
	3	1	-1	2.43892	80.84782	-76.88889	111.57200	36.82239	44.68037	1	1	1
	2	2	2	2.33509	2.81576	18.92944	19.13770	38.52277	1.18996	1	1	1
	-2	-2	-2	2.33509	-2.81578	-18.92944	19.13770	38.52277	1.18996	1	1	1
	-2	2	2	2.33509	-2.81577	-18.92945	19.13770	38.52277	1.18996	1	1	1
	-2	2	-2	2.33509	2.81577	18.92945	19.13770	38.52277	1.18996	1	1	1
	-2	-2	2	2.33509	2.81576	18.92944	19.13770	38.52277	1.18996	1	1	1
	2	-2	-2	2.33509	2.81577	18.92945	19.13770	38.52277	1.18996	1	1	1
	2	-2	2	2.33509	-2.81577	-18.92945	19.13770	38.52277	1.18996	1	1	1
	2	2	-2	2.33509	-2.81578	-18.92944	19.13770	38.52277	1.18996	1	1	1
	0	-4	0	2.02225	-207.54961	-3.27350	207.57500	44.78020	100.00000	1	1	1
	-4	0	0	2.02225	-207.54961	-3.27350	207.57500	44.78020	100.00000	1	1	1
	0	0	-4	2.02225	-207.54961	-3.27350	207.57500	44.78020	100.00000	1	1	1
	0	0	4	2.02225	-207.54961	-3.27351	207.57500	44.78020	100.00000	1	1	1
	4	0	0	2.02225	-207.54961	-3.27351	207.57500	44.78020	100.00000	1	1	1
	0	4	0	2.02225	-207.54961	-3.27351	207.57500	44.78020	100.00000	1	1	1
	-3	-1	-3	1.85574	5.27979	4.28478	6.79967	49.04968	0.08730	1	1	1
	-3	-3	1	1.85574	4.28479	-5.27980	6.79968	49.04968	0.08730	1	1	1
	-3	-3	-1	1.85574	5.27980	4.28479	6.79968	49.04968	0.08730	1	1	1
	-3	3	1	1.85574	5.27978	4.28477	6.79966	49.04968	0.08730	1	1	1
	-1	-3	-3	1.85574	5.27979	4.28478	6.79967	49.04968	0.08730	1	1	1
	-1	-3	3	1.85574	4.28477	-5.27978	6.79965	49.04968	0.08730	1	1	1
	-3	1	3	1.85574	5.27977	4.28477	6.79965	49.04968	0.08730	1	1	1
	-3	3	-1	1.85574	4.28477	-5.27978	6.79965	49.04968	0.08730	1	1	1
	-3	1	-3	1.85574	4.28477	-5.27977	6.79966	49.04968	0.08730	1	1	1
	-3	-1	3	1.85574	4.28477	-5.27978	6.79965	49.04968	0.08730	1	1	1
	3	-3	1	1.85574	5.27978	4.28477	6.79966	49.04968	0.08730	1	1	1
	3	-1	-3	1.85574	4.28477	-5.27977	6.79965	49.04968	0.08730	1	1	1
	3	1	-3	1.85574	5.27978	4.28477	6.79965	49.04968	0.08730	1	1	1
	3	-1	3	1.85574	5.27978	4.28477	6.79966	49.04968	0.08730	1	1	1
	3	3	1	1.85574	4.28479	-5.27980	6.79968	49.04968	0.08730	1	1	1
	3	3	-1	1.85574	5.27980	4.28479	6.79968	49.04968	0.08730	1	1	1
	3	1	3	1.85574	4.28478	-5.27979	6.79967	49.04968	0.08730	1	1	1
	1	3	-3	1.85574	5.27978	4.28477	6.79965	49.04968	0.08730	1	1	1
	1	3	3	1.85574	4.28478	-5.27979	6.79967	49.04968	0.08730	1	1	1
	3	-3	-1	1.85574	4.28477	-5.27978	6.79965	49.04968	0.08730	1	1	1
	1	-3	-3	1.85574	4.28477	-5.27977	6.79966	49.04968	0.08730	1	1	1
	1	-3	3	1.85574	5.27977	4.28477	6.79965	49.04968	0.08730	1	1	1
	-1	3	3	1.85574	5.27978	4.28477	6.79966	49.04968	0.08730	1	1	1
	-1	3	-3	1.85574	4.28477	-5.27977	6.79965	49.04968	0.08730	1	1	1
	-4	-2	-2	1.65116	52.03157	1.26568	52.04700	55.61706	3.84254	1	1	1
	-2	2	-4	1.65116	52.03156	1.26566	52.04700	55.61706	3.84254	1	1	1
	-2	2	4	1.65116	52.03156	1.26568	52.04700	55.61706	3.84254	1	1	1
	-2	4	2	1.65116	52.03158	1.26568	52.04700	55.61706	3.84254	1	1	1
	-2	4	-2	1.65116	52.03157	1.26567	52.04700	55.61706	3.84254	1	1	1
	2	-2	-4	1.65116	52.03156	1.26566	52.04700	55.61706	3.84254	1	1	1
	2	-4	2	1.65116	52.03157	1.26567	52.04700	55.61706	3.84254	1	1	1
	2	-4	-2	1.65116	52.03158	1.26567	52.04700	55.61706	3.84254	1	1	1
	-2	-4	2	1.65116	52.03158	1.26568	52.04700	55.61706	3.84254	1	1	1
	-2	-2	-4	1.65116	52.03156	1.26569	52.04700	55.61706	3.84254	1	1	1
	-2	-2	4	1.65116	52.03158	1.26567	52.04700	55.61706	3.84254	1	1	1
	-4	2	2	1.65116	52.03157	1.26567	52.04700	55.61706	3.84254	1	1	1
	-2	-4	-2	1.65116	52.03157	1.26568	52.04700	55.61706	3.84254	1	1	1
	-4	2	-2	1.65116	52.03158	1.26567	52.04700	55.61706	3.84254	1	1	1
	-4	-2	2	1.65116	52.03158	1.26568	52.04700	55.61706	3.84254	1	1	1
	2	-2	4	1.65116	52.03156	1.26568	52.04700	55.61706	3.84254	1	1	1
	2	2	-4	1.65116	52.03158	1.26568	52.04700	55.61706	3.84254	1	1	1
	2	4	-2	1.65116	52.03158	1.26566	52.04700	55.61706	3.84254	1	1	1
	2	2	4	1.65116	52.03156	1.26565	52.04700	55.61706	3.84254	1	1	1
	4	-2	2	1.65116	52.03158	1.26568	52.04700	55.61706	3.84254	1	1	1
	4	-2	-2	1.65116	52.03157	1.26567	52.04700	55.61706	3.84254	1	1	1
	2	4	2	1.65116	52.03157	1.26566	52.04700	55.61706	3.84254	1	1	1
	4	2	-2	1.65116	52.03158	1.26566	52.04700	55.61706	3.84254	1	1	1
	4	2	2	1.65116	52.03157	1.26566	52.04700	55.61706	3.84254	1	1	1
	-3	-3	-3	1.55673	39.39011	-36.08471	53.41990	59.31542	3.49998	1	1	1
	-3	-3	3	1.55673	36.08469	39.39008	53.41990	59.31542	3.49998	1	1	1
	-3	3	-3	1.55673	36.08469	39.39008	53.41990	59.31542	3.49998	1	1	1
	3	-3	-3	1.55673	36.08469	39.39008	53.41990	59.31542	3.49998	1	1	1
	-3	3	3	1.55673	39.39008	-36.08469	53.41990	59.31542	3.49998	1	1	1
	3	3	3	1.55673	36.08472	39.39010	53.41990	59.31542	3.49998	1	1	1
	3	3	-3	1.55673	39.39008	-36.08469	53.41990	59.31542	3.49998	1	1	1
	3	-3	3	1.55673	39.39008	-36.08469	53.41990	59.31542	3.49998	1	1	1
	-1	-1	5	1.55673	91.08499	-86.92943	125.91000	59.31542	19.44359	1	1	1
	-1	1	-5	1.55673	91.08502	-86.92947	125.91000	59.31542	19.44361	1	1	1
	-1	5	-1	1.55673	91.08499	-86.92943	125.90900	59.31542	19.44359	1	1	1
	-1	1	5	1.55673	86.92946	91.08502	125.91000	59.31542	19.44361	1	1	1
	1	-5	1	1.55673	86.92943	91.08499	125.90900	59.31542	19.44359	1	1	1
	1	-5	-1	1.55673	91.08501	-86.92945	125.91000	59.31542	19.44360	1	1	1
	-1	5	1	1.55673	86.92945	91.08501	125.91000	59.31542	19.44360	1	1	1
	1	5	-1	1.55673	86.92946	91.08501	125.91000	59.31542	19.44360	1	1	1
	1	5	1	1.55673	91.08499	-86.92943	125.90900	59.31542	19.44359	1	1	1
	5	-1	-1	1.55673	91.08499	-86.92943	125.90900	59.31542	19.44359	1	1	1
	1	1	-5	1.55673	86.92944	91.08499	125.91000	59.31542	19.44359	1	1	1
	1	1	5	1.55673	91.08498	-86.92942	125.90900	59.31542	19.44359	1	1	1
	1	-1	5	1.55673	86.92946	91.08502	125.91000	59.31542	19.44361	1	1	1
	1	-1	-5	1.55673	91.08502	-86.92947	125.91000	59.31542	19.44361	1	1	1
	-5	-1	-1	1.55673	86.92943	91.08499	125.90900	59.31542	19.44359	1	1	1
	-5	-1	1	1.55673	91.08501	-86.92946	125.91000	59.31542	19.44360	1	1	1
	-5	1	1	1.55673	86.92943	91.08499	125.90900	59.31542	19.44359	1	1	1
	-5	1	-1	1.55673	91.08501	-86.92945	125.91000	59.31542	19.44360	1	1	1
	-1	-1	-5	1.55673	86.92942	91.08497	125.90900	59.31542	19.44359	1	1	1
	-1	-5	1	1.55673	91.08501	-86.92946	125.91000	59.31542	19.44360	1	1	1
	-1	-5	-1	1.55673	86.92943	91.08499	125.90900	59.31542	19.44359	1	1	1
	5	-1	1	1.55673	86.92945	91.08501	125.91000	59.31542	19.44360	1	1	1
	5	1	-1	1.55673	86.92946	91.08501	125.91000	59.31542	19.44360	1	1	1
	5	1	1	1.55673	91.08499	-86.92943	125.90900	59.31542	19.44359	1	1	1
	-4	-4	0	1.42995	244.92370	5.53452	244.98600	65.18887	59.77614	1	1	1
	-4	0	-4	1.42995	244.92370	5.53452	244.98600	65.18887	59.77614	1	1	1
	-4	0	4	1.42995	244.92371	5.53452	244.98600	65.18887	59.77614	1	1	1
	-4	4	0	1.42995	244.92371	5.53452	244.98600	65.18887	59.77614	1	1	1
	0	-4	-4	1.42995	244.92370	5.53452	244.98600	65.18887	59.77614	1	1	1
	0	4	-4	1.42995	244.92371	5.53452	244.98600	65.18887	59.77614	1	1	1
	0	-4	4	1.42995	244.92371	5.53452	244.98600	65.18887	59.77614	1	1	1
	4	0	-4	1.42995	244.92371	5.53452	244.98600	65.18887	59.77614	1	1	1
	4	-4	0	1.42995	244.92371	5.53452	244.98600	65.18887	59.77614	1	1	1
	0	4	4	1.42995	244.92370	5.53452	244.98600	65.18887	59.77614	1	1	1
	4	0	4	1.42995	244.92370	5.53452	244.98600	65.18887	59.77614	1	1	1
	4	4	0	1.42995	244.92370	5.53452	244.98600	65.18887	59.77614	1	1	1
	-5	1	-3	1.36729	-19.82388	-21.16605	28.99980	68.57896	0.75256	1	1	1
	-5	1	3	1.36729	-21.16606	19.82390	28.99980	68.57896	0.75256	1	1	1
	-5	3	-1	1.36729	-19.82389	-21.16606	28.99980	68.57896	0.75256	1	1	1
	-5	-1	-3	1.36729	-21.16607	19.82390	28.99980	68.57896	0.75256	1	1	1
	-5	-1	3	1.36729	-19.82389	-21.16606	28.99980	68.57896	0.75256	1	1	1
	-5	-3	1	1.36729	-19.82388	-21.16604	28.99980	68.57896	0.75256	1	1	1
	-5	-3	-1	1.36729	-21.16606	19.82390	28.99980	68.57896	0.75256	1	1	1
	-3	5	-1	1.36729	-19.82390	-21.16606	28.99980	68.57896	0.75256	1	1	1
	-3	5	1	1.36729	-21.16606	19.82389	28.99980	68.57896	0.75256	1	1	1
	-1	-5	3	1.36729	-19.82389	-21.16606	28.99980	68.57896	0.75256	1	1	1
	-1	-5	-3	1.36729	-21.16607	19.82390	28.99980	68.57896	0.75256	1	1	1
	-1	3	-5	1.36729	-19.82388	-21.16605	28.99980	68.57896	0.75256	1	1	1
	-1	-3	5	1.36729	-19.82390	-21.16607	28.99980	68.57896	0.75256	1	1	1
	-1	-3	-5	1.36729	-21.16608	19.82390	28.99980	68.57896	0.75256	1	1	1
	-3	-1	5	1.36729	-19.82390	-21.16607	28.99980	68.57896	0.75256	1	1	1
	-3	1	-5	1.36729	-19.82388	-21.16604	28.99980	68.57896	0.75256	1	1	1
	-3	1	5	1.36729	-21.16605	19.82388	28.99980	68.57896	0.75256	1	1	1
	-3	-5	1	1.36729	-19.82388	-21.16604	28.99980	68.57896	0.75256	1	1	1
	-3	-1	-5	1.36729	-21.16608	19.82390	28.99980	68.57896	0.75256	1	1	1
	-3	-5	-1	1.36729	-21.16606	19.82390	28.99980	68.57896	0.75256	1	1	1
	-5	3	1	1.36729	-21.16606	19.82389	28.99980	68.57896	0.75256	1	1	1
	3	-1	5	1.36729	-21.16604	19.82387	28.99980	68.57896	0.75256	1	1	1
	3	1	-5	1.36729	-21.16607	19.82390	28.99980	68.57896	0.75256	1	1	1
	3	5	-1	1.36729	-21.16604	19.82387	28.99980	68.57896	0.75256	1	1	1
	3	1	5	1.36729	-19.82391	-21.16607	28.99980	68.57896	0.75256	1	1	1
	5	-3	1	1.36729	-21.16606	19.82389	28.99980	68.57896	0.75256	1	1	1
	5	-3	-1	1.36729	-19.82390	-21.16606	28.99980	68.57896	0.75256	1	1	1
	3	5	1	1.36729	-19.82389	-21.16606	28.99980	68.57896	0.75256	1	1	1
	5	1	3	1.36729	-19.82390	-21.16607	28.99980	68.57896	0.75256	1	1	1
	5	3	-1	1.36729	-21.16604	19.82387	28.99980	68.57896	0.75256	1	1	1
	5	3	1	1.36729	-19.82389	-21.16606	28.99980	68.57896	0.75256	1	1	1
	5	1	-3	1.36729	-21.16606	19.82389	28.99980	68.57896	0.75256	1	1	1
	5	-1	3	1.36729	-21.16605	19.82388	28.99980	68.57896	0.75256	1	1	1
	5	-1	-3	1.36729	-19.82390	-21.16606	28.99980	68.57896	0.75256	1	1	1
	1	3	-5	1.36729	-21.16607	19.82390	28.99980	68.57896	0.75256	1	1	1
	1	3	5	1.36729	-19.82391	-21.16607	28.99980	68.57896	0.75256	1	1	1
	1	5	3	1.36729	-19.82390	-21.16607	28.99980	68.57896	0.75256	1	1	1
	1	5	-3	1.36729	-21.16606	19.82389	28.99980	68.57896	0.75256	1	1	1
	3	-1	-5	1.36729	-19.82388	-21.16605	28.99980	68.57896	0.75256	1	1	1
	3	-5	1	1.36729	-21.16606	19.82389	28.99980	68.57896	0.75256	1	1	1
	3	-5	-1	1.36729	-19.82389	-21.16606	28.99980	68.57896	0.75256	1	1	1
	1	-5	3	1.36729	-21.16606	19.82390	28.99980	68.57896	0.75256	1	1	1
	1	-3	-5	1.36729	-19.82388	-21.16604	28.99980	68.57896	0.75256	1	1	1
	1	-3	5	1.36729	-21.16605	19.82388	28.99980	68.57896	0.75256	1	1	1
	-1	5	3	1.36729	-21.16605	19.82388	28.99980	68.57896	0.75256	1	1	1
	1	-5	-3	1.36729	-19.82388	-21.16605	28.99980	68.57896	0.75256	1	1	1
	-1	5	-3	1.36729	-19.82390	-21.16606	28.99980	68.57896	0.75256	1	1	1
	-1	3	5	1.36729	-21.16604	19.82387	28.99980	68.57896	0.75256	1	1	1
	-4	-4	-2	1.34817	0.09935	-10.28957	10.29000	69.69106	0.09168	1	1	1
	4	4	2	1.34817	-0.09937	10.28957	10.29000	69.69106	0.09168	1	1	1
	-4	-4	2	1.34817	-0.09936	10.28956	10.29000	69.69106	0.09168	1	1	1
	-4	2	-4	1.34817	-0.09935	10.28955	10.29000	69.69106	0.09168	1	1	1
	-4	-2	4	1.34817	-0.09935	10.28954	10.29000	69.69106	0.09168	1	1	1
	-4	-2	-4	1.34817	0.09937	-10.28956	10.29000	69.69106	0.09168	1	1	1
	-2	-4	4	1.34817	-0.09935	10.28954	10.29000	69.69106	0.09168	1	1	1
	-2	4	-4	1.34817	-0.09935	10.28955	10.29000	69.69106	0.09168	1	1	1
	-2	4	4	1.34817	0.09937	-10.28955	10.29000	69.69106	0.09168	1	1	1
	-4	4	2	1.34817	0.09936	-10.28956	10.29000	69.69106	0.09168	1	1	1
	-2	-4	-4	1.34817	0.09937	-10.28956	10.29000	69.69106	0.09168	1	1	1
	-4	4	-2	1.34817	-0.09936	10.28956	10.29000	69.69106	0.09168	1	1	1
	-4	2	4	1.34817	0.09936	-10.28955	10.29000	69.69106	0.09168	1	1	1
	2	4	4	1.34817	-0.09934	10.28956	10.29000	69.69106	0.09168	1	1	1
	4	-4	-2	1.34817	-0.09936	10.28956	10.29000	69.69106	0.09168	1	1	1
	4	-2	-4	1.34817	-0.09935	10.28955	10.29000	69.69106	0.09168	1	1	1
	4	-4	2	1.34817	0.09936	-10.28956	10.29000	69.69106	0.09168	1	1	1
	4	2	4	1.34817	-0.09934	10.28956	10.29000	69.69106	0.09168	1	1	1
	4	2	-4	1.34817	0.09936	-10.28954	10.29000	69.69106	0.09168	1	1	1
	4	-2	4	1.34817	0.09937	-10.28955	10.29000	69.69106	0.09168	1	1	1
	2	-4	-4	1.34817	-0.09935	10.28955	10.29000	69.69106	0.09168	1	1	1
	2	-4	4	1.34817	0.09936	-10.28955	10.29000	69.69106	0.09168	1	1	1
	2	4	-4	1.34817	0.09936	-10.28954	10.29000	69.69106	0.09168	1	1	1
	4	4	-2	1.34817	0.09936	-10.28956	10.29000	69.69106	0.09168	1	1	1
	-2	6	0	1.27898	37.25740	1.14096	37.27490	74.06566	1.06831	1	1	1
	0	-6	-2	1.27898	37.25740	1.14096	37.27490	74.06566	1.06831	1	1	1
	0	-2	-6	1.27898	37.25740	1.14096	37.27490	74.06566	1.06831	1	1	1
	0	-6	2	1.27898	37.25740	1.14097	37.27490	74.06566	1.06831	1	1	1
	0	2	6	1.27898	37.25740	1.14097	37.27490	74.06566	1.06831	1	1	1
	0	2	-6	1.27898	37.25740	1.14097	37.27490	74.06566	1.06831	1	1	1
	0	-2	6	1.27898	37.25740	1.14096	37.27490	74.06566	1.06831	1	1	1
	-2	-6	0	1.27898	37.25740	1.14096	37.27490	74.06566	1.06831	1	1	1
	-2	0	-6	1.27898	37.25740	1.14096	37.27490	74.06566	1.06831	1	1	1
	-2	0	6	1.27898	37.25740	1.14096	37.27490	74.06566	1.06831	1	1	1
	-6	0	2	1.27898	37.25740	1.14097	37.27490	74.06566	1.06831	1	1	1
	-6	2	0	1.27898	37.25740	1.14097	37.27490	74.06566	1.06831	1	1	1
	-6	0	-2	1.27898	37.25740	1.14096	37.27490	74.06566	1.06831	1	1	1
	-6	-2	0	1.27898	37.25740	1.14096	37.27490	74.06566	1.06831	1	1	1
	0	6	-2	1.27898	37.25740	1.14096	37.27490	74.06566	1.06831	1	1	1
	0	6	2	1.27898	37.25740	1.14097	37.27490	74.06566	1.06831	1	1	1
	2	0	-6	1.27898	37.25740	1.14097	37.27490	74.06566	1.06831	1	1	1
	2	-6	0	1.27898	37.25740	1.14097	37.27490	74.06566	1.06831	1	1	1
	6	-2	0	1.27898	37.25740	1.14096	37.27490	74.06566	1.06831	1	1	1
	2	6	0	1.27898	37.25740	1.14097	37.27490	74.06566	1.06831	1	1	1
	2	0	6	1.27898	37.25740	1.14097	37.27490	74.06566	1.06831	1	1	1
	6	0	-2	1.27898	37.25740	1.14096	37.27490	74.06566	1.06831	1	1	1
	6	0	2	1.27898	37.25740	1.14097	37.27490	74.06566	1.06831	1	1	1
	6	2	0	1.27898	37.25740	1.14097	37.27490	74.06566	1.06831	1	1	1
	-3	-3	5	1.23356	55.42008	-51.88149	75.91490	77.28358	4.10748	1	1	1
	-3	3	-5	1.23356	55.42010	-51.88151	75.91490	77.28358	4.10748	1	1	1
	-3	5	-3	1.23356	55.42010	-51.88151	75.91490	77.28358	4.10748	1	1	1
	-3	3	5	1.23356	51.88152	55.42010	75.91490	77.28358	4.10748	1	1	1
	3	-5	3	1.23356	51.88150	55.42010	75.91490	77.28358	4.10748	1	1	1
	3	-5	-3	1.23356	55.42011	-51.88152	75.91500	77.28358	4.10748	1	1	1
	-3	5	3	1.23356	51.88152	55.42010	75.91500	77.28358	4.10748	1	1	1
	-3	-5	-3	1.23356	51.88149	55.42009	75.91490	77.28358	4.10748	1	1	1
	-3	-5	3	1.23356	55.42011	-51.88152	75.91500	77.28358	4.10748	1	1	1
	-3	-3	-5	1.23356	51.88147	55.42005	75.91490	77.28358	4.10748	1	1	1
	-5	3	-3	1.23356	55.42011	-51.88152	75.91500	77.28358	4.10748	1	1	1
	-5	3	3	1.23356	51.88150	55.42010	75.91490	77.28358	4.10748	1	1	1
	-5	-3	3	1.23356	55.42011	-51.88152	75.91500	77.28358	4.10748	1	1	1
	-5	-3	-3	1.23356	51.88149	55.42009	75.91490	77.28358	4.10748	1	1	1
	3	-3	-5	1.23356	55.42010	-51.88151	75.91490	77.28358	4.10748	1	1	1
	3	-3	5	1.23356	51.88152	55.42010	75.91490	77.28358	4.10748	1	1	1
	3	3	5	1.23356	55.42006	-51.88146	75.91490	77.28358	4.10748	1	1	1
	3	3	-5	1.23356	51.88149	55.42008	75.91490	77.28358	4.10748	1	1	1
	5	-3	-3	1.23356	55.42010	-51.88151	75.91490	77.28358	4.10748	1	1	1
	3	5	3	1.23356	55.42008	-51.88150	75.91490	77.28358	4.10748	1	1	1
	3	5	-3	1.23356	51.88152	55.42011	75.91500	77.28358	4.10748	1	1	1
	5	-3	3	1.23356	51.88152	55.42010	75.91500	77.28358	4.10748	1	1	1
	5	3	-3	1.23356	51.88152	55.42011	75.91500	77.28358	4.10748	1	1	1
	5	3	3	1.23356	55.42008	-51.88150	75.91490	77.28358	4.10748	1	1	1
	-2	-6	-2	1.21946	2.58808	-24.94829	25.08220	78.34670	0.43826	1	1	1
	-2	-2	-6	1.21946	2.58808	-24.94830	25.08220	78.34670	0.43827	1	1	1
	-2	-2	6	1.21946	-2.58808	24.94829	25.08220	78.34670	0.43826	1	1	1
	-6	-2	-2	1.21946	2.58808	-24.94829	25.08220	78.34670	0.43826	1	1	1
	-2	-6	2	1.21946	-2.58808	24.94829	25.08220	78.34670	0.43826	1	1	1
	-2	2	-6	1.21946	-2.58809	24.94829	25.08220	78.34670	0.43826	1	1	1
	-2	6	-2	1.21946	-2.58808	24.94829	25.08220	78.34670	0.43826	1	1	1
	-2	2	6	1.21946	2.58807	-24.94829	25.08220	78.34670	0.43826	1	1	1
	2	-6	2	1.21946	2.58808	-24.94829	25.08220	78.34670	0.43826	1	1	1
	2	-6	-2	1.21946	-2.58808	24.94829	25.08220	78.34670	0.43826	1	1	1
	-2	6	2	1.21946	2.58809	-24.94829	25.08220	78.34670	0.43826	1	1	1
	-6	-2	2	1.21946	-2.58808	24.94829	25.08220	78.34670	0.43826	1	1	1
	-6	2	-2	1.21946	-2.58808	24.94829	25.08220	78.34670	0.43826	1	1	1
	-6	2	2	1.21946	2.58808	-24.94829	25.08220	78.34670	0.43826	1	1	1
	2	6	2	1.21946	-2.58808	24.94829	25.08220	78.34670	0.43826	1	1	1
	6	2	2	1.21946	-2.58808	24.94829	25.08220	78.34670	0.43826	1	1	1
	2	2	6	1.21946	-2.58808	24.94830	25.08220	78.34670	0.43827	1	1	1
	2	2	-6	1.21946	2.58808	-24.94829	25.08220	78.34670	0.43826	1	1	1
	2	-2	-6	1.21946	-2.58809	24.94829	25.08220	78.34670	0.43826	1	1	1
	2	-2	6	1.21946	2.58807	-24.94829	25.08220	78.34670	0.43826	1	1	1
	6	-2	-2	1.21946	-2.58808	24.94829	25.08220	78.34670	0.43826	1	1	1
	2	6	-2	1.21946	2.58808	-24.94829	25.08220	78.34670	0.43826	1	1	1
	6	-2	2	1.21946	2.58809	-24.94829	25.08220	78.34670	0.43826	1	1	1
	6	2	-2	1.21946	2.58808	-24.94829	25.08220	78.34670	0.43826	1	1	1
	-4	-4	-4	1.16755	-111.59747	-2.80605	111.63300	82.56261	8.01989	1	1	1
	4	4	4	1.16755	-111.59747	-2.80606	111.63300	82.56261	8.01989	1	1	1
	-4	-4	4	1.16755	-111.59747	-2.80606	111.63300	82.56261	8.01989	1	1	1
	4	-4	-4	1.16755	-111.59748	-2.80606	111.63300	82.56261	8.01989	1	1	1
	-4	4	4	1.16755	-111.59748	-2.80605	111.63300	82.56261	8.01989	1	1	1
	-4	4	-4	1.16755	-111.59748	-2.80606	111.63300	82.56261	8.01989	1	1	1
	4	-4	4	1.16755	-111.59748	-2.80605	111.63300	82.56261	8.01989	1	1	1
	4	4	-4	1.16755	-111.59747	-2.80604	111.63300	82.56261	8.01989	1	1	1
	-5	-5	-1	1.13269	-31.56830	-33.19025	45.80560	85.69689	1.28836	1	1	1
	-5	-5	1	1.13269	-33.19027	31.56831	45.80560	85.69689	1.28836	1	1	1
	-5	-1	-5	1.13269	-31.56830	-33.19027	45.80560	85.69689	1.28836	1	1	1
	-7	1	-1	1.13269	0.14908	-0.71990	0.73517	85.69689	0.00033	1	1	1
	-7	1	1	1.13269	-0.71989	-0.14909	0.73517	85.69689	0.00033	1	1	1
	-7	-1	1	1.13269	0.14908	-0.71989	0.73517	85.69689	0.00033	1	1	1
	-7	-1	-1	1.13269	-0.71989	-0.14909	0.73516	85.69689	0.00033	1	1	1
	-5	-1	5	1.13269	-33.19027	31.56831	45.80560	85.69689	1.28836	1	1	1
	-5	1	-5	1.13269	-33.19027	31.56832	45.80560	85.69689	1.28836	1	1	1
	-5	5	-1	1.13269	-33.19027	31.56830	45.80560	85.69689	1.28836	1	1	1
	-5	1	5	1.13269	-31.56831	-33.19026	45.80560	85.69689	1.28836	1	1	1
	-1	-7	1	1.13269	0.14908	-0.71989	0.73517	85.69689	0.00033	1	1	1
	-1	-7	-1	1.13269	-0.71989	-0.14909	0.73516	85.69689	0.00033	1	1	1
	-5	5	1	1.13269	-31.56831	-33.19026	45.80560	85.69689	1.28836	1	1	1
	-1	1	-7	1.13269	0.14908	-0.71989	0.73517	85.69689	0.00033	1	1	1
	-1	1	7	1.13269	-0.71989	-0.14909	0.73517	85.69689	0.00033	1	1	1
	-1	5	-5	1.13269	-33.19027	31.56830	45.80560	85.69689	1.28836	1	1	1
	-1	-1	-7	1.13269	-0.71990	-0.14908	0.73518	85.69689	0.00033	1	1	1
	-1	-1	7	1.13269	0.14908	-0.71989	0.73517	85.69689	0.00033	1	1	1
	-1	-5	5	1.13269	-33.19027	31.56831	45.80560	85.69689	1.28836	1	1	1
	-1	-5	-5	1.13269	-31.56830	-33.19027	45.80560	85.69689	1.28836	1	1	1
	1	-1	-7	1.13269	0.14908	-0.71989	0.73517	85.69689	0.00033	1	1	1
	1	-1	7	1.13269	-0.71989	-0.14909	0.73517	85.69689	0.00033	1	1	1
	1	1	7	1.13269	0.14908	-0.71990	0.73517	85.69689	0.00033	1	1	1
	1	1	-7	1.13269	-0.71990	-0.14909	0.73517	85.69689	0.00033	1	1	1
	1	7	-1	1.13269	-0.71989	-0.14909	0.73517	85.69689	0.00033	1	1	1
	1	5	5	1.13269	-33.19026	31.56831	45.80560	85.69689	1.28836	1	1	1
	1	5	-5	1.13269	-31.56831	-33.19027	45.80560	85.69689	1.28836	1	1	1
	1	-7	1	1.13269	-0.71989	-0.14909	0.73517	85.69689	0.00033	1	1	1
	1	-5	-5	1.13269	-33.19027	31.56832	45.80560	85.69689	1.28836	1	1	1
	1	-5	5	1.13269	-31.56831	-33.19026	45.80560	85.69689	1.28836	1	1	1
	-1	7	1	1.13269	-0.71990	-0.14908	0.73517	85.69689	0.00033	1	1	1
	1	-7	-1	1.13269	0.14908	-0.71990	0.73517	85.69689	0.00033	1	1	1
	-1	7	-1	1.13269	0.14909	-0.71989	0.73516	85.69689	0.00033	1	1	1
	-1	5	5	1.13269	-31.56831	-33.19028	45.80560	85.69689	1.28836	1	1	1
	1	7	1	1.13269	0.14909	-0.71989	0.73517	85.69689	0.00033	1	1	1
	5	-5	-1	1.13269	-33.19027	31.56830	45.80560	85.69689	1.28836	1	1	1
	5	-1	-5	1.13269	-33.19027	31.56830	45.80560	85.69689	1.28836	1	1	1
	5	-5	1	1.13269	-31.56831	-33.19026	45.80560	85.69689	1.28836	1	1	1
	5	1	5	1.13269	-33.19026	31.56831	45.80560	85.69689	1.28836	1	1	1
	5	1	-5	1.13269	-31.56831	-33.19027	45.80560	85.69689	1.28836	1	1	1
	5	-1	5	1.13269	-31.56831	-33.19028	45.80560	85.69689	1.28836	1	1	1
	5	5	-1	1.13269	-31.56831	-33.19027	45.80560	85.69689	1.28836	1	1	1
	5	5	1	1.13269	-33.19026	31.56829	45.80560	85.69689	1.28836	1	1	1
	7	-1	1	1.13269	-0.71990	-0.14908	0.73517	85.69689	0.00033	1	1	1
	7	-1	-1	1.13269	0.14909	-0.71989	0.73516	85.69689	0.00033	1	1	1
	7	1	-1	1.13269	-0.71989	-0.14909	0.73517	85.69689	0.00033	1	1	1
	7	1	1	1.13269	0.14909	-0.71989	0.73517	85.69689	0.00033	1	1	1
	-6	-4	2	1.08094	41.58555	1.20800	41.60310	90.89673	1.00609	1	1	1
	-6	-2	-4	1.08094	41.58557	1.20800	41.60310	90.89673	1.00609	1	1	1
	-6	2	-4	1.08094	41.58556	1.20799	41.60310	90.89673	1.00609	1	1	1
	-6	-4	-2	1.08094	41.58556	1.20800	41.60310	90.89673	1.00609	1	1	1
	-4	6	2	1.08094	41.58556	1.20800	41.60310	90.89673	1.00609	1	1	1
	-2	-6	-4	1.08094	41.58557	1.20800	41.60310	90.89673	1.00609	1	1	1
	-2	-4	6	1.08094	41.58558	1.20800	41.60310	90.89673	1.00609	1	1	1
	-2	-4	-6	1.08094	41.58559	1.20800	41.60310	90.89673	1.00609	1	1	1
	-2	6	4	1.08094	41.58556	1.20800	41.60310	90.89673	1.00609	1	1	1
	-2	4	6	1.08094	41.58557	1.20801	41.60310	90.89673	1.00609	1	1	1
	-2	4	-6	1.08094	41.58557	1.20800	41.60310	90.89673	1.00609	1	1	1
	-4	2	-6	1.08094	41.58557	1.20799	41.60310	90.89673	1.00609	1	1	1
	-4	2	6	1.08094	41.58557	1.20800	41.60310	90.89673	1.00609	1	1	1
	-4	6	-2	1.08094	41.58556	1.20800	41.60310	90.89673	1.00609	1	1	1
	-4	-2	-6	1.08094	41.58559	1.20800	41.60310	90.89673	1.00609	1	1	1
	-4	-2	6	1.08094	41.58558	1.20800	41.60310	90.89673	1.00609	1	1	1
	-4	-6	2	1.08094	41.58555	1.20800	41.60310	90.89673	1.00609	1	1	1
	-4	-6	-2	1.08094	41.58556	1.20800	41.60310	90.89673	1.00609	1	1	1
	2	-6	-4	1.08094	41.58556	1.20799	41.60310	90.89673	1.00609	1	1	1
	2	-4	-6	1.08094	41.58557	1.20799	41.60310	90.89673	1.00609	1	1	1
	2	4	-6	1.08094	41.58558	1.20799	41.60310	90.89673	1.00609	1	1	1
	2	-4	6	1.08094	41.58557	1.20800	41.60310	90.89673	1.00609	1	1	1
	4	-6	-2	1.08094	41.58556	1.20800	41.60310	90.89673	1.00609	1	1	1
	2	6	4	1.08094	41.58557	1.20799	41.60310	90.89673	1.00609	1	1	1
	2	4	6	1.08094	41.58559	1.20799	41.60310	90.89673	1.00609	1	1	1
	4	2	6	1.08094	41.58559	1.20799	41.60310	90.89673	1.00609	1	1	1
	4	6	-2	1.08094	41.58555	1.20800	41.60310	90.89673	1.00609	1	1	1
	4	6	2	1.08094	41.58556	1.20800	41.60310	90.89673	1.00609	1	1	1
	4	-2	6	1.08094	41.58557	1.20801	41.60310	90.89673	1.00609	1	1	1
	4	2	-6	1.08094	41.58558	1.20799	41.60310	90.89673	1.00609	1	1	1
	4	-2	-6	1.08094	41.58557	1.20800	41.60310	90.89673	1.00609	1	1	1
	4	-6	2	1.08094	41.58557	1.20799	41.60310	90.89673	1.00609	1	1	1
	6	-2	4	1.08094	41.58556	1.20800	41.60310	90.89673	1.00609	1	1	1
	6	2	4	1.08094	41.58557	1.20799	41.60310	90.89673	1.00609	1	1	1
	6	4	2	1.08094	41.58556	1.20800	41.60310	90.89673	1.00609	1	1	1
	6	4	-2	1.08094	41.58555	1.20800	41.60310	90.89673	1.00609	1	1	1
	-6	4	2	1.08094	41.58557	1.20799	41.60310	90.89673	1.00609	1	1	1
	-2	-6	4	1.08094	41.58556	1.20800	41.60310	90.89673	1.00609	1	1	1
	-2	6	-4	1.08094	41.58556	1.20800	41.60310	90.89673	1.00609	1	1	1
	6	-4	-2	1.08094	41.58556	1.20800	41.60310	90.89673	1.00609	1	1	1
	2	6	-4	1.08094	41.58556	1.20800	41.60310	90.89673	1.00609	1	1	1
	2	-6	4	1.08094	41.58556	1.20800	41.60310	90.89673	1.00609	1	1	1
	-6	-2	4	1.08094	41.58556	1.20800	41.60310	90.89673	1.00609	1	1	1
	-6	2	4	1.08094	41.58556	1.20800	41.60310	90.89673	1.00609	1	1	1
	-6	4	-2	1.08094	41.58556	1.20800	41.60310	90.89673	1.00609	1	1	1
	6	-4	2	1.08094	41.58556	1.20800	41.60310	90.89673	1.00609	1	1	1
	6	-2	-4	1.08094	41.58556	1.20800	41.60310	90.89673	1.00609	1	1	1
	6	2	-4	1.08094	41.58556	1.20800	41.60310	90.89673	1.00609	1	1	1
	-5	-3	-5	1.05310	57.99172	-54.36865	79.49210	94.01744	3.60360	1	1	1
	-5	-3	5	1.05310	54.36864	57.99172	79.49210	94.01744	3.60360	1	1	1
	-5	3	5	1.05310	57.99173	-54.36864	79.49210	94.01744	3.60360	1	1	1
	-5	3	-5	1.05310	54.36865	57.99173	79.49210	94.01744	3.60360	1	1	1
	-3	-5	-5	1.05310	57.99172	-54.36865	79.49210	94.01744	3.60360	1	1	1
	-5	5	3	1.05310	57.99173	-54.36864	79.49210	94.01744	3.60360	1	1	1
	-5	5	-3	1.05310	54.36865	57.99173	79.49210	94.01744	3.60360	1	1	1
	-5	-5	-3	1.05310	57.99174	-54.36868	79.49210	94.01744	3.60360	1	1	1
	-5	-5	3	1.05310	54.36865	57.99174	79.49210	94.01744	3.60360	1	1	1
	-3	-5	5	1.05310	54.36864	57.99172	79.49210	94.01744	3.60360	1	1	1
	-3	5	-5	1.05310	54.36865	57.99173	79.49210	94.01744	3.60360	1	1	1
	3	-5	-5	1.05310	54.36865	57.99173	79.49210	94.01744	3.60360	1	1	1
	-3	5	5	1.05310	57.99174	-54.36865	79.49210	94.01744	3.60360	1	1	1
	3	5	5	1.05310	54.36864	57.99173	79.49210	94.01744	3.60360	1	1	1
	3	5	-5	1.05310	57.99172	-54.36864	79.49210	94.01744	3.60360	1	1	1
	3	-5	5	1.05310	57.99173	-54.36864	79.49210	94.01744	3.60360	1	1	1
	5	3	-5	1.05310	57.99172	-54.36864	79.49210	94.01744	3.60360	1	1	1
	5	3	5	1.05310	54.36864	57.99173	79.49210	94.01744	3.60360	1	1	1
	5	5	-3	1.05310	57.99173	-54.36866	79.49210	94.01744	3.60360	1	1	1
	5	-3	-5	1.05310	54.36865	57.99173	79.49210	94.01744	3.60360	1	1	1
	5	-3	5	1.05310	57.99174	-54.36865	79.49210	94.01744	3.60360	1	1	1
	5	-5	3	1.05310	57.99173	-54.36864	79.49210	94.01744	3.60360	1	1	1
	5	-5	-3	1.05310	54.36865	57.99173	79.49210	94.01744	3.60360	1	1	1
	5	5	3	1.05310	54.36865	57.99176	79.49210	94.01744	3.60360	1	1	1
	-7	3	-1	1.05310	31.51628	-28.55811	42.53050	94.01744	1.03155	1	1	1
	-7	3	1	1.05310	28.55812	31.51628	42.53050	94.01744	1.03155	1	1	1
	-3	-7	1	1.05310	31.51628	-28.55810	42.53050	94.01744	1.03155	1	1	1
	-3	-7	-1	1.05310	28.55811	31.51628	42.53050	94.01744	1.03155	1	1	1
	-3	1	-7	1.05310	31.51628	-28.55811	42.53050	94.01744	1.03155	1	1	1
	-3	-1	7	1.05310	31.51629	-28.55812	42.53050	94.01744	1.03155	1	1	1
	-3	-1	-7	1.05310	28.55811	31.51628	42.53050	94.01744	1.03155	1	1	1
	-7	-1	3	1.05310	31.51628	-28.55811	42.53050	94.01744	1.03155	1	1	1
	-7	1	-3	1.05310	31.51628	-28.55811	42.53050	94.01744	1.03155	1	1	1
	-7	1	3	1.05310	28.55811	31.51629	42.53050	94.01744	1.03155	1	1	1
	-7	-3	1	1.05310	31.51628	-28.55810	42.53050	94.01744	1.03155	1	1	1
	-7	-1	-3	1.05310	28.55811	31.51628	42.53050	94.01744	1.03155	1	1	1
	-7	-3	-1	1.05310	28.55811	31.51628	42.53050	94.01744	1.03155	1	1	1
	-3	1	7	1.05310	28.55811	31.51628	42.53050	94.01744	1.03155	1	1	1
	-3	7	-1	1.05310	31.51628	-28.55811	42.53050	94.01744	1.03155	1	1	1
	-1	-7	-3	1.05310	28.55811	31.51628	42.53050	94.01744	1.03155	1	1	1
	-3	7	1	1.05310	28.55812	31.51628	42.53050	94.01744	1.03155	1	1	1
	-1	-3	7	1.05310	31.51629	-28.55812	42.53050	94.01744	1.03155	1	1	1
	-1	-3	-7	1.05310	28.55811	31.51628	42.53050	94.01744	1.03155	1	1	1
	-1	-7	3	1.05310	31.51628	-28.55811	42.53050	94.01744	1.03155	1	1	1
	1	-7	-3	1.05310	31.51628	-28.55811	42.53050	94.01744	1.03155	1	1	1
	1	-7	3	1.05310	28.55811	31.51629	42.53050	94.01744	1.03155	1	1	1
	1	-3	-7	1.05310	31.51628	-28.55811	42.53050	94.01744	1.03155	1	1	1
	-1	7	-3	1.05310	31.51628	-28.55812	42.53050	94.01744	1.03155	1	1	1
	-1	7	3	1.05310	28.55811	31.51627	42.53050	94.01744	1.03155	1	1	1
	-1	3	7	1.05310	28.55811	31.51628	42.53050	94.01744	1.03155	1	1	1
	-1	3	-7	1.05310	31.51628	-28.55811	42.53050	94.01744	1.03155	1	1	1
	3	-1	-7	1.05310	31.51628	-28.55811	42.53050	94.01744	1.03155	1	1	1
	3	-1	7	1.05310	28.55811	31.51628	42.53050	94.01744	1.03155	1	1	1
	3	1	7	1.05310	31.51628	-28.55811	42.53050	94.01744	1.03155	1	1	1
	3	1	-7	1.05310	28.55812	31.51629	42.53050	94.01744	1.03155	1	1	1
	7	-3	-1	1.05310	31.51628	-28.55811	42.53050	94.01744	1.03155	1	1	1
	3	7	1	1.05310	31.51627	-28.55811	42.53050	94.01744	1.03155	1	1	1
	3	7	-1	1.05310	28.55811	31.51627	42.53050	94.01744	1.03155	1	1	1
	1	7	3	1.05310	31.51627	-28.55811	42.53050	94.01744	1.03155	1	1	1
	3	-7	-1	1.05310	31.51628	-28.55811	42.53050	94.01744	1.03155	1	1	1
	3	-7	1	1.05310	28.55812	31.51628	42.53050	94.01744	1.03155	1	1	1
	1	3	7	1.05310	31.51628	-28.55811	42.53050	94.01744	1.03155	1	1	1
	1	7	-3	1.05310	28.55811	31.51628	42.53050	94.01744	1.03155	1	1	1
	1	3	-7	1.05310	28.55812	31.51629	42.53050	94.01744	1.03155	1	1	1
	1	-3	7	1.05310	28.55811	31.51628	42.53050	94.01744	1.03155	1	1	1
	7	-3	1	1.05310	28.55812	31.51628	42.53050	94.01744	1.03155	1	1	1
	7	-1	-3	1.05310	31.51628	-28.55812	42.53050	94.01744	1.03155	1	1	1
	7	1	-3	1.05310	28.55811	31.51628	42.53050	94.01744	1.03155	1	1	1
	7	-1	3	1.05310	28.55811	31.51627	42.53050	94.01744	1.03155	1	1	1
	7	3	1	1.05310	31.51627	-28.55811	42.53050	94.01744	1.03155	1	1	1
	7	3	-1	1.05310	28.55811	31.51627	42.53050	94.01744	1.03155	1	1	1
	7	1	3	1.05310	31.51627	-28.55811	42.53050	94.01744	1.03155	1	1	1
	-8	0	0	1.01113	154.40211	4.80697	154.47700	99.25003	13.48096	1	1	1
	0	-8	0	1.01113	154.40211	4.80697	154.47700	99.25003	13.48096	1	1	1
	0	0	8	1.01113	154.40211	4.80698	154.47700	99.25003	13.48096	1	1	1
	0	0	-8	1.01113	154.40211	4.80697	154.47700	99.25003	13.48096	1	1	1
	0	8	0	1.01113	154.40211	4.80698	154.47700	99.25003	13.48096	1	1	1
	8	0	0	1.01113	154.40211	4.80698	154.47700	99.25003	13.48096	1	1	1
	-7	-3	3	0.98823	10.59751	10.08689	14.63050	102.42450	0.12183	1	1	1
	-7	3	-3	0.98823	10.59752	10.08690	14.63060	102.42450	0.12183	1	1	1
	-7	3	3	0.98823	10.08689	-10.59752	14.63050	102.42450	0.12183	1	1	1
	-7	-3	-3	0.98823	10.08689	-10.59752	14.63050	102.42450	0.12183	1	1	1
	-3	7	3	0.98823	10.08690	-10.59752	14.63060	102.42450	0.12183	1	1	1
	3	-7	-3	0.98823	10.59752	10.08690	14.63060	102.42450	0.12183	1	1	1
	3	-3	-7	0.98823	10.59752	10.08690	14.63050	102.42450	0.12183	1	1	1
	3	-7	3	0.98823	10.08689	-10.59752	14.63050	102.42450	0.12183	1	1	1
	3	3	7	0.98823	10.59752	10.08690	14.63060	102.42450	0.12183	1	1	1
	3	3	-7	0.98823	10.08690	-10.59752	14.63060	102.42450	0.12183	1	1	1
	3	-3	7	0.98823	10.08690	-10.59752	14.63050	102.42450	0.12183	1	1	1
	-3	3	-7	0.98823	10.59752	10.08690	14.63050	102.42450	0.12183	1	1	1
	-3	3	7	0.98823	10.08690	-10.59752	14.63050	102.42450	0.12183	1	1	1
	-3	7	-3	0.98823	10.59751	10.08690	14.63050	102.42450	0.12183	1	1	1
	-3	-3	-7	0.98823	10.08690	-10.59753	14.63060	102.42450	0.12183	1	1	1
	-3	-3	7	0.98823	10.59752	10.08690	14.63060	102.42450	0.12183	1	1	1
	-3	-7	3	0.98823	10.59751	10.08689	14.63050	102.42450	0.12183	1	1	1
	-3	-7	-3	0.98823	10.08689	-10.59752	14.63050	102.42450	0.12183	1	1	1
	3	7	-3	0.98823	10.08689	-10.59751	14.63050	102.42450	0.12183	1	1	1
	3	7	3	0.98823	10.59751	10.08690	14.63050	102.42450	0.12183	1	1	1
	7	-3	3	0.98823	10.08690	-10.59752	14.63060	102.42450	0.12183	1	1	1
	7	-3	-3	0.98823	10.59751	10.08690	14.63050	102.42450	0.12183	1	1	1
	7	3	-3	0.98823	10.08689	-10.59751	14.63050	102.42450	0.12183	1	1	1
	7	3	3	0.98823	10.59751	10.08690	14.63050	102.42450	0.12183	1	1	1
	-6	-4	4	0.98094	0.07771	-5.66255	5.66308	103.49082	0.01834	1	1	1
	-6	4	-4	0.98094	0.07770	-5.66255	5.66308	103.49082	0.01834	1	1	1
	-6	4	4	0.98094	-0.07771	5.66255	5.66309	103.49082	0.01834	1	1	1
	-6	-4	-4	0.98094	-0.07770	5.66256	5.66309	103.49082	0.01834	1	1	1
	-4	6	4	0.98094	-0.07771	5.66255	5.66308	103.49082	0.01834	1	1	1
	-4	4	-6	0.98094	0.07770	-5.66255	5.66308	103.49082	0.01834	1	1	1
	-4	4	6	0.98094	-0.07771	5.66255	5.66308	103.49082	0.01834	1	1	1
	-4	6	-4	0.98094	0.07771	-5.66255	5.66309	103.49082	0.01834	1	1	1
	-4	-4	-6	0.98094	-0.07772	5.66257	5.66311	103.49082	0.01834	1	1	1
	-4	-4	6	0.98094	0.07771	-5.66256	5.66309	103.49082	0.01834	1	1	1
	-4	-6	4	0.98094	0.07771	-5.66255	5.66308	103.49082	0.01834	1	1	1
	-4	-6	-4	0.98094	-0.07770	5.66256	5.66309	103.49082	0.01834	1	1	1
	4	-6	4	0.98094	-0.07771	5.66255	5.66309	103.49082	0.01834	1	1	1
	4	-4	-6	0.98094	0.07770	-5.66255	5.66308	103.49082	0.01834	1	1	1
	4	-4	6	0.98094	-0.07771	5.66255	5.66308	103.49082	0.01834	1	1	1
	4	-6	-4	0.98094	0.07770	-5.66255	5.66308	103.49082	0.01834	1	1	1
	4	4	-6	0.98094	-0.07770	5.66256	5.66309	103.49082	0.01834	1	1	1
	4	4	6	0.98094	0.07770	-5.66257	5.66311	103.49082	0.01834	1	1	1
	4	6	4	0.98094	0.07772	-5.66256	5.66309	103.49082	0.01834	1	1	1
	4	6	-4	0.98094	-0.07771	5.66255	5.66308	103.49082	0.01834	1	1	1
	6	4	-4	0.98094	-0.07771	5.66255	5.66308	103.49082	0.01834	1	1	1
	6	-4	4	0.98094	-0.07771	5.66255	5.66308	103.49082	0.01834	1	1	1
	6	-4	-4	0.98094	0.07771	-5.66255	5.66309	103.49082	0.01834	1	1	1
	6	4	4	0.98094	0.07772	-5.66256	5.66309	103.49082	0.01834	1	1	1
	-8	-2	2	0.95330	31.27554	1.09243	31.29460	107.80847	0.57644	1	1	1
	-8	-2	-2	0.95330	31.27554	1.09242	31.29460	107.80847	0.57644	1	1	1
	-2	-8	-2	0.95330	31.27554	1.09242	31.29460	107.80847	0.57644	1	1	1
	-8	2	2	0.95330	31.27553	1.09242	31.29460	107.80847	0.57644	1	1	1
	-8	2	-2	0.95330	31.27554	1.09242	31.29460	107.80847	0.57644	1	1	1
	-2	2	8	0.95330	31.27555	1.09241	31.29460	107.80847	0.57644	1	1	1
	-2	8	-2	0.95330	31.27553	1.09243	31.29460	107.80847	0.57644	1	1	1
	-2	8	2	0.95330	31.27554	1.09242	31.29460	107.80847	0.57644	1	1	1
	-2	-2	8	0.95330	31.27554	1.09243	31.29460	107.80847	0.57644	1	1	1
	-2	2	-8	0.95330	31.27555	1.09243	31.29460	107.80847	0.57644	1	1	1
	-2	-2	-8	0.95330	31.27555	1.09242	31.29460	107.80847	0.57644	1	1	1
	-2	-8	2	0.95330	31.27554	1.09243	31.29460	107.80847	0.57644	1	1	1
	2	-8	-2	0.95330	31.27554	1.09242	31.29460	107.80847	0.57644	1	1	1
	2	-8	2	0.95330	31.27553	1.09242	31.29460	107.80847	0.57644	1	1	1
	2	-2	8	0.95330	31.27555	1.09241	31.29460	107.80847	0.57644	1	1	1
	2	-2	-8	0.95330	31.27555	1.09243	31.29460	107.80847	0.57644	1	1	1
	2	8	-2	0.95330	31.27554	1.09242	31.29460	107.80847	0.57644	1	1	1
	2	2	8	0.95330	31.27555	1.09243	31.29460	107.80847	0.57644	1	1	1
	2	2	-8	0.95330	31.27555	1.09242	31.29460	107.80847	0.57644	1	1	1
	2	8	2	0.95330	31.27554	1.09243	31.29460	107.80847	0.57644	1	1	1
	8	-2	-2	0.95330	31.27553	1.09243	31.29460	107.80847	0.57644	1	1	1
	8	2	-2	0.95330	31.27554	1.09242	31.29460	107.80847	0.57644	1	1	1
	8	-2	2	0.95330	31.27554	1.09242	31.29460	107.80847	0.57644	1	1	1
	8	2	2	0.95330	31.27554	1.09243	31.29460	107.80847	0.57644	1	1	1
	-6	0	-6	0.95330	43.34708	1.26307	43.36550	107.80847	1.10688	1	1	1
	-6	-6	0	0.95330	43.34708	1.26307	43.36550	107.80847	1.10688	1	1	1
	-6	0	6	0.95330	43.34707	1.26307	43.36550	107.80847	1.10688	1	1	1
	-6	6	0	0.95330	43.34707	1.26307	43.36550	107.80847	1.10688	1	1	1
	0	-6	6	0.95330	43.34707	1.26307	43.36550	107.80847	1.10688	1	1	1
	0	-6	-6	0.95330	43.34708	1.26307	43.36550	107.80847	1.10688	1	1	1
	6	-6	0	0.95330	43.34707	1.26307	43.36550	107.80847	1.10688	1	1	1
	0	6	6	0.95330	43.34708	1.26307	43.36550	107.80847	1.10688	1	1	1
	0	6	-6	0.95330	43.34707	1.26307	43.36550	107.80847	1.10688	1	1	1
	6	0	-6	0.95330	43.34707	1.26307	43.36550	107.80847	1.10688	1	1	1
	6	0	6	0.95330	43.34708	1.26307	43.36550	107.80847	1.10688	1	1	1
	6	6	0	0.95330	43.34708	1.26307	43.36550	107.80847	1.10688	1	1	1
	-5	-5	-5	0.93404	56.96335	60.71238	83.25150	111.11529	4.21455	1	1	1
	-5	-5	5	0.93404	60.71240	-56.96337	83.25160	111.11529	4.21455	1	1	1
	-5	5	-5	0.93404	60.71241	-56.96338	83.25160	111.11529	4.21456	1	1	1
	-5	5	5	0.93404	56.96337	60.71242	83.25160	111.11529	4.21456	1	1	1
	5	-5	-5	0.93404	60.71241	-56.96338	83.25160	111.11529	4.21456	1	1	1
	5	5	-5	0.93404	56.96336	60.71241	83.25160	111.11529	4.21455	1	1	1
	5	-5	5	0.93404	56.96337	60.71242	83.25160	111.11529	4.21456	1	1	1
	5	5	5	0.93404	60.71238	-56.96334	83.25150	111.11529	4.21455	1	1	1
	-7	-5	1	0.93404	34.13171	37.21205	50.49470	111.11529	1.55045	1	1	1
	-7	-5	-1	0.93404	37.21206	-34.13172	50.49470	111.11529	1.55045	1	1	1
	-7	5	-1	0.93404	34.13173	37.21206	50.49470	111.11529	1.55045	1	1	1
	-7	5	1	0.93404	37.21206	-34.13171	50.49470	111.11529	1.55045	1	1	1
	-5	-7	-1	0.93404	37.21206	-34.13172	50.49470	111.11529	1.55045	1	1	1
	-7	1	-5	0.93404	34.13172	37.21206	50.49470	111.11529	1.55045	1	1	1
	-7	1	5	0.93404	37.21206	-34.13171	50.49470	111.11529	1.55045	1	1	1
	-7	-1	5	0.93404	34.13173	37.21205	50.49470	111.11529	1.55045	1	1	1
	-7	-1	-5	0.93404	37.21206	-34.13172	50.49470	111.11529	1.55045	1	1	1
	-5	-7	1	0.93404	34.13171	37.21205	50.49470	111.11529	1.55045	1	1	1
	-5	-1	-7	0.93404	37.21207	-34.13172	50.49470	111.11529	1.55045	1	1	1
	-5	1	-7	0.93404	34.13172	37.21206	50.49470	111.11529	1.55045	1	1	1
	-5	-1	7	0.93404	34.13172	37.21206	50.49470	111.11529	1.55045	1	1	1
	-5	7	1	0.93404	37.21206	-34.13172	50.49470	111.11529	1.55045	1	1	1
	-5	7	-1	0.93404	34.13172	37.21205	50.49470	111.11529	1.55045	1	1	1
	-5	1	7	0.93404	37.21206	-34.13173	50.49470	111.11529	1.55045	1	1	1
	-1	5	-7	0.93404	34.13173	37.21206	50.49470	111.11529	1.55045	1	1	1
	-1	5	7	0.93404	37.21206	-34.13172	50.49470	111.11529	1.55045	1	1	1
	-1	7	-5	0.93404	34.13172	37.21205	50.49470	111.11529	1.55045	1	1	1
	-1	-5	-7	0.93404	37.21207	-34.13172	50.49470	111.11529	1.55045	1	1	1
	-1	-5	7	0.93404	34.13172	37.21206	50.49470	111.11529	1.55045	1	1	1
	-1	-7	5	0.93404	34.13173	37.21205	50.49470	111.11529	1.55045	1	1	1
	-1	-7	-5	0.93404	37.21206	-34.13172	50.49470	111.11529	1.55045	1	1	1
	1	7	-5	0.93404	37.21206	-34.13172	50.49470	111.11529	1.55045	1	1	1
	1	7	5	0.93404	34.13172	37.21206	50.49470	111.11529	1.55045	1	1	1
	5	-7	1	0.93404	37.21206	-34.13171	50.49470	111.11529	1.55045	1	1	1
	5	-7	-1	0.93404	34.13173	37.21206	50.49470	111.11529	1.55045	1	1	1
	5	1	-7	0.93404	37.21206	-34.13172	50.49470	111.11529	1.55045	1	1	1
	5	-1	7	0.93404	37.21206	-34.13172	50.49470	111.11529	1.55045	1	1	1
	5	-1	-7	0.93404	34.13173	37.21206	50.49470	111.11529	1.55045	1	1	1
	1	-5	7	0.93404	37.21206	-34.13173	50.49470	111.11529	1.55045	1	1	1
	1	5	-7	0.93404	37.21206	-34.13172	50.49470	111.11529	1.55045	1	1	1
	1	5	7	0.93404	34.13173	37.21206	50.49470	111.11529	1.55045	1	1	1
	1	-7	5	0.93404	37.21206	-34.13171	50.49470	111.11529	1.55045	1	1	1
	1	-5	-7	0.93404	34.13172	37.21206	50.49470	111.11529	1.55045	1	1	1
	1	-7	-5	0.93404	34.13172	37.21206	50.49470	111.11529	1.55045	1	1	1
	-1	7	5	0.93404	37.21206	-34.13172	50.49470	111.11529	1.55045	1	1	1
	5	1	7	0.93404	34.13173	37.21206	50.49470	111.11529	1.55045	1	1	1
	5	7	-1	0.93404	37.21205	-34.13171	50.49470	111.11529	1.55045	1	1	1
	7	-5	-1	0.93404	34.13172	37.21205	50.49470	111.11529	1.55045	1	1	1
	5	7	1	0.93404	34.13173	37.21206	50.49470	111.11529	1.55045	1	1	1
	7	-1	5	0.93404	37.21206	-34.13172	50.49470	111.11529	1.55045	1	1	1
	7	-1	-5	0.93404	34.13172	37.21205	50.49470	111.11529	1.55045	1	1	1
	7	-5	1	0.93404	37.21206	-34.13172	50.49470	111.11529	1.55045	1	1	1
	7	1	-5	0.93404	37.21206	-34.13172	50.49470	111.11529	1.55045	1	1	1
	7	1	5	0.93404	34.13172	37.21206	50.49470	111.11529	1.55045	1	1	1
	7	5	1	0.93404	34.13173	37.21206	50.49470	111.11529	1.55045	1	1	1
	7	5	-1	0.93404	37.21205	-34.13171	50.49470	111.11529	1.55045	1	1	1
	-6	-6	-2	0.92787	-2.36560	26.40426	26.51000	112.23352	0.43291	1	1	1
	-6	-6	2	0.92787	2.36560	-26.40426	26.51000	112.23352	0.43291	1	1	1
	-6	-2	-6	0.92787	-2.36559	26.40426	26.51000	112.23352	0.43291	1	1	1
	-2	6	-6	0.92787	2.36560	-26.40425	26.51000	112.23352	0.43291	1	1	1
	-2	6	6	0.92787	-2.36560	26.40426	26.51000	112.23352	0.43291	1	1	1
	2	-6	6	0.92787	-2.36559	26.40425	26.51000	112.23352	0.43291	1	1	1
	2	-6	-6	0.92787	2.36559	-26.40426	26.51000	112.23352	0.43291	1	1	1
	6	-6	-2	0.92787	2.36560	-26.40426	26.51000	112.23352	0.43291	1	1	1
	2	6	6	0.92787	2.36560	-26.40426	26.51000	112.23352	0.43291	1	1	1
	2	6	-6	0.92787	-2.36560	26.40425	26.51000	112.23352	0.43291	1	1	1
	-6	6	2	0.92787	-2.36559	26.40426	26.51000	112.23352	0.43291	1	1	1
	-2	-6	-6	0.92787	-2.36559	26.40426	26.51000	112.23352	0.43291	1	1	1
	-2	-6	6	0.92787	2.36560	-26.40425	26.51000	112.23352	0.43291	1	1	1
	-6	2	6	0.92787	-2.36559	26.40425	26.51000	112.23352	0.43291	1	1	1
	-6	6	-2	0.92787	2.36560	-26.40426	26.51000	112.23352	0.43291	1	1	1
	-6	2	-6	0.92787	2.36559	-26.40426	26.51000	112.23352	0.43291	1	1	1
	-6	-2	6	0.92787	2.36560	-26.40425	26.51000	112.23352	0.43291	1	1	1
	6	-6	2	0.92787	-2.36559	26.40426	26.51000	112.23352	0.43291	1	1	1
	6	-2	-6	0.92787	2.36560	-26.40425	26.51000	112.23352	0.43291	1	1	1
	6	2	-6	0.92787	-2.36560	26.40425	26.51000	112.23352	0.43291	1	1	1
	6	-2	6	0.92787	-2.36560	26.40426	26.51000	112.23352	0.43291	1	1	1
	6	6	2	0.92787	2.36560	-26.40426	26.51000	112.23352	0.43291	1	1	1
	6	6	-2	0.92787	-2.36560	26.40426	26.51000	112.23352	0.43291	1	1	1
	6	2	6	0.92787	2.36560	-26.40426	26.51000	112.23352	0.43291	1	1	1
	-8	4	0	0.90438	-72.75486	-2.40284	72.79450	116.80330	3.47314	1	1	1
	-4	-8	0	0.90438	-72.75485	-2.40284	72.79450	116.80330	3.47314	1	1	1
	-4	0	8	0.90438	-72.75486	-2.40284	72.79450	116.80330	3.47314	1	1	1
	-4	0	-8	0.90438	-72.75485	-2.40284	72.79450	116.80330	3.47314	1	1	1
	0	-8	4	0.90438	-72.75486	-2.40284	72.79450	116.80330	3.47314	1	1	1
	0	-8	-4	0.90438	-72.75485	-2.40284	72.79450	116.80330	3.47314	1	1	1
	-4	8	0	0.90438	-72.75486	-2.40284	72.79450	116.80330	3.47314	1	1	1
	0	8	-4	0.90438	-72.75486	-2.40284	72.79450	116.80330	3.47314	1	1	1
	0	8	4	0.90438	-72.75485	-2.40284	72.79450	116.80330	3.47314	1	1	1
	4	-8	0	0.90438	-72.75486	-2.40284	72.79450	116.80330	3.47314	1	1	1
	0	4	-8	0.90438	-72.75486	-2.40284	72.79450	116.80330	3.47314	1	1	1
	0	4	8	0.90438	-72.75485	-2.40284	72.79450	116.80330	3.47314	1	1	1
	0	-4	8	0.90438	-72.75486	-2.40284	72.79450	116.80330	3.47314	1	1	1
	0	-4	-8	0.90438	-72.75485	-2.40284	72.79450	116.80330	3.47314	1	1	1
	-8	0	4	0.90438	-72.75486	-2.40284	72.79450	116.80330	3.47314	1	1	1
	-8	0	-4	0.90438	-72.75485	-2.40284	72.79450	116.80330	3.47314	1	1	1
	-8	-4	0	0.90438	-72.75485	-2.40284	72.79450	116.80330	3.47314	1	1	1
	4	0	-8	0.90438	-72.75486	-2.40284	72.79450	116.80330	3.47314	1	1	1
	4	0	8	0.90438	-72.75485	-2.40284	72.79450	116.80330	3.47314	1	1	1
	8	-4	0	0.90438	-72.75486	-2.40284	72.79450	116.80330	3.47314	1	1	1
	4	8	0	0.90438	-72.75485	-2.40284	72.79450	116.80330	3.47314	1	1	1
	8	4	0	0.90438	-72.75485	-2.40284	72.79450	116.80330	3.47314	1	1	1
	8	0	4	0.90438	-72.75485	-2.40284	72.79450	116.80330	3.47314	1	1	1
	8	0	-4	0.90438	-72.75486	-2.40284	72.79450	116.80330	3.47314	1	1	1
	-7	-5	-3	0.88788	-2.83463	-3.67081	4.63789	120.35384	0.01494	1	1	1
	-7	-5	3	0.88788	-3.67084	2.83464	4.63791	120.35384	0.01494	1	1	1
	-7	-3	-5	0.88788	-2.83461	-3.67081	4.63787	120.35384	0.01494	1	1	1
	-7	3	5	0.88788	-2.83463	-3.67083	4.63790	120.35384	0.01494	1	1	1
	-7	3	-5	0.88788	-3.67082	2.83462	4.63789	120.35384	0.01494	1	1	1
	-7	-3	5	0.88788	-3.67082	2.83461	4.63788	120.35384	0.01494	1	1	1
	-9	-1	1	0.88788	-23.37354	21.94843	32.06330	120.35384	0.71383	1	1	1
	-9	1	-1	0.88788	-23.37354	21.94843	32.06330	120.35384	0.71383	1	1	1
	-9	1	1	0.88788	-21.94843	-23.37354	32.06330	120.35384	0.71383	1	1	1
	-9	-1	-1	0.88788	-21.94846	-23.37356	32.06330	120.35384	0.71384	1	1	1
	-7	5	-3	0.88788	-3.67083	2.83462	4.63789	120.35384	0.01494	1	1	1
	-7	5	3	0.88788	-2.83463	-3.67082	4.63790	120.35384	0.01494	1	1	1
	-5	-7	3	0.88788	-3.67084	2.83464	4.63791	120.35384	0.01494	1	1	1
	-5	-7	-3	0.88788	-2.83463	-3.67081	4.63789	120.35384	0.01494	1	1	1
	-5	3	-7	0.88788	-3.67083	2.83462	4.63789	120.35384	0.01494	1	1	1
	-5	-3	7	0.88788	-3.67083	2.83463	4.63790	120.35384	0.01494	1	1	1
	-5	-3	-7	0.88788	-2.83462	-3.67081	4.63788	120.35384	0.01494	1	1	1
	-3	-7	5	0.88788	-3.67082	2.83461	4.63788	120.35384	0.01494	1	1	1
	-3	-5	-7	0.88788	-2.83462	-3.67081	4.63788	120.35384	0.01494	1	1	1
	-3	-5	7	0.88788	-3.67083	2.83463	4.63790	120.35384	0.01494	1	1	1
	-5	7	3	0.88788	-2.83463	-3.67082	4.63789	120.35384	0.01494	1	1	1
	-3	-7	-5	0.88788	-2.83461	-3.67081	4.63787	120.35384	0.01494	1	1	1
	-5	7	-3	0.88788	-3.67083	2.83462	4.63790	120.35384	0.01494	1	1	1
	-5	3	7	0.88788	-2.83463	-3.67083	4.63790	120.35384	0.01494	1	1	1
	-1	-1	9	0.88788	-23.37354	21.94844	32.06330	120.35384	0.71383	1	1	1
	-1	1	-9	0.88788	-23.37354	21.94843	32.06330	120.35384	0.71383	1	1	1
	-1	9	-1	0.88788	-23.37354	21.94843	32.06330	120.35384	0.71383	1	1	1
	-1	1	9	0.88788	-21.94843	-23.37354	32.06330	120.35384	0.71383	1	1	1
	1	-9	1	0.88788	-21.94843	-23.37354	32.06330	120.35384	0.71383	1	1	1
	1	-9	-1	0.88788	-23.37354	21.94843	32.06330	120.35384	0.71383	1	1	1
	-1	9	1	0.88788	-21.94843	-23.37354	32.06330	120.35384	0.71383	1	1	1
	-1	-9	-1	0.88788	-21.94846	-23.37356	32.06330	120.35384	0.71384	1	1	1
	-1	-9	1	0.88788	-23.37354	21.94843	32.06330	120.35384	0.71383	1	1	1
	-1	-1	-9	0.88788	-21.94846	-23.37357	32.06340	120.35384	0.71384	1	1	1
	-3	7	-5	0.88788	-3.67083	2.83463	4.63790	120.35384	0.01494	1	1	1
	-3	7	5	0.88788	-2.83463	-3.67082	4.63789	120.35384	0.01494	1	1	1
	-3	5	7	0.88788	-2.83463	-3.67082	4.63789	120.35384	0.01494	1	1	1
	-3	5	-7	0.88788	-3.67083	2.83463	4.63790	120.35384	0.01494	1	1	1
	5	-7	-3	0.88788	-3.67083	2.83462	4.63789	120.35384	0.01494	1	1	1
	5	-7	3	0.88788	-2.83463	-3.67082	4.63790	120.35384	0.01494	1	1	1
	5	-3	7	0.88788	-2.83463	-3.67082	4.63789	120.35384	0.01494	1	1	1
	5	-3	-7	0.88788	-3.67083	2.83463	4.63790	120.35384	0.01494	1	1	1
	5	7	-3	0.88788	-2.83464	-3.67084	4.63791	120.35384	0.01494	1	1	1
	5	3	7	0.88788	-3.67082	2.83461	4.63788	120.35384	0.01494	1	1	1
	5	3	-7	0.88788	-2.83463	-3.67083	4.63790	120.35384	0.01494	1	1	1
	7	-3	5	0.88788	-2.83463	-3.67082	4.63789	120.35384	0.01494	1	1	1
	7	3	-5	0.88788	-2.83462	-3.67081	4.63788	120.35384	0.01494	1	1	1
	7	3	5	0.88788	-3.67081	2.83461	4.63787	120.35384	0.01494	1	1	1
	7	-5	3	0.88788	-2.83463	-3.67082	4.63789	120.35384	0.01494	1	1	1
	7	-3	-5	0.88788	-3.67083	2.83463	4.63790	120.35384	0.01494	1	1	1
	7	-5	-3	0.88788	-3.67083	2.83462	4.63790	120.35384	0.01494	1	1	1
	5	7	3	0.88788	-3.67083	2.83461	4.63789	120.35384	0.01494	1	1	1
	3	-7	5	0.88788	-2.83463	-3.67083	4.63790	120.35384	0.01494	1	1	1
	3	-5	-7	0.88788	-3.67083	2.83462	4.63789	120.35384	0.01494	1	1	1
	3	5	-7	0.88788	-2.83463	-3.67083	4.63790	120.35384	0.01494	1	1	1
	3	-5	7	0.88788	-2.83463	-3.67083	4.63790	120.35384	0.01494	1	1	1
	3	7	5	0.88788	-3.67081	2.83461	4.63787	120.35384	0.01494	1	1	1
	3	7	-5	0.88788	-2.83462	-3.67081	4.63788	120.35384	0.01494	1	1	1
	3	5	7	0.88788	-3.67082	2.83461	4.63788	120.35384	0.01494	1	1	1
	1	9	-1	0.88788	-21.94844	-23.37353	32.06330	120.35384	0.71383	1	1	1
	1	9	1	0.88788	-23.37356	21.94846	32.06330	120.35384	0.71384	1	1	1
	3	-7	-5	0.88788	-3.67082	2.83462	4.63789	120.35384	0.01494	1	1	1
	1	1	-9	0.88788	-21.94844	-23.37355	32.06330	120.35384	0.71383	1	1	1
	1	1	9	0.88788	-23.37357	21.94846	32.06340	120.35384	0.71384	1	1	1
	1	-1	9	0.88788	-21.94843	-23.37354	32.06330	120.35384	0.71383	1	1	1
	1	-1	-9	0.88788	-23.37354	21.94843	32.06330	120.35384	0.71383	1	1	1
	7	5	-3	0.88788	-2.83464	-3.67084	4.63791	120.35384	0.01494	1	1	1
	7	5	3	0.88788	-3.67083	2.83461	4.63789	120.35384	0.01494	1	1	1
	9	-1	1	0.88788	-21.94843	-23.37354	32.06330	120.35384	0.71383	1	1	1
	9	-1	-1	0.88788	-23.37354	21.94843	32.06330	120.35384	0.71383	1	1	1
	9	1	-1	0.88788	-21.94844	-23.37353	32.06330	120.35384	0.71383	1	1	1
	9	1	1	0.88788	-23.37356	21.94846	32.06330	120.35384	0.71384	1	1	1
	-8	-4	-2	0.88258	-0.15581	10.21109	10.21230	121.56566	0.07399	1	1	1
	-8	2	4	0.88258	-0.15581	10.21107	10.21230	121.56566	0.07398	1	1	1
	-8	4	-2	0.88258	0.15581	-10.21107	10.21230	121.56566	0.07398	1	1	1
	-8	4	2	0.88258	-0.15580	10.21107	10.21230	121.56566	0.07398	1	1	1
	-8	-2	4	0.88258	0.15582	-10.21106	10.21220	121.56566	0.07398	1	1	1
	-8	2	-4	0.88258	0.15581	-10.21109	10.21230	121.56566	0.07398	1	1	1
	-8	-2	-4	0.88258	-0.15581	10.21109	10.21230	121.56566	0.07399	1	1	1
	-8	-4	2	0.88258	0.15581	-10.21109	10.21230	121.56566	0.07399	1	1	1
	-4	8	2	0.88258	-0.15581	10.21107	10.21230	121.56566	0.07398	1	1	1
	-2	-8	-4	0.88258	-0.15581	10.21109	10.21230	121.56566	0.07399	1	1	1
	-2	-4	-8	0.88258	-0.15580	10.21109	10.21230	121.56566	0.07399	1	1	1
	-2	-8	4	0.88258	0.15582	-10.21106	10.21220	121.56566	0.07398	1	1	1
	-2	4	8	0.88258	-0.15581	10.21109	10.21230	121.56566	0.07398	1	1	1
	-2	4	-8	0.88258	0.15581	-10.21108	10.21230	121.56566	0.07398	1	1	1
	-2	-4	8	0.88258	0.15581	-10.21108	10.21230	121.56566	0.07398	1	1	1
	-4	2	-8	0.88258	0.15580	-10.21109	10.21230	121.56566	0.07398	1	1	1
	-4	2	8	0.88258	-0.15580	10.21108	10.21230	121.56566	0.07398	1	1	1
	-4	8	-2	0.88258	0.15581	-10.21107	10.21230	121.56566	0.07398	1	1	1
	-4	-2	-8	0.88258	-0.15580	10.21109	10.21230	121.56566	0.07399	1	1	1
	-4	-2	8	0.88258	0.15581	-10.21108	10.21230	121.56566	0.07398	1	1	1
	-4	-8	2	0.88258	0.15581	-10.21109	10.21230	121.56566	0.07399	1	1	1
	-4	-8	-2	0.88258	-0.15581	10.21109	10.21230	121.56566	0.07399	1	1	1
	-2	8	-4	0.88258	0.15581	-10.21107	10.21230	121.56566	0.07398	1	1	1
	-2	8	4	0.88258	-0.15581	10.21109	10.21230	121.56566	0.07398	1	1	1
	2	-8	4	0.88258	-0.15581	10.21107	10.21230	121.56566	0.07398	1	1	1
	2	-8	-4	0.88258	0.15581	-10.21109	10.21230	121.56566	0.07398	1	1	1
	2	4	-8	0.88258	-0.15580	10.21108	10.21230	121.56566	0.07398	1	1	1
	2	-4	8	0.88258	-0.15580	10.21108	10.21230	121.56566	0.07398	1	1	1
	2	-4	-8	0.88258	0.15580	-10.21109	10.21230	121.56566	0.07398	1	1	1
	4	-8	2	0.88258	-0.15580	10.21107	10.21230	121.56566	0.07398	1	1	1
	4	-2	-8	0.88258	0.15581	-10.21108	10.21230	121.56566	0.07398	1	1	1
	4	-2	8	0.88258	-0.15581	10.21109	10.21230	121.56566	0.07398	1	1	1
	2	8	4	0.88258	0.15580	-10.21109	10.21230	121.56566	0.07399	1	1	1
	4	-8	-2	0.88258	0.15581	-10.21107	10.21230	121.56566	0.07398	1	1	1
	2	8	-4	0.88258	-0.15579	10.21106	10.21220	121.56566	0.07398	1	1	1
	2	4	8	0.88258	0.15581	-10.21109	10.21230	121.56566	0.07399	1	1	1
	4	2	-8	0.88258	-0.15580	10.21108	10.21230	121.56566	0.07398	1	1	1
	4	2	8	0.88258	0.15581	-10.21109	10.21230	121.56566	0.07399	1	1	1
	4	8	2	0.88258	0.15580	-10.21109	10.21230	121.56566	0.07399	1	1	1
	4	8	-2	0.88258	-0.15581	10.21109	10.21230	121.56566	0.07399	1	1	1
	8	-2	-4	0.88258	0.15581	-10.21107	10.21230	121.56566	0.07398	1	1	1
	8	-4	2	0.88258	-0.15581	10.21107	10.21230	121.56566	0.07398	1	1	1
	8	-4	-2	0.88258	0.15581	-10.21107	10.21230	121.56566	0.07398	1	1	1
	8	-2	4	0.88258	-0.15581	10.21109	10.21230	121.56566	0.07398	1	1	1
	8	2	-4	0.88258	-0.15579	10.21106	10.21220	121.56566	0.07398	1	1	1
	8	4	-2	0.88258	-0.15581	10.21109	10.21230	121.56566	0.07399	1	1	1
	8	2	4	0.88258	0.15580	-10.21109	10.21230	121.56566	0.07399	1	1	1
	8	4	2	0.88258	0.15580	-10.21109	10.21230	121.56566	0.07399	1	1	1
	-6	-6	-4	0.86229	14.48097	0.84444	14.50560	126.58551	0.16461	1	1	1
	6	6	4	0.86229	14.48097	0.84444	14.50560	126.58551	0.16461	1	1	1
	-6	-6	4	0.86229	14.48097	0.84444	14.50560	126.58551	0.16461	1	1	1
	-6	-4	6	0.86229	14.48099	0.84444	14.50560	126.58551	0.16461	1	1	1
	-6	-4	-6	0.86229	14.48098	0.84443	14.50560	126.58551	0.16461	1	1	1
	-6	6	-4	0.86229	14.48098	0.84443	14.50560	126.58551	0.16461	1	1	1
	-6	4	6	0.86229	14.48099	0.84444	14.50560	126.58551	0.16461	1	1	1
	-6	4	-6	0.86229	14.48098	0.84444	14.50560	126.58551	0.16461	1	1	1
	-4	6	6	0.86229	14.48098	0.84443	14.50560	126.58551	0.16461	1	1	1
	4	-6	-6	0.86229	14.48098	0.84444	14.50560	126.58551	0.16461	1	1	1
	4	-6	6	0.86229	14.48099	0.84444	14.50560	126.58551	0.16461	1	1	1
	-4	-6	6	0.86229	14.48099	0.84444	14.50560	126.58551	0.16461	1	1	1
	-4	6	-6	0.86229	14.48099	0.84443	14.50560	126.58551	0.16461	1	1	1
	-4	-6	-6	0.86229	14.48098	0.84443	14.50560	126.58551	0.16461	1	1	1
	-6	6	4	0.86229	14.48098	0.84444	14.50560	126.58551	0.16461	1	1	1
	4	6	-6	0.86229	14.48099	0.84443	14.50560	126.58551	0.16461	1	1	1
	4	6	6	0.86229	14.48098	0.84444	14.50560	126.58551	0.16461	1	1	1
	6	-6	4	0.86229	14.48098	0.84444	14.50560	126.58551	0.16461	1	1	1
	6	-6	-4	0.86229	14.48098	0.84443	14.50560	126.58551	0.16461	1	1	1
	6	4	-6	0.86229	14.48099	0.84443	14.50560	126.58551	0.16461	1	1	1
	6	-4	6	0.86229	14.48098	0.84443	14.50560	126.58551	0.16461	1	1	1
	6	-4	-6	0.86229	14.48099	0.84443	14.50560	126.58551	0.16461	1	1	1
	6	4	6	0.86229	14.48098	0.84444	14.50560	126.58551	0.16461	1	1	1
	6	6	-4	0.86229	14.48097	0.84443	14.50560	126.58551	0.16461	1	1	1
