# 	h	k	l	d (Å)	F(real)		F(imag)		|F|			2θ			I			M	ID(λ)	Phase
	-1	0	-2	2.89860	9.71861	3.95281	10.49170	30.82281	1.46549	1	1	1
	-1	1	2	2.89860	9.71861	3.95279	10.49170	30.82281	1.46548	1	1	1
	0	-1	-2	2.89860	9.71863	3.95281	10.49170	30.82281	1.46549	1	1	1
	-1	1	-2	2.89860	9.71860	3.95280	10.49170	30.82281	1.46548	1	1	1
	-1	0	2	2.89860	9.71860	3.95281	10.49170	30.82281	1.46548	1	1	1
	0	-1	2	2.89860	9.71860	3.95280	10.49170	30.82281	1.46548	1	1	1
	0	1	-2	2.89860	9.71860	3.95280	10.49170	30.82281	1.46548	1	1	1
	1	-1	-2	2.89860	9.71861	3.95281	10.49170	30.82281	1.46548	1	1	1
	0	1	2	2.89860	9.71863	3.95281	10.49170	30.82281	1.46549	1	1	1
	1	-1	2	2.89860	9.71860	3.95280	10.49170	30.82281	1.46548	1	1	1
	1	0	-2	2.89860	9.71860	3.95279	10.49170	30.82281	1.46548	1	1	1
	1	0	2	2.89860	9.71862	3.95280	10.49170	30.82281	1.46549	1	1	1
	-1	-1	0	2.37500	33.75545	0.72375	33.76320	37.85062	9.70272	1	1	1
	1	1	0	2.37500	33.75545	0.72375	33.76320	37.85062	9.70272	1	1	1
	-1	2	0	2.37500	33.75545	0.72376	33.76320	37.85062	9.70272	1	1	1
	-2	1	0	2.37500	33.75545	0.72374	33.76320	37.85062	9.70272	1	1	1
	1	-2	0	2.37500	33.75545	0.72374	33.76320	37.85062	9.70272	1	1	1
	2	-1	0	2.37500	33.75545	0.72376	33.76320	37.85062	9.70272	1	1	1
	-1	0	-3	2.27080	-57.54920	-6.92237	57.96400	39.65849	25.78961	1	1	1
	0	-1	-3	2.27080	57.54921	6.92238	57.96400	39.65849	25.78962	1	1	1
	-1	0	3	2.27080	57.54920	6.92236	57.96400	39.65849	25.78961	1	1	1
	0	1	3	2.27080	57.54921	6.92239	57.96400	39.65849	25.78962	1	1	1
	1	0	-3	2.27080	57.54919	6.92240	57.96400	39.65849	25.78960	1	1	1
	0	1	-3	2.27080	-57.54919	-6.92237	57.96400	39.65849	25.78960	1	1	1
	0	-1	3	2.27080	-57.54919	-6.92239	57.96400	39.65849	25.78960	1	1	1
	1	0	3	2.27080	-57.54920	-6.92240	57.96400	39.65849	25.78961	1	1	1
	-1	1	-3	2.27080	57.54919	6.92239	57.96400	39.65849	25.78960	1	1	1
	1	-1	-3	2.27080	-57.54919	-6.92236	57.96400	39.65849	25.78960	1	1	1
	-1	1	3	2.27080	-57.54919	-6.92240	57.96400	39.65849	25.78960	1	1	1
	1	-1	3	2.27080	57.54919	6.92237	57.96400	39.65849	25.78960	1	1	1
	0	-2	0	2.05681	-31.50896	-3.72920	31.72890	43.98809	6.12888	1	1	1
	0	2	0	2.05681	-31.50896	-3.72922	31.72890	43.98809	6.12888	1	1	1
	-2	0	0	2.05681	-31.50896	-3.72920	31.72890	43.98809	6.12888	1	1	1
	2	0	0	2.05681	-31.50896	-3.72922	31.72890	43.98809	6.12888	1	1	1
	-2	2	0	2.05681	-31.50900	-3.72922	31.72890	43.98809	6.12890	1	1	1
	2	-2	0	2.05681	-31.50900	-3.72922	31.72890	43.98809	6.12890	1	1	1
	1	1	2	2.05321	85.43040	14.11942	86.58930	44.06938	45.45643	1	1	1
	-1	-1	-2	2.05321	85.43040	14.11942	86.58930	44.06938	45.45643	1	1	1
	-2	1	-2	2.05321	85.43040	14.11943	86.58930	44.06938	45.45642	1	1	1
	-2	1	2	2.05321	85.43040	14.11943	86.58930	44.06938	45.45643	1	1	1
	1	1	-2	2.05321	85.43041	14.11942	86.58930	44.06938	45.45644	1	1	1
	-1	-1	2	2.05321	85.43041	14.11942	86.58930	44.06938	45.45644	1	1	1
	-1	2	-2	2.05321	85.43041	14.11941	86.58930	44.06938	45.45644	1	1	1
	-1	2	2	2.05321	85.43041	14.11941	86.58930	44.06938	45.45643	1	1	1
	1	-2	-2	2.05321	85.43041	14.11942	86.58930	44.06938	45.45643	1	1	1
	2	-1	-2	2.05321	85.43041	14.11940	86.58930	44.06938	45.45643	1	1	1
	1	-2	2	2.05321	85.43041	14.11942	86.58930	44.06938	45.45644	1	1	1
	2	-1	2	2.05321	85.43040	14.11940	86.58930	44.06938	45.45643	1	1	1
	0	0	-4	2.04250	126.29751	27.36675	129.22800	44.31255	100.00000	1	1	1
	0	0	4	2.04250	126.29751	27.36675	129.22800	44.31255	100.00000	1	1	1
	-2	0	-1	1.99457	91.38719	17.90209	93.12410	45.43601	49.07655	1	1	1
	-2	0	1	1.99457	-91.38719	-17.90209	93.12410	45.43601	49.07656	1	1	1
	0	-2	-1	1.99457	-91.38717	-17.90211	93.12410	45.43601	49.07654	1	1	1
	0	-2	1	1.99457	91.38720	17.90209	93.12410	45.43601	49.07656	1	1	1
	0	2	1	1.99457	-91.38718	-17.90209	93.12410	45.43601	49.07654	1	1	1
	0	2	-1	1.99457	91.38719	17.90211	93.12410	45.43601	49.07656	1	1	1
	2	0	-1	1.99457	-91.38719	-17.90211	93.12410	45.43601	49.07656	1	1	1
	2	0	1	1.99457	91.38718	17.90211	93.12410	45.43601	49.07655	1	1	1
	-2	2	-1	1.99457	-91.38717	-17.90210	93.12410	45.43601	49.07653	1	1	1
	-2	2	1	1.99457	91.38716	17.90210	93.12410	45.43601	49.07653	1	1	1
	2	-2	-1	1.99457	91.38717	17.90209	93.12410	45.43601	49.07653	1	1	1
	2	-2	1	1.99457	-91.38717	-17.90210	93.12410	45.43601	49.07653	1	1	1
	2	0	2	1.83709	63.47897	16.61342	65.61700	49.58124	19.98840	1	1	1
	-2	0	-2	1.83709	63.47897	16.61342	65.61700	49.58124	19.98840	1	1	1
	-2	2	2	1.83709	63.47899	16.61343	65.61700	49.58124	19.98841	1	1	1
	0	-2	-2	1.83709	63.47895	16.61342	65.61690	49.58124	19.98839	1	1	1
	-2	2	-2	1.83709	63.47899	16.61343	65.61700	49.58124	19.98841	1	1	1
	-2	0	2	1.83709	63.47896	16.61341	65.61690	49.58124	19.98839	1	1	1
	0	-2	2	1.83709	63.47895	16.61341	65.61690	49.58124	19.98838	1	1	1
	0	2	-2	1.83709	63.47895	16.61342	65.61690	49.58124	19.98838	1	1	1
	0	2	2	1.83709	63.47895	16.61342	65.61690	49.58124	19.98839	1	1	1
	2	-2	2	1.83709	63.47899	16.61342	65.61700	49.58124	19.98841	1	1	1
	2	-2	-2	1.83709	63.47900	16.61342	65.61700	49.58124	19.98841	1	1	1
	2	0	-2	1.83709	63.47895	16.61343	65.61690	49.58124	19.98839	1	1	1
	-1	0	4	1.82941	41.76842	9.48782	42.83250	49.80352	8.43085	1	1	1
	-1	1	-4	1.82941	41.76841	9.48783	42.83250	49.80352	8.43085	1	1	1
	-1	0	-4	1.82941	41.76840	9.48783	42.83240	49.80352	8.43085	1	1	1
	0	1	4	1.82941	41.76840	9.48783	42.83240	49.80352	8.43084	1	1	1
	1	-1	-4	1.82941	41.76841	9.48783	42.83250	49.80352	8.43085	1	1	1
	1	0	-4	1.82941	41.76841	9.48783	42.83250	49.80352	8.43085	1	1	1
	1	-1	4	1.82941	41.76841	9.48783	42.83250	49.80352	8.43085	1	1	1
	0	-1	4	1.82941	41.76841	9.48782	42.83240	49.80352	8.43085	1	1	1
	0	1	-4	1.82941	41.76841	9.48783	42.83240	49.80352	8.43085	1	1	1
	0	-1	-4	1.82941	41.76840	9.48783	42.83240	49.80352	8.43084	1	1	1
	-1	1	4	1.82941	41.76841	9.48782	42.83250	49.80352	8.43085	1	1	1
	1	0	4	1.82941	41.76840	9.48782	42.83240	49.80352	8.43084	1	1	1
	0	2	3	1.64130	47.99155	16.63784	50.79380	55.98048	9.08625	1	1	1
	2	0	3	1.64130	-47.99154	-16.63784	50.79380	55.98048	9.08625	1	1	1
	0	-2	-3	1.64130	47.99155	16.63786	50.79380	55.98048	9.08625	1	1	1
	-2	0	-3	1.64130	-47.99153	-16.63786	50.79380	55.98048	9.08625	1	1	1
	-2	0	3	1.64130	47.99156	16.63784	50.79380	55.98048	9.08626	1	1	1
	-2	2	-3	1.64130	47.99153	16.63786	50.79380	55.98048	9.08625	1	1	1
	-2	2	3	1.64130	-47.99153	-16.63785	50.79370	55.98048	9.08625	1	1	1
	0	2	-3	1.64130	-47.99155	-16.63786	50.79380	55.98048	9.08626	1	1	1
	0	-2	3	1.64130	-47.99155	-16.63785	50.79380	55.98048	9.08626	1	1	1
	2	-2	-3	1.64130	-47.99153	-16.63785	50.79370	55.98048	9.08625	1	1	1
	2	-2	3	1.64130	47.99153	16.63784	50.79370	55.98048	9.08625	1	1	1
	2	0	-3	1.64130	47.99155	16.63787	50.79380	55.98048	9.08626	1	1	1
	-2	-1	0	1.55480	30.33250	10.73792	32.17710	59.39627	3.18993	1	1	1
	2	1	0	1.55480	30.33250	10.73792	32.17710	59.39627	3.18993	1	1	1
	1	2	0	1.55480	30.33250	10.73792	32.17710	59.39627	3.18993	1	1	1
	-1	-2	0	1.55480	30.33250	10.73792	32.17710	59.39627	3.18993	1	1	1
	-3	1	0	1.55480	30.33250	10.73791	32.17710	59.39627	3.18993	1	1	1
	-3	2	0	1.55480	30.33248	10.73790	32.17700	59.39627	3.18993	1	1	1
	-1	3	0	1.55480	30.33250	10.73793	32.17710	59.39627	3.18993	1	1	1
	-2	3	0	1.55480	30.33248	10.73793	32.17700	59.39627	3.18993	1	1	1
	1	-3	0	1.55480	30.33250	10.73791	32.17710	59.39627	3.18993	1	1	1
	2	-3	0	1.55480	30.33248	10.73790	32.17700	59.39627	3.18993	1	1	1
	3	-2	0	1.55480	30.33248	10.73793	32.17700	59.39627	3.18993	1	1	1
	3	-1	0	1.55480	30.33250	10.73793	32.17710	59.39627	3.18993	1	1	1
	-2	1	-4	1.54859	-0.38610	0.03055	0.38730	59.65850	0.00046	1	1	1
	-1	2	4	1.54859	-0.38609	0.03057	0.38730	59.65850	0.00046	1	1	1
	1	-2	-4	1.54859	-0.38608	0.03055	0.38729	59.65850	0.00046	1	1	1
	-1	-1	4	1.54859	-0.38609	0.03057	0.38730	59.65850	0.00046	1	1	1
	-1	-1	-4	1.54859	-0.38609	0.03055	0.38730	59.65850	0.00046	1	1	1
	1	1	-4	1.54859	-0.38609	0.03055	0.38730	59.65850	0.00046	1	1	1
	1	1	4	1.54859	-0.38610	0.03057	0.38731	59.65850	0.00046	1	1	1
	2	-1	4	1.54859	-0.38610	0.03057	0.38731	59.65850	0.00046	1	1	1
	-2	1	4	1.54859	-0.38609	0.03056	0.38730	59.65850	0.00046	1	1	1
	2	-1	-4	1.54859	-0.38609	0.03056	0.38730	59.65850	0.00046	1	1	1
	-1	2	-4	1.54859	-0.38609	0.03056	0.38730	59.65850	0.00046	1	1	1
	1	-2	4	1.54859	-0.38609	0.03057	0.38730	59.65850	0.00046	1	1	1
	-3	1	-1	1.52739	10.38004	4.70783	11.39780	60.57271	0.38306	1	1	1
	-2	-1	-1	1.52739	10.38003	4.70785	11.39780	60.57271	0.38306	1	1	1
	-2	-1	1	1.52739	-10.38003	-4.70784	11.39780	60.57271	0.38306	1	1	1
	-1	-2	-1	1.52739	-10.38004	-4.70784	11.39780	60.57271	0.38306	1	1	1
	1	2	-1	1.52739	10.38003	4.70785	11.39780	60.57271	0.38306	1	1	1
	-1	-2	1	1.52739	10.38003	4.70784	11.39780	60.57271	0.38306	1	1	1
	2	1	1	1.52739	10.38004	4.70784	11.39780	60.57271	0.38306	1	1	1
	3	-1	1	1.52739	10.38004	4.70785	11.39780	60.57271	0.38307	1	1	1
	2	1	-1	1.52739	-10.38003	-4.70785	11.39780	60.57271	0.38306	1	1	1
	1	2	1	1.52739	-10.38004	-4.70784	11.39780	60.57271	0.38306	1	1	1
	-2	3	1	1.52739	10.38004	4.70786	11.39780	60.57271	0.38307	1	1	1
	-1	3	-1	1.52739	10.38003	4.70785	11.39780	60.57271	0.38306	1	1	1
	1	-3	-1	1.52739	-10.38004	-4.70783	11.39780	60.57271	0.38306	1	1	1
	-1	3	1	1.52739	-10.38003	-4.70785	11.39780	60.57271	0.38306	1	1	1
	-3	2	1	1.52739	10.38005	4.70783	11.39780	60.57271	0.38307	1	1	1
	-2	3	-1	1.52739	-10.38004	-4.70786	11.39780	60.57271	0.38307	1	1	1
	-3	2	-1	1.52739	-10.38005	-4.70783	11.39780	60.57271	0.38307	1	1	1
	-3	1	1	1.52739	-10.38004	-4.70783	11.39780	60.57271	0.38306	1	1	1
	1	-3	1	1.52739	10.38004	4.70783	11.39780	60.57271	0.38306	1	1	1
	2	-3	-1	1.52739	10.38005	4.70783	11.39780	60.57271	0.38307	1	1	1
	2	-3	1	1.52739	-10.38005	-4.70783	11.39780	60.57271	0.38307	1	1	1
	3	-2	1	1.52739	-10.38004	-4.70786	11.39780	60.57271	0.38307	1	1	1
	3	-2	-1	1.52739	10.38004	4.70786	11.39780	60.57271	0.38307	1	1	1
	3	-1	-1	1.52739	-10.38004	-4.70785	11.39780	60.57271	0.38307	1	1	1
	-1	0	5	1.51858	-2.71040	-5.50615	6.13710	60.96120	0.10949	1	1	1
	-1	1	-5	1.51858	-2.71040	-5.50620	6.13714	60.96120	0.10949	1	1	1
	-1	0	-5	1.51858	2.71040	5.50618	6.13713	60.96120	0.10949	1	1	1
	0	1	5	1.51858	-2.71040	-5.50616	6.13711	60.96120	0.10949	1	1	1
	1	-1	-5	1.51858	2.71040	5.50617	6.13712	60.96120	0.10949	1	1	1
	1	0	-5	1.51858	-2.71040	-5.50620	6.13714	60.96120	0.10949	1	1	1
	1	-1	5	1.51858	-2.71040	-5.50616	6.13710	60.96120	0.10949	1	1	1
	0	-1	5	1.51858	2.71040	5.50618	6.13712	60.96120	0.10949	1	1	1
	0	1	-5	1.51858	2.71040	5.50617	6.13712	60.96120	0.10949	1	1	1
	0	-1	-5	1.51858	-2.71040	-5.50619	6.13714	60.96120	0.10949	1	1	1
	-1	1	5	1.51858	2.71040	5.50618	6.13712	60.96120	0.10949	1	1	1
	1	0	5	1.51858	2.71040	5.50617	6.13712	60.96120	0.10949	1	1	1
	-3	1	-2	1.45311	-1.20081	1.80044	2.16415	64.02478	0.01222	1	1	1
	-2	-1	-2	1.45311	-1.20081	1.80044	2.16415	64.02478	0.01222	1	1	1
	-1	-2	-2	1.45311	-1.20081	1.80045	2.16415	64.02478	0.01222	1	1	1
	-2	-1	2	1.45311	-1.20081	1.80044	2.16415	64.02478	0.01222	1	1	1
	1	2	2	1.45311	-1.20080	1.80042	2.16412	64.02478	0.01222	1	1	1
	2	1	-2	1.45311	-1.20080	1.80042	2.16413	64.02478	0.01222	1	1	1
	1	2	-2	1.45311	-1.20080	1.80042	2.16413	64.02478	0.01222	1	1	1
	-1	-2	2	1.45311	-1.20081	1.80044	2.16415	64.02478	0.01222	1	1	1
	2	1	2	1.45311	-1.20081	1.80043	2.16414	64.02478	0.01222	1	1	1
	3	-1	2	1.45311	-1.20080	1.80043	2.16413	64.02478	0.01222	1	1	1
	-3	2	2	1.45311	-1.20079	1.80044	2.16414	64.02478	0.01222	1	1	1
	-2	3	-2	1.45311	-1.20079	1.80044	2.16413	64.02478	0.01222	1	1	1
	-1	3	-2	1.45311	-1.20081	1.80043	2.16414	64.02478	0.01222	1	1	1
	-2	3	2	1.45311	-1.20080	1.80044	2.16414	64.02478	0.01222	1	1	1
	-3	1	2	1.45311	-1.20080	1.80044	2.16415	64.02478	0.01222	1	1	1
	-3	2	-2	1.45311	-1.20079	1.80044	2.16413	64.02478	0.01222	1	1	1
	-1	3	2	1.45311	-1.20081	1.80043	2.16414	64.02478	0.01222	1	1	1
	1	-3	-2	1.45311	-1.20081	1.80044	2.16415	64.02478	0.01222	1	1	1
	1	-3	2	1.45311	-1.20081	1.80044	2.16415	64.02478	0.01222	1	1	1
	2	-3	2	1.45311	-1.20079	1.80044	2.16414	64.02478	0.01222	1	1	1
	2	-3	-2	1.45311	-1.20080	1.80044	2.16414	64.02478	0.01222	1	1	1
	3	-2	-2	1.45311	-1.20079	1.80044	2.16413	64.02478	0.01222	1	1	1
	3	-2	2	1.45311	-1.20078	1.80044	2.16413	64.02478	0.01222	1	1	1
	3	-1	-2	1.45311	-1.20080	1.80043	2.16413	64.02478	0.01222	1	1	1
	-2	0	4	1.44930	-11.69771	-3.19152	12.12530	64.21318	0.38120	1	1	1
	-2	2	-4	1.44930	-11.69774	-3.19153	12.12530	64.21318	0.38120	1	1	1
	0	-2	-4	1.44930	-11.69770	-3.19152	12.12530	64.21318	0.38120	1	1	1
	-2	2	4	1.44930	-11.69772	-3.19152	12.12530	64.21318	0.38120	1	1	1
	0	2	4	1.44930	-11.69770	-3.19153	12.12530	64.21318	0.38120	1	1	1
	2	-2	-4	1.44930	-11.69772	-3.19153	12.12530	64.21318	0.38120	1	1	1
	0	2	-4	1.44930	-11.69769	-3.19153	12.12530	64.21318	0.38120	1	1	1
	0	-2	4	1.44930	-11.69769	-3.19151	12.12530	64.21318	0.38120	1	1	1
	-2	0	-4	1.44930	-11.69772	-3.19153	12.12530	64.21318	0.38120	1	1	1
	2	-2	4	1.44930	-11.69774	-3.19154	12.12530	64.21318	0.38120	1	1	1
	2	0	-4	1.44930	-11.69771	-3.19153	12.12530	64.21318	0.38120	1	1	1
	2	0	4	1.44930	-11.69772	-3.19152	12.12530	64.21318	0.38120	1	1	1
	0	3	0	1.37121	23.66570	0.57684	23.67270	68.35594	1.27213	1	1	1
	0	-3	0	1.37121	23.66569	0.57687	23.67270	68.35594	1.27212	1	1	1
	-3	0	0	1.37121	23.66569	0.57687	23.67270	68.35594	1.27212	1	1	1
	3	0	0	1.37121	23.66570	0.57684	23.67270	68.35594	1.27213	1	1	1
	-3	3	0	1.37121	23.66570	0.57686	23.67270	68.35594	1.27213	1	1	1
	3	-3	0	1.37121	23.66570	0.57686	23.67270	68.35594	1.27213	1	1	1
	0	0	-6	1.36167	-62.44229	-13.15331	63.81260	68.90199	9.09315	1	1	1
	0	0	6	1.36167	-62.44229	-13.15332	63.81260	68.90199	9.09315	1	1	1
	0	-3	1	1.35229	-7.33866	-2.07492	7.62635	69.44779	0.12780	1	1	1
	0	3	-1	1.35229	-7.33866	-2.07493	7.62635	69.44779	0.12780	1	1	1
	3	0	1	1.35229	-7.33866	-2.07493	7.62635	69.44779	0.12780	1	1	1
	0	3	1	1.35229	7.33866	2.07493	7.62635	69.44779	0.12780	1	1	1
	-3	0	-1	1.35229	-7.33866	-2.07493	7.62635	69.44779	0.12780	1	1	1
	0	-3	-1	1.35229	7.33866	2.07493	7.62635	69.44779	0.12780	1	1	1
	-3	0	1	1.35229	7.33866	2.07492	7.62635	69.44779	0.12780	1	1	1
	-3	3	-1	1.35229	7.33867	2.07493	7.62636	69.44779	0.12780	1	1	1
	-3	3	1	1.35229	-7.33867	-2.07493	7.62636	69.44779	0.12780	1	1	1
	3	-3	1	1.35229	7.33867	2.07493	7.62636	69.44779	0.12780	1	1	1
	3	-3	-1	1.35229	-7.33867	-2.07493	7.62636	69.44779	0.12780	1	1	1
	3	0	-1	1.35229	7.33866	2.07493	7.62635	69.44779	0.12780	1	1	1
	-2	-1	3	1.35024	35.77259	5.27276	36.15910	69.56843	2.86278	1	1	1
	-1	-2	-3	1.35024	35.77259	5.27275	36.15910	69.56843	2.86278	1	1	1
	-2	-1	-3	1.35024	-35.77260	-5.27276	36.15910	69.56843	2.86278	1	1	1
	1	2	3	1.35024	35.77258	5.27280	36.15910	69.56843	2.86278	1	1	1
	2	1	-3	1.35024	35.77259	5.27278	36.15910	69.56843	2.86278	1	1	1
	2	1	3	1.35024	-35.77260	-5.27279	36.15910	69.56843	2.86278	1	1	1
	3	-1	3	1.35024	-35.77259	-5.27280	36.15910	69.56843	2.86278	1	1	1
	-3	1	3	1.35024	35.77260	5.27277	36.15910	69.56843	2.86278	1	1	1
	-3	2	3	1.35024	-35.77260	-5.27278	36.15910	69.56843	2.86278	1	1	1
	-3	2	-3	1.35024	35.77261	5.27276	36.15910	69.56843	2.86278	1	1	1
	-3	1	-3	1.35024	-35.77260	-5.27275	36.15910	69.56843	2.86278	1	1	1
	-2	3	-3	1.35024	35.77260	5.27279	36.15910	69.56843	2.86278	1	1	1
	-2	3	3	1.35024	-35.77260	-5.27280	36.15910	69.56843	2.86278	1	1	1
	-1	-2	3	1.35024	-35.77259	-5.27276	36.15910	69.56843	2.86278	1	1	1
	-1	3	3	1.35024	35.77257	5.27281	36.15910	69.56843	2.86277	1	1	1
	-1	3	-3	1.35024	-35.77259	-5.27278	36.15910	69.56843	2.86278	1	1	1
	1	2	-3	1.35024	-35.77258	-5.27278	36.15910	69.56843	2.86278	1	1	1
	2	-3	-3	1.35024	-35.77261	-5.27276	36.15910	69.56843	2.86278	1	1	1
	1	-3	3	1.35024	-35.77259	-5.27278	36.15910	69.56843	2.86278	1	1	1
	1	-3	-3	1.35024	35.77259	5.27273	36.15910	69.56843	2.86277	1	1	1
	2	-3	3	1.35024	35.77261	5.27277	36.15910	69.56843	2.86278	1	1	1
	3	-2	-3	1.35024	-35.77260	-5.27278	36.15910	69.56843	2.86278	1	1	1
	3	-2	3	1.35024	35.77259	5.27280	36.15910	69.56843	2.86278	1	1	1
	3	-1	-3	1.35024	35.77259	5.27278	36.15910	69.56843	2.86278	1	1	1
	-3	0	-2	1.29993	58.81680	13.00590	60.23760	72.67902	7.28577	1	1	1
	3	0	2	1.29993	58.81678	13.00596	60.23760	72.67902	7.28577	1	1	1
	-3	0	2	1.29993	58.81681	13.00591	60.23760	72.67902	7.28577	1	1	1
	0	-3	-2	1.29993	58.81679	13.00591	60.23760	72.67902	7.28577	1	1	1
	0	3	-2	1.29993	58.81680	13.00595	60.23760	72.67902	7.28577	1	1	1
	0	-3	2	1.29993	58.81681	13.00591	60.23760	72.67902	7.28577	1	1	1
	0	3	2	1.29993	58.81678	13.00595	60.23760	72.67902	7.28577	1	1	1
	3	0	-2	1.29993	58.81680	13.00595	60.23760	72.67902	7.28577	1	1	1
	-3	3	-2	1.29993	58.81679	13.00594	60.23760	72.67902	7.28577	1	1	1
	-3	3	2	1.29993	58.81679	13.00593	60.23760	72.67902	7.28577	1	1	1
	3	-3	-2	1.29993	58.81679	13.00593	60.23760	72.67902	7.28577	1	1	1
	3	-3	2	1.29993	58.81679	13.00592	60.23760	72.67902	7.28577	1	1	1
	-1	0	-6	1.29269	20.84813	3.94164	21.21750	73.15190	0.89278	1	1	1
	-1	1	-6	1.29269	20.84811	3.94162	21.21740	73.15190	0.89278	1	1	1
	-1	0	6	1.29269	20.84810	3.94165	21.21740	73.15190	0.89278	1	1	1
	0	-1	6	1.29269	20.84812	3.94163	21.21750	73.15190	0.89278	1	1	1
	0	1	-6	1.29269	20.84812	3.94163	21.21750	73.15190	0.89278	1	1	1
	0	-1	-6	1.29269	20.84811	3.94162	21.21740	73.15190	0.89278	1	1	1
	-1	1	6	1.29269	20.84812	3.94163	21.21750	73.15190	0.89278	1	1	1
	0	1	6	1.29269	20.84811	3.94164	21.21740	73.15190	0.89278	1	1	1
	1	-1	-6	1.29269	20.84811	3.94164	21.21750	73.15190	0.89278	1	1	1
	1	0	-6	1.29269	20.84810	3.94161	21.21740	73.15190	0.89278	1	1	1
	1	-1	6	1.29269	20.84811	3.94164	21.21740	73.15190	0.89278	1	1	1
	1	0	6	1.29269	20.84813	3.94162	21.21750	73.15190	0.89278	1	1	1
	-2	0	-5	1.27941	72.05545	16.63971	73.95180	74.03709	10.60302	1	1	1
	0	-2	-5	1.27941	-72.05546	-16.63971	73.95180	74.03709	10.60302	1	1	1
	-2	0	5	1.27941	-72.05546	-16.63971	73.95180	74.03709	10.60303	1	1	1
	0	-2	5	1.27941	72.05545	16.63973	73.95180	74.03709	10.60302	1	1	1
	0	2	-5	1.27941	72.05545	16.63971	73.95180	74.03709	10.60302	1	1	1
	0	2	5	1.27941	-72.05546	-16.63972	73.95180	74.03709	10.60302	1	1	1
	2	0	5	1.27941	72.05546	16.63972	73.95180	74.03709	10.60302	1	1	1
	2	0	-5	1.27941	-72.05546	-16.63973	73.95180	74.03709	10.60303	1	1	1
	2	-2	-5	1.27941	72.05545	16.63971	73.95180	74.03709	10.60302	1	1	1
	2	-2	5	1.27941	-72.05545	-16.63971	73.95180	74.03709	10.60302	1	1	1
	-2	2	5	1.27941	72.05546	16.63972	73.95180	74.03709	10.60302	1	1	1
	-2	2	-5	1.27941	-72.05545	-16.63971	73.95180	74.03709	10.60302	1	1	1
	-2	-1	-4	1.23714	34.26501	10.42020	35.81440	77.01846	2.31708	1	1	1
	-2	-1	4	1.23714	34.26503	10.42021	35.81440	77.01846	2.31709	1	1	1
	1	2	4	1.23714	34.26503	10.42022	35.81440	77.01846	2.31709	1	1	1
	-1	-2	-4	1.23714	34.26503	10.42020	35.81440	77.01846	2.31709	1	1	1
	2	1	-4	1.23714	34.26503	10.42020	35.81440	77.01846	2.31709	1	1	1
	2	1	4	1.23714	34.26501	10.42020	35.81440	77.01846	2.31708	1	1	1
	-3	1	4	1.23714	34.26501	10.42019	35.81440	77.01846	2.31708	1	1	1
	-3	1	-4	1.23714	34.26501	10.42019	35.81440	77.01846	2.31708	1	1	1
	-3	2	-4	1.23714	34.26501	10.42019	35.81440	77.01846	2.31708	1	1	1
	-3	2	4	1.23714	34.26500	10.42019	35.81440	77.01846	2.31708	1	1	1
	-2	3	-4	1.23714	34.26500	10.42020	35.81440	77.01846	2.31708	1	1	1
	-1	-2	4	1.23714	34.26502	10.42019	35.81440	77.01846	2.31708	1	1	1
	-2	3	4	1.23714	34.26499	10.42020	35.81440	77.01846	2.31708	1	1	1
	1	-3	-4	1.23714	34.26505	10.42019	35.81440	77.01846	2.31709	1	1	1
	1	-3	4	1.23714	34.26502	10.42019	35.81440	77.01846	2.31708	1	1	1
	-1	3	4	1.23714	34.26503	10.42023	35.81440	77.01846	2.31709	1	1	1
	-1	3	-4	1.23714	34.26501	10.42021	35.81440	77.01846	2.31708	1	1	1
	1	2	-4	1.23714	34.26502	10.42022	35.81440	77.01846	2.31708	1	1	1
	2	-3	-4	1.23714	34.26499	10.42019	35.81440	77.01846	2.31708	1	1	1
	3	-2	-4	1.23714	34.26500	10.42020	35.81440	77.01846	2.31708	1	1	1
	2	-3	4	1.23714	34.26500	10.42019	35.81440	77.01846	2.31708	1	1	1
	3	-2	4	1.23714	34.26501	10.42021	35.81440	77.01846	2.31708	1	1	1
	3	-1	-4	1.23714	34.26501	10.42021	35.81440	77.01846	2.31708	1	1	1
	3	-1	4	1.23714	34.26500	10.42021	35.81440	77.01846	2.31708	1	1	1
	-3	0	-3	1.22472	6.51986	2.01369	6.82374	77.94617	0.08243	1	1	1
	3	0	3	1.22472	6.51986	2.01369	6.82374	77.94617	0.08243	1	1	1
	0	-3	-3	1.22472	-6.51981	-2.01367	6.82369	77.94617	0.08243	1	1	1
	0	-3	3	1.22472	6.51983	2.01368	6.82372	77.94617	0.08243	1	1	1
	0	3	3	1.22472	-6.51981	-2.01367	6.82369	77.94617	0.08243	1	1	1
	0	3	-3	1.22472	6.51983	2.01368	6.82372	77.94617	0.08243	1	1	1
	-3	3	3	1.22472	6.51985	2.01369	6.82374	77.94617	0.08243	1	1	1
	3	-3	-3	1.22472	6.51985	2.01368	6.82373	77.94617	0.08243	1	1	1
	-3	3	-3	1.22472	-6.51985	-2.01368	6.82373	77.94617	0.08243	1	1	1
	-3	0	3	1.22472	-6.51984	-2.01368	6.82373	77.94617	0.08243	1	1	1
	3	-3	3	1.22472	-6.51985	-2.01368	6.82373	77.94617	0.08243	1	1	1
	3	0	-3	1.22472	-6.51984	-2.01368	6.82373	77.94617	0.08243	1	1	1
	2	2	0	1.18750	96.48948	24.77795	99.62010	80.88291	16.57297	1	1	1
	-2	-2	0	1.18750	96.48948	24.77795	99.62010	80.88291	16.57297	1	1	1
	2	-4	0	1.18750	96.48948	24.77796	99.62010	80.88291	16.57297	1	1	1
	4	-2	0	1.18750	96.48948	24.77795	99.62010	80.88291	16.57297	1	1	1
	-2	4	0	1.18750	96.48948	24.77795	99.62010	80.88291	16.57297	1	1	1
	-4	2	0	1.18750	96.48948	24.77796	99.62010	80.88291	16.57297	1	1	1
	-2	1	-6	1.18129	23.04589	11.67942	25.83640	81.39756	1.10440	1	1	1
	-2	1	6	1.18129	23.04589	11.67941	25.83640	81.39756	1.10440	1	1	1
	-1	-1	-6	1.18129	23.04589	11.67942	25.83640	81.39756	1.10440	1	1	1
	-1	2	-6	1.18129	23.04589	11.67942	25.83640	81.39756	1.10440	1	1	1
	-1	-1	6	1.18129	23.04589	11.67941	25.83640	81.39756	1.10440	1	1	1
	1	-2	6	1.18129	23.04589	11.67942	25.83640	81.39756	1.10440	1	1	1
	1	1	-6	1.18129	23.04589	11.67942	25.83640	81.39756	1.10440	1	1	1
	1	-2	-6	1.18129	23.04589	11.67943	25.83640	81.39756	1.10440	1	1	1
	-1	2	6	1.18129	23.04590	11.67940	25.83640	81.39756	1.10440	1	1	1
	1	1	6	1.18129	23.04589	11.67941	25.83640	81.39756	1.10440	1	1	1
	2	-1	-6	1.18129	23.04589	11.67942	25.83640	81.39756	1.10440	1	1	1
	2	-1	6	1.18129	23.04589	11.67941	25.83640	81.39756	1.10440	1	1	1
	-3	-1	0	1.14091	15.49394	8.06228	17.46600	84.93282	0.47698	1	1	1
	3	1	0	1.14091	15.49395	8.06227	17.46600	84.93282	0.47698	1	1	1
	1	3	0	1.14091	15.49395	8.06227	17.46600	84.93282	0.47698	1	1	1
	-1	-3	0	1.14091	15.49394	8.06228	17.46600	84.93282	0.47698	1	1	1
	-4	1	0	1.14091	15.49393	8.06229	17.46600	84.93282	0.47698	1	1	1
	4	-1	0	1.14091	15.49393	8.06227	17.46600	84.93282	0.47698	1	1	1
	-3	4	0	1.14091	15.49397	8.06228	17.46610	84.93282	0.47698	1	1	1
	3	-4	0	1.14091	15.49396	8.06230	17.46610	84.93282	0.47698	1	1	1
	-4	3	0	1.14091	15.49396	8.06230	17.46610	84.93282	0.47698	1	1	1
	-1	4	0	1.14091	15.49393	8.06227	17.46600	84.93282	0.47698	1	1	1
	1	-4	0	1.14091	15.49393	8.06229	17.46600	84.93282	0.47698	1	1	1
	4	-3	0	1.14091	15.49397	8.06228	17.46610	84.93282	0.47698	1	1	1
	-2	-2	-2	1.14030	-22.10110	-11.42380	24.87890	84.98954	0.96700	1	1	1
	2	2	2	1.14030	-22.10111	-11.42377	24.87890	84.98954	0.96700	1	1	1
	-2	4	-2	1.14030	-22.10110	-11.42378	24.87890	84.98954	0.96700	1	1	1
	2	2	-2	1.14030	-22.10110	-11.42379	24.87890	84.98954	0.96700	1	1	1
	-2	-2	2	1.14030	-22.10110	-11.42379	24.87890	84.98954	0.96700	1	1	1
	-2	4	2	1.14030	-22.10111	-11.42377	24.87890	84.98954	0.96700	1	1	1
	2	-4	-2	1.14030	-22.10109	-11.42381	24.87890	84.98954	0.96700	1	1	1
	2	-4	2	1.14030	-22.10110	-11.42379	24.87890	84.98954	0.96700	1	1	1
	-4	2	2	1.14030	-22.10110	-11.42379	24.87890	84.98954	0.96700	1	1	1
	-4	2	-2	1.14030	-22.10110	-11.42380	24.87890	84.98954	0.96700	1	1	1
	4	-2	-2	1.14030	-22.10110	-11.42378	24.87890	84.98954	0.96700	1	1	1
	4	-2	2	1.14030	-22.10111	-11.42377	24.87890	84.98954	0.96700	1	1	1
	0	-3	4	1.13845	-0.53286	-0.05254	0.53544	85.15967	0.00045	1	1	1
	0	-3	-4	1.13845	-0.53288	-0.05253	0.53546	85.15967	0.00045	1	1	1
	0	3	-4	1.13845	-0.53285	-0.05257	0.53544	85.15967	0.00045	1	1	1
	0	3	4	1.13845	-0.53286	-0.05259	0.53545	85.15967	0.00045	1	1	1
	-3	0	-4	1.13845	-0.53288	-0.05252	0.53547	85.15967	0.00045	1	1	1
	3	0	-4	1.13845	-0.53285	-0.05258	0.53543	85.15967	0.00045	1	1	1
	-3	0	4	1.13845	-0.53287	-0.05253	0.53545	85.15967	0.00045	1	1	1
	3	0	4	1.13845	-0.53286	-0.05260	0.53545	85.15967	0.00045	1	1	1
	-3	3	4	1.13845	-0.53285	-0.05255	0.53543	85.15967	0.00045	1	1	1
	3	-3	-4	1.13845	-0.53285	-0.05255	0.53543	85.15967	0.00045	1	1	1
	-3	3	-4	1.13845	-0.53285	-0.05257	0.53544	85.15967	0.00045	1	1	1
	3	-3	4	1.13845	-0.53286	-0.05254	0.53545	85.15967	0.00045	1	1	1
	-2	0	-6	1.13540	51.97387	15.15337	54.13790	85.44313	4.55030	1	1	1
	0	-2	-6	1.13540	51.97388	15.15338	54.13790	85.44313	4.55031	1	1	1
	-2	0	6	1.13540	51.97387	15.15336	54.13790	85.44313	4.55030	1	1	1
	0	2	6	1.13540	51.97388	15.15338	54.13790	85.44313	4.55031	1	1	1
	2	0	-6	1.13540	51.97387	15.15339	54.13790	85.44313	4.55031	1	1	1
	0	2	-6	1.13540	51.97387	15.15337	54.13790	85.44313	4.55030	1	1	1
	0	-2	6	1.13540	51.97387	15.15339	54.13790	85.44313	4.55031	1	1	1
	2	0	6	1.13540	51.97387	15.15339	54.13790	85.44313	4.55030	1	1	1
	-2	2	-6	1.13540	51.97390	15.15339	54.13790	85.44313	4.55031	1	1	1
	-2	2	6	1.13540	51.97387	15.15339	54.13790	85.44313	4.55031	1	1	1
	2	-2	6	1.13540	51.97390	15.15338	54.13790	85.44313	4.55031	1	1	1
	2	-2	-6	1.13540	51.97387	15.15338	54.13790	85.44313	4.55030	1	1	1
	1	3	-1	1.12995	-9.58562	-5.16911	10.89050	85.95471	0.18289	1	1	1
	1	3	1	1.12995	9.58562	5.16911	10.89050	85.95471	0.18289	1	1	1
	-1	-3	1	1.12995	-9.58561	-5.16913	10.89050	85.95471	0.18289	1	1	1
	-1	-3	-1	1.12995	9.58561	5.16913	10.89050	85.95471	0.18289	1	1	1
	-3	-1	-1	1.12995	-9.58561	-5.16913	10.89050	85.95471	0.18289	1	1	1
	-3	-1	1	1.12995	9.58561	5.16913	10.89050	85.95471	0.18289	1	1	1
	3	1	1	1.12995	-9.58562	-5.16911	10.89050	85.95471	0.18289	1	1	1
	3	1	-1	1.12995	9.58562	5.16911	10.89050	85.95471	0.18289	1	1	1
	-4	1	-1	1.12995	-9.58562	-5.16914	10.89050	85.95471	0.18289	1	1	1
	-4	1	1	1.12995	9.58561	5.16913	10.89050	85.95471	0.18289	1	1	1
	-4	3	1	1.12995	-9.58560	-5.16913	10.89050	85.95471	0.18288	1	1	1
	-4	3	-1	1.12995	9.58560	5.16912	10.89050	85.95471	0.18288	1	1	1
	-1	4	-1	1.12995	-9.58562	-5.16911	10.89050	85.95471	0.18289	1	1	1
	-1	4	1	1.12995	9.58562	5.16911	10.89050	85.95471	0.18289	1	1	1
	1	-4	-1	1.12995	9.58561	5.16913	10.89050	85.95471	0.18289	1	1	1
	4	-3	-1	1.12995	-9.58561	-5.16911	10.89050	85.95471	0.18288	1	1	1
	1	-4	1	1.12995	-9.58561	-5.16913	10.89050	85.95471	0.18289	1	1	1
	4	-3	1	1.12995	9.58560	5.16911	10.89050	85.95471	0.18288	1	1	1
	4	-1	-1	1.12995	9.58562	5.16911	10.89050	85.95471	0.18289	1	1	1
	4	-1	1	1.12995	-9.58562	-5.16911	10.89050	85.95471	0.18289	1	1	1
	-3	4	-1	1.12995	9.58561	5.16911	10.89050	85.95471	0.18288	1	1	1
	-3	4	1	1.12995	-9.58560	-5.16911	10.89050	85.95471	0.18288	1	1	1
	3	-4	-1	1.12995	-9.58560	-5.16912	10.89050	85.95471	0.18288	1	1	1
	3	-4	1	1.12995	9.58560	5.16913	10.89050	85.95471	0.18288	1	1	1
	-2	-1	5	1.12637	1.75317	-4.03850	4.40262	86.29450	0.02976	1	1	1
	-2	3	5	1.12637	-1.75317	4.03850	4.40263	86.29450	0.02976	1	1	1
	-1	-2	5	1.12637	-1.75318	4.03849	4.40262	86.29450	0.02976	1	1	1
	-1	-2	-5	1.12637	1.75317	-4.03849	4.40262	86.29450	0.02976	1	1	1
	-2	-1	-5	1.12637	-1.75317	4.03849	4.40261	86.29450	0.02976	1	1	1
	1	2	-5	1.12637	-1.75318	4.03850	4.40263	86.29450	0.02976	1	1	1
	1	2	5	1.12637	1.75319	-4.03850	4.40263	86.29450	0.02976	1	1	1
	2	-3	-5	1.12637	-1.75316	4.03850	4.40262	86.29450	0.02976	1	1	1
	2	1	5	1.12637	-1.75317	4.03851	4.40263	86.29450	0.02976	1	1	1
	2	1	-5	1.12637	1.75317	-4.03850	4.40262	86.29450	0.02976	1	1	1
	-1	3	5	1.12637	1.75318	-4.03851	4.40264	86.29450	0.02976	1	1	1
	1	-3	-5	1.12637	1.75317	-4.03848	4.40261	86.29450	0.02976	1	1	1
	-3	2	-5	1.12637	1.75316	-4.03850	4.40262	86.29450	0.02976	1	1	1
	-3	1	-5	1.12637	-1.75316	4.03848	4.40260	86.29450	0.02976	1	1	1
	3	-2	5	1.12637	1.75317	-4.03850	4.40263	86.29450	0.02976	1	1	1
	3	-1	5	1.12637	-1.75317	4.03852	4.40264	86.29450	0.02976	1	1	1
	-3	1	5	1.12637	1.75317	-4.03848	4.40261	86.29450	0.02976	1	1	1
	-3	2	5	1.12637	-1.75316	4.03849	4.40261	86.29450	0.02976	1	1	1
	2	-3	5	1.12637	1.75316	-4.03848	4.40260	86.29450	0.02976	1	1	1
	-2	3	-5	1.12637	1.75317	-4.03852	4.40264	86.29450	0.02976	1	1	1
	-1	3	-5	1.12637	-1.75317	4.03852	4.40264	86.29450	0.02976	1	1	1
	1	-3	5	1.12637	-1.75317	4.03848	4.40260	86.29450	0.02976	1	1	1
	3	-2	-5	1.12637	-1.75317	4.03851	4.40263	86.29450	0.02976	1	1	1
	3	-1	-5	1.12637	1.75317	-4.03851	4.40263	86.29450	0.02976	1	1	1
	-1	0	-7	1.12282	-22.07818	-5.66691	22.79390	86.63415	0.79428	1	1	1
	-1	1	-7	1.12282	22.07818	5.66690	22.79390	86.63415	0.79428	1	1	1
	-1	0	7	1.12282	22.07819	5.66690	22.79390	86.63415	0.79428	1	1	1
	0	-1	7	1.12282	-22.07817	-5.66690	22.79380	86.63415	0.79428	1	1	1
	0	1	-7	1.12282	-22.07817	-5.66690	22.79380	86.63415	0.79428	1	1	1
	0	-1	-7	1.12282	22.07818	5.66690	22.79390	86.63415	0.79428	1	1	1
	-1	1	7	1.12282	-22.07817	-5.66691	22.79380	86.63415	0.79428	1	1	1
	0	1	7	1.12282	22.07818	5.66691	22.79390	86.63415	0.79428	1	1	1
	1	-1	-7	1.12282	-22.07817	-5.66690	22.79380	86.63415	0.79428	1	1	1
	1	0	-7	1.12282	22.07819	5.66690	22.79390	86.63415	0.79428	1	1	1
	1	-1	7	1.12282	22.07818	5.66691	22.79390	86.63415	0.79428	1	1	1
	1	0	7	1.12282	-22.07818	-5.66690	22.79390	86.63415	0.79428	1	1	1
	3	1	2	1.09886	3.93303	3.38624	5.18992	89.01397	0.04011	1	1	1
	-4	1	-2	1.09886	3.93304	3.38624	5.18993	89.01397	0.04011	1	1	1
	-3	-1	-2	1.09886	3.93303	3.38623	5.18992	89.01397	0.04011	1	1	1
	-1	-3	-2	1.09886	3.93305	3.38626	5.18996	89.01397	0.04011	1	1	1
	-1	-3	2	1.09886	3.93304	3.38623	5.18993	89.01397	0.04011	1	1	1
	1	3	-2	1.09886	3.93304	3.38624	5.18994	89.01397	0.04011	1	1	1
	4	-1	2	1.09886	3.93303	3.38624	5.18993	89.01397	0.04011	1	1	1
	1	3	2	1.09886	3.93306	3.38623	5.18994	89.01397	0.04011	1	1	1
	-3	-1	2	1.09886	3.93304	3.38623	5.18993	89.01397	0.04011	1	1	1
	3	1	-2	1.09886	3.93304	3.38624	5.18993	89.01397	0.04011	1	1	1
	-4	1	2	1.09886	3.93303	3.38623	5.18992	89.01397	0.04011	1	1	1
	-4	3	-2	1.09886	3.93301	3.38623	5.18990	89.01397	0.04011	1	1	1
	-1	4	2	1.09886	3.93305	3.38623	5.18993	89.01397	0.04011	1	1	1
	1	-4	-2	1.09886	3.93304	3.38626	5.18995	89.01397	0.04011	1	1	1
	3	-4	-2	1.09886	3.93300	3.38623	5.18990	89.01397	0.04011	1	1	1
	1	-4	2	1.09886	3.93303	3.38624	5.18992	89.01397	0.04011	1	1	1
	-3	4	2	1.09886	3.93300	3.38622	5.18990	89.01397	0.04011	1	1	1
	-1	4	-2	1.09886	3.93303	3.38623	5.18992	89.01397	0.04011	1	1	1
	-3	4	-2	1.09886	3.93300	3.38623	5.18990	89.01397	0.04011	1	1	1
	-4	3	2	1.09886	3.93300	3.38622	5.18990	89.01397	0.04011	1	1	1
	3	-4	2	1.09886	3.93300	3.38622	5.18990	89.01397	0.04011	1	1	1
	4	-3	-2	1.09886	3.93300	3.38623	5.18990	89.01397	0.04011	1	1	1
	4	-3	2	1.09886	3.93300	3.38623	5.18990	89.01397	0.04011	1	1	1
	4	-1	-2	1.09886	3.93303	3.38624	5.18993	89.01397	0.04011	1	1	1
	-3	-1	-3	1.05230	28.51536	5.66073	29.07180	94.11079	1.21397	1	1	1
	-3	-1	3	1.05230	-28.51535	-5.66074	29.07180	94.11079	1.21397	1	1	1
	-1	-3	-3	1.05230	-28.51538	-5.66073	29.07180	94.11079	1.21398	1	1	1
	-1	-3	3	1.05230	28.51535	5.66074	29.07180	94.11079	1.21397	1	1	1
	1	3	3	1.05230	-28.51537	-5.66074	29.07180	94.11079	1.21398	1	1	1
	1	3	-3	1.05230	28.51536	5.66072	29.07180	94.11079	1.21397	1	1	1
	3	1	-3	1.05230	-28.51536	-5.66072	29.07180	94.11079	1.21397	1	1	1
	3	1	3	1.05230	28.51536	5.66073	29.07180	94.11079	1.21397	1	1	1
	-4	1	-3	1.05230	28.51535	5.66072	29.07180	94.11079	1.21397	1	1	1
	-4	1	3	1.05230	-28.51535	-5.66073	29.07180	94.11079	1.21397	1	1	1
	1	-4	-3	1.05230	-28.51537	-5.66071	29.07180	94.11079	1.21398	1	1	1
	1	-4	3	1.05230	28.51535	5.66072	29.07180	94.11079	1.21397	1	1	1
	3	-4	3	1.05230	-28.51534	-5.66074	29.07180	94.11079	1.21397	1	1	1
	3	-4	-3	1.05230	28.51534	5.66072	29.07180	94.11079	1.21397	1	1	1
	-1	4	-3	1.05230	28.51535	5.66073	29.07180	94.11079	1.21397	1	1	1
	-1	4	3	1.05230	-28.51536	-5.66076	29.07180	94.11079	1.21398	1	1	1
	-3	4	3	1.05230	28.51534	5.66073	29.07180	94.11079	1.21397	1	1	1
	-3	4	-3	1.05230	-28.51535	-5.66071	29.07180	94.11079	1.21397	1	1	1
	-4	3	-3	1.05230	-28.51534	-5.66072	29.07180	94.11079	1.21397	1	1	1
	4	-3	3	1.05230	-28.51534	-5.66073	29.07180	94.11079	1.21397	1	1	1
	4	-1	-3	1.05230	-28.51535	-5.66072	29.07180	94.11079	1.21397	1	1	1
	4	-1	3	1.05230	28.51534	5.66074	29.07180	94.11079	1.21397	1	1	1
	4	-3	-3	1.05230	28.51535	5.66072	29.07180	94.11079	1.21397	1	1	1
	-4	3	3	1.05230	28.51534	5.66073	29.07180	94.11079	1.21397	1	1	1
	0	-3	-5	1.05037	5.24967	1.89655	5.58175	94.33740	0.04471	1	1	1
	0	3	5	1.05037	5.24967	1.89655	5.58175	94.33740	0.04471	1	1	1
	-3	0	-5	1.05037	-5.24969	-1.89656	5.58177	94.33740	0.04471	1	1	1
	3	0	5	1.05037	-5.24969	-1.89656	5.58177	94.33740	0.04471	1	1	1
	-3	0	5	1.05037	5.24969	1.89655	5.58177	94.33740	0.04471	1	1	1
	-3	3	-5	1.05037	5.24969	1.89656	5.58177	94.33740	0.04471	1	1	1
	0	-3	5	1.05037	-5.24967	-1.89655	5.58175	94.33740	0.04471	1	1	1
	-3	3	5	1.05037	-5.24968	-1.89656	5.58176	94.33740	0.04471	1	1	1
	3	-3	5	1.05037	5.24969	1.89655	5.58177	94.33740	0.04471	1	1	1
	3	0	-5	1.05037	5.24969	1.89656	5.58177	94.33740	0.04471	1	1	1
	3	-3	-5	1.05037	-5.24968	-1.89655	5.58176	94.33740	0.04471	1	1	1
	0	3	-5	1.05037	-5.24967	-1.89655	5.58175	94.33740	0.04471	1	1	1
	0	-4	0	1.02841	-15.91494	-3.03907	16.20250	97.01119	0.37393	1	1	1
	0	4	0	1.02841	-15.91494	-3.03909	16.20250	97.01119	0.37393	1	1	1
	-4	0	0	1.02841	-15.91494	-3.03907	16.20250	97.01119	0.37393	1	1	1
	-4	4	0	1.02841	-15.91490	-3.03907	16.20250	97.01119	0.37393	1	1	1
	4	0	0	1.02841	-15.91494	-3.03909	16.20250	97.01119	0.37393	1	1	1
	4	-4	0	1.02841	-15.91490	-3.03907	16.20250	97.01119	0.37393	1	1	1
	-2	-2	-4	1.02660	61.11153	22.76669	65.21460	97.23895	6.05606	1	1	1
	2	2	4	1.02660	61.11153	22.76669	65.21460	97.23895	6.05606	1	1	1
	2	2	-4	1.02660	61.11154	22.76669	65.21460	97.23895	6.05607	1	1	1
	-2	-2	4	1.02660	61.11154	22.76669	65.21460	97.23895	6.05607	1	1	1
	-2	4	-4	1.02660	61.11155	22.76669	65.21460	97.23895	6.05607	1	1	1
	-2	4	4	1.02660	61.11154	22.76669	65.21460	97.23895	6.05607	1	1	1
	-4	2	4	1.02660	61.11154	22.76670	65.21460	97.23895	6.05607	1	1	1
	-4	2	-4	1.02660	61.11152	22.76670	65.21460	97.23895	6.05606	1	1	1
	2	-4	-4	1.02660	61.11154	22.76670	65.21460	97.23895	6.05607	1	1	1
	2	-4	4	1.02660	61.11154	22.76670	65.21460	97.23895	6.05607	1	1	1
	4	-2	4	1.02660	61.11153	22.76668	65.21460	97.23895	6.05606	1	1	1
	4	-2	-4	1.02660	61.11154	22.76668	65.21460	97.23895	6.05607	1	1	1
	-3	1	-6	1.02436	10.95247	1.99546	11.13280	97.52381	0.17643	1	1	1
	-2	-1	-6	1.02436	10.95247	1.99545	11.13280	97.52381	0.17643	1	1	1
	-2	3	6	1.02436	10.95248	1.99544	11.13280	97.52381	0.17643	1	1	1
	-2	-1	6	1.02436	10.95245	1.99545	11.13270	97.52381	0.17643	1	1	1
	-1	-2	-6	1.02436	10.95245	1.99543	11.13270	97.52381	0.17643	1	1	1
	-1	-2	6	1.02436	10.95247	1.99544	11.13280	97.52381	0.17643	1	1	1
	1	2	-6	1.02436	10.95247	1.99544	11.13280	97.52381	0.17643	1	1	1
	2	-3	-6	1.02436	10.95247	1.99546	11.13280	97.52381	0.17643	1	1	1
	1	2	6	1.02436	10.95245	1.99544	11.13270	97.52381	0.17643	1	1	1
	2	1	-6	1.02436	10.95245	1.99544	11.13270	97.52381	0.17643	1	1	1
	2	1	6	1.02436	10.95248	1.99544	11.13280	97.52381	0.17643	1	1	1
	3	-1	6	1.02436	10.95247	1.99543	11.13280	97.52381	0.17643	1	1	1
	-3	2	-6	1.02436	10.95247	1.99544	11.13280	97.52381	0.17643	1	1	1
	-1	3	6	1.02436	10.95246	1.99544	11.13270	97.52381	0.17643	1	1	1
	1	-3	-6	1.02436	10.95245	1.99544	11.13270	97.52381	0.17643	1	1	1
	3	-2	6	1.02436	10.95247	1.99545	11.13280	97.52381	0.17643	1	1	1
	-2	3	-6	1.02436	10.95247	1.99543	11.13280	97.52381	0.17643	1	1	1
	-1	3	-6	1.02436	10.95247	1.99544	11.13280	97.52381	0.17643	1	1	1
	2	-3	6	1.02436	10.95247	1.99546	11.13280	97.52381	0.17643	1	1	1
	1	-3	6	1.02436	10.95247	1.99545	11.13280	97.52381	0.17643	1	1	1
	-3	1	6	1.02436	10.95245	1.99545	11.13270	97.52381	0.17643	1	1	1
	-3	2	6	1.02436	10.95248	1.99545	11.13280	97.52381	0.17643	1	1	1
	3	-2	-6	1.02436	10.95248	1.99544	11.13280	97.52381	0.17643	1	1	1
	3	-1	-6	1.02436	10.95245	1.99543	11.13270	97.52381	0.17643	1	1	1
	0	0	-8	1.02125	44.65214	22.31918	49.91950	97.92294	3.54646	1	1	1
	0	0	8	1.02125	44.65214	22.31918	49.91950	97.92294	3.54646	1	1	1
	-4	0	-1	1.02035	-44.94734	-14.86508	47.34170	98.03870	3.18947	1	1	1
	-4	0	1	1.02035	44.94734	14.86508	47.34170	98.03870	3.18947	1	1	1
	4	0	-1	1.02035	44.94734	14.86511	47.34170	98.03870	3.18947	1	1	1
	4	0	1	1.02035	-44.94733	-14.86511	47.34170	98.03870	3.18947	1	1	1
	0	-4	-1	1.02035	44.94734	14.86511	47.34170	98.03870	3.18948	1	1	1
	0	-4	1	1.02035	-44.94734	-14.86508	47.34170	98.03870	3.18947	1	1	1
	0	4	-1	1.02035	-44.94733	-14.86511	47.34170	98.03870	3.18947	1	1	1
	-4	4	-1	1.02035	44.94736	14.86511	47.34170	98.03870	3.18948	1	1	1
	0	4	1	1.02035	44.94735	14.86509	47.34170	98.03870	3.18948	1	1	1
	-4	4	1	1.02035	-44.94736	-14.86510	47.34170	98.03870	3.18948	1	1	1
	4	-4	-1	1.02035	-44.94736	-14.86510	47.34170	98.03870	3.18948	1	1	1
	4	-4	1	1.02035	44.94736	14.86510	47.34170	98.03870	3.18948	1	1	1
	-2	0	-7	1.01510	-34.35485	-14.60266	37.32950	98.72403	1.98302	1	1	1
	-2	0	7	1.01510	34.35486	14.60266	37.32950	98.72403	1.98302	1	1	1
	-2	2	-7	1.01510	34.35485	14.60265	37.32950	98.72403	1.98302	1	1	1
	-2	2	7	1.01510	-34.35484	-14.60263	37.32950	98.72403	1.98302	1	1	1
	0	-2	7	1.01510	-34.35485	-14.60264	37.32950	98.72403	1.98302	1	1	1
	0	-2	-7	1.01510	34.35485	14.60265	37.32950	98.72403	1.98302	1	1	1
	2	-2	-7	1.01510	-34.35484	-14.60267	37.32950	98.72403	1.98302	1	1	1
	2	-2	7	1.01510	34.35485	14.60265	37.32950	98.72403	1.98302	1	1	1
	0	2	7	1.01510	34.35485	14.60265	37.32950	98.72403	1.98302	1	1	1
	0	2	-7	1.01510	-34.35484	-14.60266	37.32950	98.72403	1.98302	1	1	1
	2	0	-7	1.01510	34.35486	14.60265	37.32950	98.72403	1.98302	1	1	1
	2	0	7	1.01510	-34.35485	-14.60265	37.32950	98.72403	1.98302	1	1	1
	0	-4	-2	0.99729	30.97355	13.83139	33.92150	101.13832	1.64332	1	1	1
	0	-4	2	0.99729	30.97357	13.83138	33.92150	101.13832	1.64332	1	1	1
	0	4	2	0.99729	30.97356	13.83137	33.92150	101.13832	1.64332	1	1	1
	0	4	-2	0.99729	30.97357	13.83139	33.92150	101.13832	1.64332	1	1	1
	-4	0	-2	0.99729	30.97357	13.83139	33.92150	101.13832	1.64332	1	1	1
	-4	0	2	0.99729	30.97357	13.83138	33.92150	101.13832	1.64332	1	1	1
	4	0	-2	0.99729	30.97357	13.83139	33.92150	101.13832	1.64332	1	1	1
	4	0	2	0.99729	30.97357	13.83138	33.92150	101.13832	1.64332	1	1	1
	-4	4	-2	0.99729	30.97353	13.83137	33.92150	101.13832	1.64332	1	1	1
	4	-4	-2	0.99729	30.97352	13.83137	33.92150	101.13832	1.64332	1	1	1
	-4	4	2	0.99729	30.97352	13.83137	33.92150	101.13832	1.64332	1	1	1
	4	-4	2	0.99729	30.97353	13.83137	33.92150	101.13832	1.64332	1	1	1
	-3	-1	-4	0.99605	20.68692	7.87416	22.13480	101.31113	0.70005	1	1	1
	-3	-1	4	0.99605	20.68692	7.87417	22.13480	101.31113	0.70005	1	1	1
	-3	4	4	0.99605	20.68695	7.87417	22.13490	101.31113	0.70005	1	1	1
	-3	4	-4	0.99605	20.68695	7.87417	22.13490	101.31113	0.70005	1	1	1
	1	3	-4	0.99605	20.68692	7.87416	22.13480	101.31113	0.70005	1	1	1
	1	3	4	0.99605	20.68691	7.87416	22.13480	101.31113	0.70005	1	1	1
	-1	-3	4	0.99605	20.68692	7.87417	22.13480	101.31113	0.70005	1	1	1
	-1	-3	-4	0.99605	20.68691	7.87416	22.13480	101.31113	0.70005	1	1	1
	-4	1	-4	0.99605	20.68692	7.87415	22.13480	101.31113	0.70005	1	1	1
	-4	3	-4	0.99605	20.68694	7.87417	22.13490	101.31113	0.70005	1	1	1
	-4	1	4	0.99605	20.68692	7.87417	22.13480	101.31113	0.70005	1	1	1
	3	-4	-4	0.99605	20.68695	7.87418	22.13490	101.31113	0.70005	1	1	1
	3	-4	4	0.99605	20.68695	7.87418	22.13490	101.31113	0.70005	1	1	1
	3	1	-4	0.99605	20.68692	7.87416	22.13480	101.31113	0.70005	1	1	1
	4	-3	4	0.99605	20.68694	7.87417	22.13490	101.31113	0.70005	1	1	1
	3	1	4	0.99605	20.68692	7.87417	22.13480	101.31113	0.70005	1	1	1
	4	-1	-4	0.99605	20.68692	7.87416	22.13480	101.31113	0.70005	1	1	1
	4	-1	4	0.99605	20.68691	7.87418	22.13480	101.31113	0.70005	1	1	1
	-4	3	4	0.99605	20.68694	7.87417	22.13490	101.31113	0.70005	1	1	1
	-1	4	-4	0.99605	20.68692	7.87416	22.13480	101.31113	0.70005	1	1	1
	-1	4	4	0.99605	20.68691	7.87417	22.13480	101.31113	0.70005	1	1	1
	1	-4	-4	0.99605	20.68691	7.87415	22.13480	101.31113	0.70005	1	1	1
	1	-4	4	0.99605	20.68692	7.87417	22.13480	101.31113	0.70005	1	1	1
	4	-3	-4	0.99605	20.68694	7.87417	22.13490	101.31113	0.70005	1	1	1
	-1	0	8	0.99116	28.52172	8.19492	29.67570	102.00342	1.26101	1	1	1
	-1	1	-8	0.99116	28.52172	8.19491	29.67570	102.00342	1.26101	1	1	1
	0	-1	-8	0.99116	28.52173	8.19492	29.67570	102.00342	1.26101	1	1	1
	-1	1	8	0.99116	28.52173	8.19492	29.67570	102.00342	1.26101	1	1	1
	-1	0	-8	0.99116	28.52173	8.19492	29.67570	102.00342	1.26101	1	1	1
	0	-1	8	0.99116	28.52173	8.19492	29.67570	102.00342	1.26101	1	1	1
	0	1	-8	0.99116	28.52173	8.19492	29.67570	102.00342	1.26101	1	1	1
	0	1	8	0.99116	28.52173	8.19492	29.67570	102.00342	1.26101	1	1	1
	1	-1	8	0.99116	28.52172	8.19493	29.67570	102.00342	1.26101	1	1	1
	1	-1	-8	0.99116	28.52173	8.19492	29.67570	102.00342	1.26101	1	1	1
	1	0	-8	0.99116	28.52172	8.19492	29.67570	102.00342	1.26101	1	1	1
	1	0	8	0.99116	28.52173	8.19492	29.67570	102.00342	1.26101	1	1	1
	-3	0	-6	0.96620	16.88639	10.76337	20.02500	105.73546	0.58533	1	1	1
	0	-3	-6	0.96620	16.88639	10.76337	20.02500	105.73546	0.58533	1	1	1
	0	3	6	0.96620	16.88636	10.76343	20.02500	105.73546	0.58533	1	1	1
	3	0	6	0.96620	16.88636	10.76343	20.02500	105.73546	0.58533	1	1	1
	-3	3	-6	0.96620	16.88637	10.76340	20.02500	105.73546	0.58533	1	1	1
	-3	0	6	0.96620	16.88638	10.76337	20.02500	105.73546	0.58533	1	1	1
	0	3	-6	0.96620	16.88637	10.76341	20.02500	105.73546	0.58533	1	1	1
	3	-3	-6	0.96620	16.88637	10.76340	20.02500	105.73546	0.58533	1	1	1
	0	-3	6	0.96620	16.88638	10.76338	20.02500	105.73546	0.58533	1	1	1
	-3	3	6	0.96620	16.88637	10.76339	20.02500	105.73546	0.58533	1	1	1
	3	-3	6	0.96620	16.88637	10.76339	20.02500	105.73546	0.58533	1	1	1
	3	0	-6	0.96620	16.88636	10.76342	20.02500	105.73546	0.58533	1	1	1
	-4	0	-3	0.96209	23.39222	13.81005	27.16460	106.38391	1.08207	1	1	1
	4	0	-3	0.96209	-23.39222	-13.81004	27.16460	106.38391	1.08207	1	1	1
	-4	0	3	0.96209	-23.39222	-13.81003	27.16460	106.38391	1.08207	1	1	1
	4	0	3	0.96209	23.39223	13.81002	27.16460	106.38391	1.08207	1	1	1
	-4	4	3	0.96209	23.39225	13.81005	27.16460	106.38391	1.08207	1	1	1
	0	-4	-3	0.96209	-23.39223	-13.81005	27.16460	106.38391	1.08207	1	1	1
	-4	4	-3	0.96209	-23.39224	-13.81004	27.16460	106.38391	1.08207	1	1	1
	0	-4	3	0.96209	23.39223	13.81003	27.16460	106.38391	1.08207	1	1	1
	0	4	-3	0.96209	23.39222	13.81004	27.16460	106.38391	1.08207	1	1	1
	4	-4	-3	0.96209	23.39225	13.81004	27.16460	106.38391	1.08207	1	1	1
	0	4	3	0.96209	-23.39223	-13.81003	27.16460	106.38391	1.08207	1	1	1
	4	-4	3	0.96209	-23.39224	-13.81005	27.16460	106.38391	1.08207	1	1	1
	2	3	0	0.94373	7.74194	5.91418	9.74244	109.41755	0.14286	1	1	1
	3	2	0	0.94373	7.74194	5.91418	9.74244	109.41755	0.14286	1	1	1
	-5	3	0	0.94373	7.74190	5.91417	9.74241	109.41755	0.14286	1	1	1
	-5	2	0	0.94373	7.74195	5.91417	9.74244	109.41755	0.14286	1	1	1
	-2	5	0	0.94373	7.74193	5.91419	9.74244	109.41755	0.14286	1	1	1
	2	-5	0	0.94373	7.74195	5.91417	9.74244	109.41755	0.14286	1	1	1
	-2	-3	0	0.94373	7.74194	5.91418	9.74244	109.41755	0.14286	1	1	1
	-3	-2	0	0.94373	7.74194	5.91418	9.74244	109.41755	0.14286	1	1	1
	-3	5	0	0.94373	7.74190	5.91416	9.74240	109.41755	0.14286	1	1	1
	3	-5	0	0.94373	7.74190	5.91417	9.74241	109.41755	0.14286	1	1	1
	5	-3	0	0.94373	7.74190	5.91416	9.74240	109.41755	0.14286	1	1	1
	5	-2	0	0.94373	7.74193	5.91419	9.74244	109.41755	0.14286	1	1	1
	-2	1	-8	0.93819	-14.52144	-0.49539	14.52990	110.37897	0.32090	1	1	1
	-1	-1	8	0.93819	-14.52144	-0.49538	14.52990	110.37897	0.32090	1	1	1
	-1	2	-8	0.93819	-14.52144	-0.49537	14.52990	110.37897	0.32090	1	1	1
	-1	-1	-8	0.93819	-14.52144	-0.49539	14.52990	110.37897	0.32090	1	1	1
	-2	1	8	0.93819	-14.52144	-0.49538	14.52990	110.37897	0.32090	1	1	1
	-1	2	8	0.93819	-14.52145	-0.49537	14.52990	110.37897	0.32090	1	1	1
	1	-2	-8	0.93819	-14.52144	-0.49538	14.52990	110.37897	0.32090	1	1	1
	1	1	-8	0.93819	-14.52144	-0.49537	14.52990	110.37897	0.32090	1	1	1
	1	-2	8	0.93819	-14.52144	-0.49538	14.52990	110.37897	0.32090	1	1	1
	1	1	8	0.93819	-14.52144	-0.49537	14.52990	110.37897	0.32090	1	1	1
	2	-1	-8	0.93819	-14.52144	-0.49537	14.52990	110.37897	0.32090	1	1	1
	2	-1	8	0.93819	-14.52144	-0.49537	14.52990	110.37897	0.32090	1	1	1
	-3	-2	-1	0.93750	9.54038	5.77056	11.14980	110.50131	0.18921	1	1	1
	-3	-2	1	0.93750	-9.54038	-5.77056	11.14980	110.50131	0.18921	1	1	1
	-2	-3	-1	0.93750	-9.54038	-5.77056	11.14980	110.50131	0.18921	1	1	1
	-2	-3	1	0.93750	9.54038	5.77056	11.14980	110.50131	0.18921	1	1	1
	-2	5	1	0.93750	-9.54037	-5.77060	11.14980	110.50131	0.18921	1	1	1
	-2	5	-1	0.93750	9.54037	5.77060	11.14980	110.50131	0.18921	1	1	1
	2	3	-1	0.93750	9.54037	5.77057	11.14980	110.50131	0.18921	1	1	1
	2	3	1	0.93750	-9.54037	-5.77057	11.14980	110.50131	0.18921	1	1	1
	2	-5	1	0.93750	9.54039	5.77054	11.14980	110.50131	0.18921	1	1	1
	2	-5	-1	0.93750	-9.54039	-5.77054	11.14980	110.50131	0.18921	1	1	1
	3	2	-1	0.93750	-9.54037	-5.77057	11.14980	110.50131	0.18921	1	1	1
	3	2	1	0.93750	9.54037	5.77057	11.14980	110.50131	0.18921	1	1	1
	-5	2	1	0.93750	-9.54039	-5.77054	11.14980	110.50131	0.18921	1	1	1
	-5	2	-1	0.93750	9.54040	5.77054	11.14980	110.50131	0.18921	1	1	1
	-3	5	-1	0.93750	-9.54039	-5.77057	11.14980	110.50131	0.18921	1	1	1
	-3	5	1	0.93750	9.54039	5.77057	11.14980	110.50131	0.18921	1	1	1
	-5	3	1	0.93750	9.54039	5.77057	11.14980	110.50131	0.18921	1	1	1
	-5	3	-1	0.93750	-9.54039	-5.77057	11.14980	110.50131	0.18921	1	1	1
	3	-5	-1	0.93750	9.54039	5.77057	11.14980	110.50131	0.18921	1	1	1
	3	-5	1	0.93750	-9.54039	-5.77057	11.14980	110.50131	0.18921	1	1	1
	5	-3	-1	0.93750	9.54038	5.77057	11.14980	110.50131	0.18921	1	1	1
	5	-2	-1	0.93750	-9.54037	-5.77060	11.14980	110.50131	0.18921	1	1	1
	5	-3	1	0.93750	-9.54039	-5.77057	11.14980	110.50131	0.18921	1	1	1
	5	-2	1	0.93750	9.54037	5.77060	11.14980	110.50131	0.18921	1	1	1
	-1	-3	-5	0.93545	0.36064	4.48257	4.49705	110.86367	0.03090	1	1	1
	-1	-3	5	0.93545	-0.36063	-4.48257	4.49705	110.86367	0.03090	1	1	1
	-3	-1	-5	0.93545	-0.36063	-4.48256	4.49705	110.86367	0.03090	1	1	1
	1	3	-5	0.93545	-0.36063	-4.48257	4.49705	110.86367	0.03090	1	1	1
	1	3	5	0.93545	0.36063	4.48258	4.49706	110.86367	0.03090	1	1	1
	3	1	5	0.93545	-0.36062	-4.48258	4.49706	110.86367	0.03090	1	1	1
	-4	1	5	0.93545	0.36063	4.48258	4.49707	110.86367	0.03090	1	1	1
	-4	3	-5	0.93545	0.36062	4.48257	4.49705	110.86367	0.03090	1	1	1
	-3	-1	5	0.93545	0.36062	4.48258	4.49706	110.86367	0.03090	1	1	1
	-4	3	5	0.93545	-0.36062	-4.48257	4.49705	110.86367	0.03090	1	1	1
	-4	1	-5	0.93545	-0.36064	-4.48257	4.49706	110.86367	0.03090	1	1	1
	-3	4	-5	0.93545	0.36062	4.48256	4.49704	110.86367	0.03090	1	1	1
	-3	4	5	0.93545	-0.36062	-4.48255	4.49704	110.86367	0.03090	1	1	1
	-1	4	-5	0.93545	-0.36064	-4.48257	4.49705	110.86367	0.03090	1	1	1
	1	-4	-5	0.93545	0.36064	4.48259	4.49707	110.86367	0.03090	1	1	1
	-1	4	5	0.93545	0.36064	4.48256	4.49704	110.86367	0.03090	1	1	1
	3	-4	5	0.93545	0.36061	4.48257	4.49705	110.86367	0.03090	1	1	1
	3	1	-5	0.93545	0.36063	4.48257	4.49705	110.86367	0.03090	1	1	1
	3	-4	-5	0.93545	-0.36062	-4.48258	4.49706	110.86367	0.03090	1	1	1
	1	-4	5	0.93545	-0.36063	-4.48257	4.49706	110.86367	0.03090	1	1	1
	4	-3	-5	0.93545	-0.36062	-4.48257	4.49705	110.86367	0.03090	1	1	1
	4	-3	5	0.93545	0.36062	4.48257	4.49705	110.86367	0.03090	1	1	1
	4	-1	5	0.93545	-0.36063	-4.48257	4.49706	110.86367	0.03090	1	1	1
	4	-1	-5	0.93545	0.36063	4.48256	4.49704	110.86367	0.03090	1	1	1
	-3	1	-7	0.93341	-14.30043	-4.27160	14.92480	111.22690	0.34173	1	1	1
	-3	2	-7	0.93341	14.30043	4.27161	14.92480	111.22690	0.34173	1	1	1
	-1	3	7	0.93341	14.30041	4.27163	14.92480	111.22690	0.34173	1	1	1
	-2	3	7	0.93341	-14.30042	-4.27162	14.92480	111.22690	0.34173	1	1	1
	1	-3	-7	0.93341	14.30043	4.27159	14.92480	111.22690	0.34173	1	1	1
	2	-3	-7	0.93341	-14.30043	-4.27160	14.92480	111.22690	0.34173	1	1	1
	3	-2	7	0.93341	14.30043	4.27162	14.92480	111.22690	0.34173	1	1	1
	3	-1	7	0.93341	-14.30041	-4.27162	14.92480	111.22690	0.34173	1	1	1
	-3	1	7	0.93341	14.30043	4.27161	14.92480	111.22690	0.34173	1	1	1
	-2	-1	7	0.93341	14.30042	4.27161	14.92480	111.22690	0.34173	1	1	1
	-2	3	-7	0.93341	14.30043	4.27160	14.92480	111.22690	0.34173	1	1	1
	-2	-1	-7	0.93341	-14.30043	-4.27159	14.92480	111.22690	0.34173	1	1	1
	-3	2	7	0.93341	-14.30043	-4.27161	14.92480	111.22690	0.34173	1	1	1
	1	2	7	0.93341	14.30040	4.27162	14.92480	111.22690	0.34173	1	1	1
	2	-3	7	0.93341	14.30042	4.27162	14.92480	111.22690	0.34173	1	1	1
	2	1	7	0.93341	-14.30041	-4.27163	14.92480	111.22690	0.34173	1	1	1
	2	1	-7	0.93341	14.30042	4.27160	14.92480	111.22690	0.34173	1	1	1
	1	-3	7	0.93341	-14.30043	-4.27161	14.92480	111.22690	0.34173	1	1	1
	1	2	-7	0.93341	-14.30042	-4.27162	14.92480	111.22690	0.34173	1	1	1
	-1	3	-7	0.93341	-14.30043	-4.27161	14.92480	111.22690	0.34173	1	1	1
	-1	-2	7	0.93341	-14.30042	-4.27160	14.92480	111.22690	0.34173	1	1	1
	-1	-2	-7	0.93341	14.30041	4.27159	14.92480	111.22690	0.34173	1	1	1
	3	-2	-7	0.93341	-14.30043	-4.27162	14.92480	111.22690	0.34173	1	1	1
	3	-1	-7	0.93341	14.30042	4.27161	14.92480	111.22690	0.34173	1	1	1
	-2	-3	-2	0.91951	6.26249	4.54142	7.73585	113.80124	0.09473	1	1	1
	2	-5	-2	0.91951	6.26250	4.54144	7.73586	113.80124	0.09473	1	1	1
	-2	5	2	0.91951	6.26252	4.54139	7.73585	113.80124	0.09473	1	1	1
	2	3	2	0.91951	6.26250	4.54139	7.73583	113.80124	0.09473	1	1	1
	-3	5	-2	0.91951	6.26253	4.54141	7.73587	113.80124	0.09473	1	1	1
	-3	5	2	0.91951	6.26254	4.54142	7.73588	113.80124	0.09473	1	1	1
	-2	5	-2	0.91951	6.26251	4.54140	7.73585	113.80124	0.09473	1	1	1
	-2	-3	2	0.91951	6.26250	4.54141	7.73585	113.80124	0.09473	1	1	1
	3	-5	-2	0.91951	6.26253	4.54144	7.73589	113.80124	0.09473	1	1	1
	3	-5	2	0.91951	6.26252	4.54143	7.73588	113.80124	0.09473	1	1	1
	2	3	-2	0.91951	6.26250	4.54141	7.73584	113.80124	0.09473	1	1	1
	2	-5	2	0.91951	6.26250	4.54143	7.73585	113.80124	0.09473	1	1	1
	-5	2	-2	0.91951	6.26250	4.54144	7.73586	113.80124	0.09473	1	1	1
	-3	-2	2	0.91951	6.26250	4.54142	7.73585	113.80124	0.09473	1	1	1
	-3	-2	-2	0.91951	6.26250	4.54142	7.73585	113.80124	0.09473	1	1	1
	3	2	-2	0.91951	6.26250	4.54141	7.73584	113.80124	0.09473	1	1	1
	3	2	2	0.91951	6.26250	4.54140	7.73584	113.80124	0.09473	1	1	1
	5	-2	2	0.91951	6.26251	4.54139	7.73584	113.80124	0.09473	1	1	1
	-5	3	-2	0.91951	6.26253	4.54143	7.73589	113.80124	0.09473	1	1	1
	-5	2	2	0.91951	6.26250	4.54143	7.73586	113.80124	0.09473	1	1	1
	5	-3	2	0.91951	6.26253	4.54142	7.73588	113.80124	0.09473	1	1	1
	5	-2	-2	0.91951	6.26251	4.54140	7.73585	113.80124	0.09473	1	1	1
	5	-3	-2	0.91951	6.26253	4.54142	7.73587	113.80124	0.09473	1	1	1
	-5	3	2	0.91951	6.26252	4.54143	7.73588	113.80124	0.09473	1	1	1
	-4	0	-4	0.91854	-6.00594	-2.59365	6.54204	113.98663	0.06791	1	1	1
	4	0	4	0.91854	-6.00595	-2.59364	6.54205	113.98663	0.06791	1	1	1
	-4	4	4	0.91854	-6.00593	-2.59364	6.54203	113.98663	0.06791	1	1	1
	0	-4	-4	0.91854	-6.00596	-2.59364	6.54206	113.98663	0.06791	1	1	1
	0	4	-4	0.91854	-6.00596	-2.59365	6.54207	113.98663	0.06791	1	1	1
	0	-4	4	0.91854	-6.00597	-2.59365	6.54207	113.98663	0.06791	1	1	1
	-4	0	4	0.91854	-6.00596	-2.59364	6.54206	113.98663	0.06791	1	1	1
	-4	4	-4	0.91854	-6.00593	-2.59364	6.54203	113.98663	0.06791	1	1	1
	0	4	4	0.91854	-6.00595	-2.59365	6.54206	113.98663	0.06791	1	1	1
	4	-4	-4	0.91854	-6.00593	-2.59363	6.54202	113.98663	0.06791	1	1	1
	4	-4	4	0.91854	-6.00593	-2.59363	6.54203	113.98663	0.06791	1	1	1
	4	0	-4	0.91854	-6.00595	-2.59366	6.54206	113.98663	0.06791	1	1	1
	-2	0	-8	0.91470	0.70004	-2.40974	2.50937	114.73090	0.01009	1	1	1
	-2	2	8	0.91470	0.70003	-2.40974	2.50936	114.73090	0.01009	1	1	1
	0	-2	-8	0.91470	0.70005	-2.40974	2.50937	114.73090	0.01009	1	1	1
	-2	2	-8	0.91470	0.70003	-2.40974	2.50936	114.73090	0.01009	1	1	1
	-2	0	8	0.91470	0.70004	-2.40974	2.50936	114.73090	0.01009	1	1	1
	0	-2	8	0.91470	0.70003	-2.40974	2.50936	114.73090	0.01009	1	1	1
	0	2	-8	0.91470	0.70003	-2.40974	2.50937	114.73090	0.01009	1	1	1
	2	-2	-8	0.91470	0.70003	-2.40975	2.50937	114.73090	0.01009	1	1	1
	0	2	8	0.91470	0.70005	-2.40974	2.50937	114.73090	0.01009	1	1	1
	2	-2	8	0.91470	0.70003	-2.40975	2.50937	114.73090	0.01009	1	1	1
	2	0	-8	0.91470	0.70005	-2.40974	2.50936	114.73090	0.01009	1	1	1
	2	0	8	0.91470	0.70004	-2.40974	2.50936	114.73090	0.01009	1	1	1
	-5	1	0	0.89767	13.79291	0.62587	13.80710	118.21021	0.32181	1	1	1
	-4	-1	0	0.89767	13.79291	0.62589	13.80710	118.21021	0.32181	1	1	1
	-1	5	0	0.89767	13.79291	0.62589	13.80710	118.21021	0.32181	1	1	1
	-1	-4	0	0.89767	13.79291	0.62589	13.80710	118.21021	0.32181	1	1	1
	4	1	0	0.89767	13.79291	0.62587	13.80710	118.21021	0.32181	1	1	1
	5	-1	0	0.89767	13.79291	0.62589	13.80710	118.21021	0.32181	1	1	1
	1	4	0	0.89767	13.79291	0.62587	13.80710	118.21021	0.32181	1	1	1
	1	-5	0	0.89767	13.79291	0.62587	13.80710	118.21021	0.32181	1	1	1
	-5	4	0	0.89767	13.79290	0.62590	13.80710	118.21021	0.32181	1	1	1
	-4	5	0	0.89767	13.79291	0.62586	13.80710	118.21021	0.32181	1	1	1
	5	-4	0	0.89767	13.79291	0.62586	13.80710	118.21021	0.32181	1	1	1
	4	-5	0	0.89767	13.79290	0.62590	13.80710	118.21021	0.32181	1	1	1
	-4	2	-6	0.89497	-33.89691	-10.87350	35.59820	118.78884	2.15938	1	1	1
	-4	2	6	0.89497	-33.89692	-10.87349	35.59820	118.78884	2.15938	1	1	1
	-2	-2	6	0.89497	-33.89692	-10.87349	35.59820	118.78884	2.15938	1	1	1
	-2	-2	-6	0.89497	-33.89691	-10.87349	35.59820	118.78884	2.15938	1	1	1
	-2	4	6	0.89497	-33.89692	-10.87348	35.59820	118.78884	2.15938	1	1	1
	2	-4	-6	0.89497	-33.89691	-10.87349	35.59820	118.78884	2.15938	1	1	1
	2	2	-6	0.89497	-33.89692	-10.87348	35.59820	118.78884	2.15938	1	1	1
	4	-2	-6	0.89497	-33.89692	-10.87348	35.59820	118.78884	2.15938	1	1	1
	2	2	6	0.89497	-33.89692	-10.87348	35.59820	118.78884	2.15938	1	1	1
	4	-2	6	0.89497	-33.89693	-10.87347	35.59820	118.78884	2.15938	1	1	1
	-2	4	-6	0.89497	-33.89692	-10.87348	35.59820	118.78884	2.15938	1	1	1
	2	-4	6	0.89497	-33.89692	-10.87349	35.59820	118.78884	2.15938	1	1	1
	-1	-4	-1	0.89230	-3.94409	-1.72616	4.30528	119.37257	0.03189	1	1	1
	-1	-4	1	0.89230	3.94407	1.72615	4.30526	119.37257	0.03189	1	1	1
	-1	5	-1	0.89230	3.94408	1.72615	4.30527	119.37257	0.03189	1	1	1
	1	-5	-1	0.89230	-3.94408	-1.72615	4.30527	119.37257	0.03189	1	1	1
	-1	5	1	0.89230	-3.94408	-1.72615	4.30527	119.37257	0.03189	1	1	1
	1	-5	1	0.89230	3.94408	1.72615	4.30527	119.37257	0.03189	1	1	1
	1	4	-1	0.89230	3.94407	1.72615	4.30526	119.37257	0.03189	1	1	1
	1	4	1	0.89230	-3.94409	-1.72615	4.30528	119.37257	0.03189	1	1	1
	-5	1	-1	0.89230	3.94408	1.72615	4.30527	119.37257	0.03189	1	1	1
	-5	1	1	0.89230	-3.94408	-1.72615	4.30527	119.37257	0.03189	1	1	1
	-4	-1	-1	0.89230	3.94407	1.72615	4.30526	119.37257	0.03189	1	1	1
	-4	-1	1	0.89230	-3.94407	-1.72615	4.30526	119.37257	0.03189	1	1	1
	4	1	1	0.89230	3.94407	1.72615	4.30526	119.37257	0.03189	1	1	1
	4	1	-1	0.89230	-3.94407	-1.72615	4.30526	119.37257	0.03189	1	1	1
	5	-1	-1	0.89230	-3.94408	-1.72615	4.30527	119.37257	0.03189	1	1	1
	5	-1	1	0.89230	3.94408	1.72615	4.30527	119.37257	0.03189	1	1	1
	-5	4	-1	0.89230	-3.94405	-1.72614	4.30524	119.37257	0.03189	1	1	1
	-5	4	1	0.89230	3.94405	1.72614	4.30524	119.37257	0.03189	1	1	1
	-4	5	-1	0.89230	-3.94405	-1.72614	4.30524	119.37257	0.03189	1	1	1
	-4	5	1	0.89230	3.94405	1.72614	4.30524	119.37257	0.03189	1	1	1
	4	-5	1	0.89230	-3.94405	-1.72614	4.30524	119.37257	0.03189	1	1	1
	4	-5	-1	0.89230	3.94405	1.72614	4.30524	119.37257	0.03189	1	1	1
	5	-4	-1	0.89230	3.94405	1.72614	4.30524	119.37257	0.03189	1	1	1
	5	-4	1	0.89230	-3.94405	-1.72614	4.30524	119.37257	0.03189	1	1	1
	-2	-3	3	0.89171	-23.96059	-6.18976	24.74720	119.50232	1.05602	1	1	1
	-2	-3	-3	0.89171	23.96059	6.18975	24.74720	119.50232	1.05601	1	1	1
	2	3	-3	0.89171	-23.96058	-6.18979	24.74720	119.50232	1.05602	1	1	1
	2	3	3	0.89171	23.96057	6.18980	24.74720	119.50232	1.05601	1	1	1
	-3	5	3	0.89171	-23.96060	-6.18981	24.74720	119.50232	1.05602	1	1	1
	-2	5	-3	0.89171	-23.96058	-6.18981	24.74720	119.50232	1.05602	1	1	1
	2	-5	-3	0.89171	23.96061	6.18975	24.74720	119.50232	1.05602	1	1	1
	-2	5	3	0.89171	23.96059	6.18981	24.74720	119.50232	1.05602	1	1	1
	3	-5	3	0.89171	23.96060	6.18976	24.74720	119.50232	1.05602	1	1	1
	3	2	-3	0.89171	23.96058	6.18979	24.74720	119.50232	1.05602	1	1	1
	3	-5	-3	0.89171	-23.96061	-6.18976	24.74720	119.50232	1.05602	1	1	1
	2	-5	3	0.89171	-23.96061	-6.18975	24.74720	119.50232	1.05602	1	1	1
	-5	3	3	0.89171	-23.96060	-6.18977	24.74720	119.50232	1.05602	1	1	1
	-3	-2	-3	0.89171	-23.96059	-6.18976	24.74720	119.50232	1.05602	1	1	1
	-3	5	-3	0.89171	23.96059	6.18979	24.74720	119.50232	1.05602	1	1	1
	-3	-2	3	0.89171	23.96059	6.18976	24.74720	119.50232	1.05602	1	1	1
	-5	2	3	0.89171	23.96061	6.18975	24.74720	119.50232	1.05602	1	1	1
	-5	3	-3	0.89171	23.96060	6.18977	24.74720	119.50232	1.05602	1	1	1
	-5	2	-3	0.89171	-23.96061	-6.18974	24.74720	119.50232	1.05602	1	1	1
	3	2	3	0.89171	-23.96058	-6.18979	24.74720	119.50232	1.05602	1	1	1
	5	-3	-3	0.89171	-23.96060	-6.18979	24.74720	119.50232	1.05602	1	1	1
	5	-3	3	0.89171	23.96060	6.18979	24.74720	119.50232	1.05602	1	1	1
	5	-2	3	0.89171	-23.96058	-6.18982	24.74720	119.50232	1.05602	1	1	1
	5	-2	-3	0.89171	23.96058	6.18981	24.74720	119.50232	1.05602	1	1	1
	-3	3	-7	0.88877	-3.94142	-1.73351	4.30579	120.15362	0.03233	1	1	1
	-3	3	7	0.88877	3.94141	1.73351	4.30579	120.15362	0.03233	1	1	1
	-3	0	7	0.88877	-3.94142	-1.73352	4.30579	120.15362	0.03233	1	1	1
	-3	0	-7	0.88877	3.94140	1.73350	4.30577	120.15362	0.03232	1	1	1
	0	-3	-7	0.88877	-3.94141	-1.73350	4.30578	120.15362	0.03232	1	1	1
	0	-3	7	0.88877	3.94141	1.73351	4.30579	120.15362	0.03233	1	1	1
	0	3	-7	0.88877	3.94141	1.73352	4.30579	120.15362	0.03233	1	1	1
	3	-3	-7	0.88877	3.94141	1.73352	4.30579	120.15362	0.03233	1	1	1
	0	3	7	0.88877	-3.94141	-1.73352	4.30578	120.15362	0.03232	1	1	1
	3	-3	7	0.88877	-3.94142	-1.73352	4.30579	120.15362	0.03233	1	1	1
	3	0	-7	0.88877	-3.94142	-1.73351	4.30579	120.15362	0.03233	1	1	1
	3	0	7	0.88877	3.94140	1.73352	4.30578	120.15362	0.03232	1	1	1
	-1	0	-9	0.88645	15.92927	5.06164	16.71410	120.67776	0.49154	1	1	1
	-1	1	-9	0.88645	-15.92928	-5.06165	16.71410	120.67776	0.49154	1	1	1
	-1	0	9	0.88645	-15.92927	-5.06166	16.71410	120.67776	0.49154	1	1	1
	-1	1	9	0.88645	15.92926	5.06167	16.71410	120.67776	0.49154	1	1	1
	0	-1	9	0.88645	15.92927	5.06167	16.71410	120.67776	0.49154	1	1	1
	0	-1	-9	0.88645	-15.92929	-5.06166	16.71410	120.67776	0.49154	1	1	1
	1	-1	-9	0.88645	15.92927	5.06164	16.71410	120.67776	0.49154	1	1	1
	1	0	-9	0.88645	-15.92927	-5.06165	16.71410	120.67776	0.49154	1	1	1
	0	1	9	0.88645	-15.92929	-5.06166	16.71410	120.67776	0.49154	1	1	1
	0	1	-9	0.88645	15.92927	5.06164	16.71410	120.67776	0.49154	1	1	1
	1	-1	9	0.88645	-15.92928	-5.06166	16.71410	120.67776	0.49154	1	1	1
	1	0	9	0.88645	15.92927	5.06167	16.71410	120.67776	0.49154	1	1	1
	-1	-4	-2	0.87675	32.31464	10.75235	34.05660	122.94426	2.12672	1	1	1
	-4	-1	-2	0.87675	32.31465	10.75236	34.05660	122.94426	2.12672	1	1	1
	-1	5	2	0.87675	32.31463	10.75240	34.05660	122.94426	2.12672	1	1	1
	1	-5	-2	0.87675	32.31464	10.75236	34.05660	122.94426	2.12672	1	1	1
	-1	5	-2	0.87675	32.31464	10.75239	34.05660	122.94426	2.12672	1	1	1
	-1	-4	2	0.87675	32.31464	10.75237	34.05660	122.94426	2.12672	1	1	1
	1	-5	2	0.87675	32.31464	10.75237	34.05660	122.94426	2.12672	1	1	1
	1	4	-2	0.87675	32.31463	10.75239	34.05660	122.94426	2.12672	1	1	1
	1	4	2	0.87675	32.31462	10.75241	34.05660	122.94426	2.12672	1	1	1
	4	1	2	0.87675	32.31462	10.75241	34.05660	122.94426	2.12672	1	1	1
	-5	1	-2	0.87675	32.31464	10.75236	34.05660	122.94426	2.12672	1	1	1
	4	1	-2	0.87675	32.31463	10.75239	34.05660	122.94426	2.12672	1	1	1
	5	-1	-2	0.87675	32.31464	10.75239	34.05660	122.94426	2.12672	1	1	1
	-4	-1	2	0.87675	32.31464	10.75237	34.05660	122.94426	2.12672	1	1	1
	-5	1	2	0.87675	32.31464	10.75237	34.05660	122.94426	2.12672	1	1	1
	5	-1	2	0.87675	32.31464	10.75240	34.05660	122.94426	2.12672	1	1	1
	-4	5	2	0.87675	32.31464	10.75240	34.05660	122.94426	2.12672	1	1	1
	4	-5	-2	0.87675	32.31465	10.75237	34.05660	122.94426	2.12672	1	1	1
	5	-4	-2	0.87675	32.31464	10.75240	34.05660	122.94426	2.12672	1	1	1
	4	-5	2	0.87675	32.31465	10.75236	34.05660	122.94426	2.12672	1	1	1
	-5	4	2	0.87675	32.31465	10.75237	34.05660	122.94426	2.12672	1	1	1
	-4	5	-2	0.87675	32.31463	10.75240	34.05660	122.94426	2.12672	1	1	1
	-5	4	-2	0.87675	32.31465	10.75236	34.05660	122.94426	2.12672	1	1	1
	5	-4	2	0.87675	32.31463	10.75240	34.05660	122.94426	2.12672	1	1	1
	-3	-1	-6	0.87452	11.80064	3.36834	12.27200	123.48454	0.27900	1	1	1
	-1	-3	-6	0.87452	11.80064	3.36834	12.27200	123.48454	0.27900	1	1	1
	3	1	6	0.87452	11.80065	3.36834	12.27200	123.48454	0.27900	1	1	1
	1	3	6	0.87452	11.80065	3.36833	12.27200	123.48454	0.27900	1	1	1
	-4	3	-6	0.87452	11.80062	3.36833	12.27190	123.48454	0.27900	1	1	1
	-4	3	6	0.87452	11.80062	3.36833	12.27190	123.48454	0.27900	1	1	1
	-4	1	6	0.87452	11.80064	3.36833	12.27190	123.48454	0.27900	1	1	1
	-4	1	-6	0.87452	11.80063	3.36835	12.27190	123.48454	0.27900	1	1	1
	-1	4	-6	0.87452	11.80064	3.36834	12.27200	123.48454	0.27900	1	1	1
	-1	4	6	0.87452	11.80066	3.36834	12.27200	123.48454	0.27900	1	1	1
	1	-4	6	0.87452	11.80064	3.36834	12.27200	123.48454	0.27900	1	1	1
	1	-4	-6	0.87452	11.80066	3.36835	12.27200	123.48454	0.27900	1	1	1
	-3	4	6	0.87452	11.80062	3.36834	12.27190	123.48454	0.27900	1	1	1
	-1	-3	6	0.87452	11.80063	3.36834	12.27190	123.48454	0.27900	1	1	1
	-3	4	-6	0.87452	11.80062	3.36834	12.27190	123.48454	0.27900	1	1	1
	-3	-1	6	0.87452	11.80064	3.36833	12.27200	123.48454	0.27900	1	1	1
	1	3	-6	0.87452	11.80063	3.36834	12.27190	123.48454	0.27900	1	1	1
	3	-4	-6	0.87452	11.80062	3.36832	12.27190	123.48454	0.27900	1	1	1
	3	-4	6	0.87452	11.80062	3.36832	12.27190	123.48454	0.27900	1	1	1
	4	-3	-6	0.87452	11.80062	3.36833	12.27190	123.48454	0.27900	1	1	1
	3	1	-6	0.87452	11.80064	3.36835	12.27200	123.48454	0.27900	1	1	1
	4	-3	6	0.87452	11.80062	3.36833	12.27190	123.48454	0.27900	1	1	1
	4	-1	-6	0.87452	11.80064	3.36834	12.27200	123.48454	0.27900	1	1	1
	4	-1	6	0.87452	11.80064	3.36833	12.27200	123.48454	0.27900	1	1	1
	0	-4	-5	0.87037	39.84354	13.81885	42.17190	124.50877	3.36103	1	1	1
	0	4	5	0.87037	39.84354	13.81887	42.17190	124.50877	3.36103	1	1	1
	-4	4	5	0.87037	-39.84356	-13.81887	42.17190	124.50877	3.36103	1	1	1
	0	-4	5	0.87037	-39.84355	-13.81885	42.17190	124.50877	3.36103	1	1	1
	4	-4	-5	0.87037	-39.84356	-13.81886	42.17190	124.50877	3.36103	1	1	1
	0	4	-5	0.87037	-39.84354	-13.81887	42.17190	124.50877	3.36103	1	1	1
	-4	0	5	0.87037	39.84355	13.81884	42.17190	124.50877	3.36103	1	1	1
	-4	4	-5	0.87037	39.84356	13.81886	42.17190	124.50877	3.36103	1	1	1
	-4	0	-5	0.87037	-39.84354	-13.81886	42.17190	124.50877	3.36103	1	1	1
	4	-4	5	0.87037	39.84356	13.81887	42.17190	124.50877	3.36103	1	1	1
	4	0	-5	0.87037	39.84354	13.81887	42.17190	124.50877	3.36103	1	1	1
	4	0	5	0.87037	-39.84355	-13.81885	42.17190	124.50877	3.36103	1	1	1
	-2	-3	4	0.85670	12.76912	5.82719	14.03590	128.09085	0.40101	1	1	1
	-2	5	-4	0.85670	12.76911	5.82721	14.03590	128.09085	0.40101	1	1	1
	2	-5	4	0.85670	12.76912	5.82717	14.03590	128.09085	0.40101	1	1	1
	-2	5	4	0.85670	12.76910	5.82720	14.03590	128.09085	0.40101	1	1	1
	2	3	-4	0.85670	12.76911	5.82719	14.03590	128.09085	0.40101	1	1	1
	3	-5	-4	0.85670	12.76908	5.82716	14.03590	128.09085	0.40101	1	1	1
	2	3	4	0.85670	12.76911	5.82720	14.03590	128.09085	0.40101	1	1	1
	2	-5	-4	0.85670	12.76911	5.82717	14.03590	128.09085	0.40101	1	1	1
	-3	-2	4	0.85670	12.76912	5.82719	14.03590	128.09085	0.40101	1	1	1
	-3	5	-4	0.85670	12.76909	5.82718	14.03590	128.09085	0.40101	1	1	1
	-2	-3	-4	0.85670	12.76911	5.82718	14.03590	128.09085	0.40101	1	1	1
	-3	5	4	0.85670	12.76907	5.82718	14.03590	128.09085	0.40101	1	1	1
	-5	2	-4	0.85670	12.76912	5.82717	14.03590	128.09085	0.40101	1	1	1
	-3	-2	-4	0.85670	12.76912	5.82719	14.03590	128.09085	0.40101	1	1	1
	3	-5	4	0.85670	12.76909	5.82717	14.03590	128.09085	0.40101	1	1	1
	3	2	-4	0.85670	12.76911	5.82719	14.03590	128.09085	0.40101	1	1	1
	3	2	4	0.85670	12.76912	5.82720	14.03590	128.09085	0.40101	1	1	1
	5	-2	4	0.85670	12.76910	5.82720	14.03590	128.09085	0.40101	1	1	1
	-5	2	4	0.85670	12.76912	5.82718	14.03590	128.09085	0.40101	1	1	1
	5	-3	4	0.85670	12.76908	5.82718	14.03590	128.09085	0.40101	1	1	1
	5	-2	-4	0.85670	12.76911	5.82720	14.03590	128.09085	0.40101	1	1	1
	-5	3	4	0.85670	12.76909	5.82717	14.03590	128.09085	0.40101	1	1	1
	-5	3	-4	0.85670	12.76908	5.82716	14.03590	128.09085	0.40101	1	1	1
	5	-3	-4	0.85670	12.76909	5.82718	14.03590	128.09085	0.40101	1	1	1
	-1	3	8	0.85358	24.96577	8.95114	26.52190	128.95750	1.45931	1	1	1
	-1	-2	-8	0.85358	24.96578	8.95111	26.52190	128.95750	1.45931	1	1	1
	-1	-2	8	0.85358	24.96577	8.95112	26.52190	128.95750	1.45931	1	1	1
	-2	3	-8	0.85358	24.96577	8.95112	26.52190	128.95750	1.45931	1	1	1
	-2	3	8	0.85358	24.96577	8.95113	26.52190	128.95750	1.45931	1	1	1
	3	-2	-8	0.85358	24.96576	8.95112	26.52190	128.95750	1.45931	1	1	1
	3	-2	8	0.85358	24.96575	8.95112	26.52190	128.95750	1.45931	1	1	1
	2	1	8	0.85358	24.96577	8.95114	26.52190	128.95750	1.45931	1	1	1
	2	1	-8	0.85358	24.96577	8.95113	26.52190	128.95750	1.45931	1	1	1
	2	-3	8	0.85358	24.96576	8.95113	26.52190	128.95750	1.45931	1	1	1
	2	-3	-8	0.85358	24.96577	8.95112	26.52190	128.95750	1.45931	1	1	1
	1	-3	8	0.85358	24.96577	8.95112	26.52190	128.95750	1.45931	1	1	1
	1	-3	-8	0.85358	24.96578	8.95112	26.52190	128.95750	1.45931	1	1	1
	1	2	8	0.85358	24.96577	8.95114	26.52190	128.95750	1.45931	1	1	1
	1	2	-8	0.85358	24.96577	8.95113	26.52190	128.95750	1.45931	1	1	1
	3	-1	8	0.85358	24.96577	8.95114	26.52190	128.95750	1.45931	1	1	1
	3	-1	-8	0.85358	24.96576	8.95112	26.52190	128.95750	1.45931	1	1	1
	-3	1	-8	0.85358	24.96578	8.95112	26.52190	128.95750	1.45931	1	1	1
	-2	-1	8	0.85358	24.96577	8.95113	26.52190	128.95750	1.45931	1	1	1
	-2	-1	-8	0.85358	24.96578	8.95112	26.52190	128.95750	1.45931	1	1	1
	-3	1	8	0.85358	24.96577	8.95112	26.52190	128.95750	1.45931	1	1	1
	-1	3	-8	0.85358	24.96577	8.95113	26.52190	128.95750	1.45931	1	1	1
	-3	2	-8	0.85358	24.96576	8.95111	26.52190	128.95750	1.45931	1	1	1
	-3	2	8	0.85358	24.96576	8.95112	26.52190	128.95750	1.45931	1	1	1
