# 	h	k	l	d (Å)	F(real)		F(imag)		|F|			2θ			I			M	ID(λ)	Phase
	-1	-1	-1	3.43812	-19.07951	-62.18138	65.04270	25.89355	10.91958	1	1	1
	-1	-1	1	3.43812	-22.84602	78.03413	81.30970	25.89355	17.06451	1	1	1
	-1	1	1	3.43812	-19.07951	-62.18138	65.04270	25.89355	10.91958	1	1	1
	-1	1	-1	3.43812	-22.84602	78.03413	81.30970	25.89355	17.06451	1	1	1
	1	-1	-1	3.43812	-22.84602	78.03413	81.30970	25.89355	17.06451	1	1	1
	1	-1	1	3.43812	-19.07951	-62.18138	65.04270	25.89355	10.91958	1	1	1
	1	1	-1	3.43812	-19.07951	-62.18138	65.04270	25.89355	10.91958	1	1	1
	1	1	1	3.43812	-22.84602	78.03413	81.30970	25.89355	17.06451	1	1	1
	0	-2	0	2.97750	-47.04199	-9.74072	48.03990	29.98656	4.36027	1	1	1
	-2	0	0	2.97750	-47.04199	-9.74072	48.03990	29.98656	4.36027	1	1	1
	0	0	-2	2.97750	-47.04199	-9.74072	48.03990	29.98656	4.36027	1	1	1
	0	0	2	2.97750	-47.04199	-9.74072	48.03990	29.98656	4.36027	1	1	1
	0	2	0	2.97750	-47.04199	-9.74072	48.03990	29.98656	4.36027	1	1	1
	2	0	0	2.97750	-47.04199	-9.74072	48.03990	29.98656	4.36027	1	1	1
	-2	0	-2	2.10541	338.91997	36.44280	340.87400	42.92168	100.00000	1	1	1
	-2	0	2	2.10541	338.91997	36.44280	340.87400	42.92168	100.00000	1	1	1
	-2	2	0	2.10541	338.91997	36.44280	340.87400	42.92168	100.00000	1	1	1
	0	-2	2	2.10541	338.91997	36.44280	340.87400	42.92168	100.00000	1	1	1
	0	-2	-2	2.10541	338.91997	36.44280	340.87400	42.92168	100.00000	1	1	1
	-2	-2	0	2.10541	338.91997	36.44280	340.87400	42.92168	100.00000	1	1	1
	0	2	-2	2.10541	338.91997	36.44280	340.87400	42.92168	100.00000	1	1	1
	0	2	2	2.10541	338.91997	36.44280	340.87400	42.92168	100.00000	1	1	1
	2	-2	0	2.10541	338.91997	36.44280	340.87400	42.92168	100.00000	1	1	1
	2	2	0	2.10541	338.91997	36.44280	340.87400	42.92168	100.00000	1	1	1
	2	0	2	2.10541	338.91997	36.44280	340.87400	42.92168	100.00000	1	1	1
	2	0	-2	2.10541	338.91997	36.44280	340.87400	42.92168	100.00000	1	1	1
	-3	-1	-1	1.79550	-20.63091	63.17804	66.46130	50.81013	2.59453	1	1	1
	-3	-1	1	1.79550	-17.07095	-48.19461	51.12860	50.81013	1.53550	1	1	1
	-3	1	1	1.79550	-20.63091	63.17804	66.46130	50.81013	2.59453	1	1	1
	-3	1	-1	1.79550	-17.07095	-48.19461	51.12860	50.81013	1.53550	1	1	1
	-1	-3	-1	1.79550	-20.63091	63.17804	66.46130	50.81013	2.59453	1	1	1
	-1	-3	1	1.79550	-17.07095	-48.19461	51.12860	50.81013	1.53550	1	1	1
	-1	-1	-3	1.79550	-20.63091	63.17804	66.46130	50.81013	2.59453	1	1	1
	-1	1	3	1.79550	-20.63091	63.17804	66.46130	50.81013	2.59453	1	1	1
	-1	1	-3	1.79550	-17.07095	-48.19461	51.12860	50.81013	1.53550	1	1	1
	-1	-1	3	1.79550	-17.07095	-48.19461	51.12860	50.81013	1.53550	1	1	1
	1	-3	1	1.79550	-20.63091	63.17804	66.46130	50.81013	2.59453	1	1	1
	1	-1	-3	1.79550	-17.07095	-48.19461	51.12860	50.81013	1.53550	1	1	1
	1	-3	-1	1.79550	-17.07095	-48.19461	51.12860	50.81013	1.53550	1	1	1
	-1	3	1	1.79550	-20.63091	63.17804	66.46130	50.81013	2.59453	1	1	1
	-1	3	-1	1.79550	-17.07095	-48.19461	51.12860	50.81013	1.53550	1	1	1
	1	-1	3	1.79550	-20.63091	63.17804	66.46130	50.81013	2.59453	1	1	1
	1	1	-3	1.79550	-20.63091	63.17804	66.46130	50.81013	2.59453	1	1	1
	1	1	3	1.79550	-17.07095	-48.19461	51.12860	50.81013	1.53550	1	1	1
	1	3	1	1.79550	-17.07095	-48.19461	51.12860	50.81013	1.53550	1	1	1
	1	3	-1	1.79550	-20.63091	63.17804	66.46130	50.81013	2.59453	1	1	1
	3	-1	-1	1.79550	-17.07095	-48.19461	51.12860	50.81013	1.53550	1	1	1
	3	-1	1	1.79550	-20.63091	63.17804	66.46130	50.81013	2.59453	1	1	1
	3	1	-1	1.79550	-20.63091	63.17804	66.46130	50.81013	2.59453	1	1	1
	3	1	1	1.79550	-17.07095	-48.19461	51.12860	50.81013	1.53550	1	1	1
	-2	-2	-2	1.71906	-35.89822	-9.20656	37.06000	53.24261	0.72523	1	1	1
	-2	-2	2	1.71906	-35.89822	-9.20656	37.06000	53.24261	0.72523	1	1	1
	-2	2	-2	1.71906	-35.89822	-9.20656	37.06000	53.24261	0.72523	1	1	1
	-2	2	2	1.71906	-35.89822	-9.20656	37.06000	53.24261	0.72523	1	1	1
	2	2	-2	1.71906	-35.89822	-9.20656	37.06000	53.24261	0.72523	1	1	1
	2	-2	2	1.71906	-35.89822	-9.20656	37.06000	53.24261	0.72523	1	1	1
	2	-2	-2	1.71906	-35.89822	-9.20656	37.06000	53.24261	0.72523	1	1	1
	2	2	2	1.71906	-35.89822	-9.20656	37.06000	53.24261	0.72523	1	1	1
	0	-4	0	1.48875	269.86819	34.44437	272.05700	62.31757	27.41390	1	1	1
	0	0	-4	1.48875	269.86819	34.44437	272.05700	62.31757	27.41390	1	1	1
	0	0	4	1.48875	269.86819	34.44437	272.05700	62.31757	27.41390	1	1	1
	4	0	0	1.48875	269.86819	34.44437	272.05700	62.31757	27.41390	1	1	1
	0	4	0	1.48875	269.86819	34.44437	272.05700	62.31757	27.41390	1	1	1
	-4	0	0	1.48875	269.86819	34.44437	272.05700	62.31757	27.41390	1	1	1
	-3	-3	-1	1.36617	-14.95135	-40.89408	43.54160	68.64302	0.57077	1	1	1
	-3	-3	1	1.36617	-18.31610	55.05586	58.02260	68.64302	1.01355	1	1	1
	-3	-1	-3	1.36617	-14.95135	-40.89408	43.54160	68.64302	0.57077	1	1	1
	-3	-1	3	1.36617	-18.31610	55.05586	58.02260	68.64302	1.01355	1	1	1
	-3	3	-1	1.36617	-18.31610	55.05586	58.02260	68.64302	1.01355	1	1	1
	-3	1	3	1.36617	-14.95135	-40.89408	43.54160	68.64302	0.57077	1	1	1
	-3	1	-3	1.36617	-18.31610	55.05586	58.02260	68.64302	1.01355	1	1	1
	-1	3	-3	1.36617	-18.31610	55.05586	58.02260	68.64302	1.01355	1	1	1
	-1	3	3	1.36617	-14.95135	-40.89408	43.54160	68.64302	0.57077	1	1	1
	-1	-3	3	1.36617	-18.31610	55.05586	58.02260	68.64302	1.01355	1	1	1
	-1	-3	-3	1.36617	-14.95135	-40.89408	43.54160	68.64302	0.57077	1	1	1
	-3	3	1	1.36617	-14.95135	-40.89408	43.54160	68.64302	0.57077	1	1	1
	3	-1	-3	1.36617	-18.31610	55.05586	58.02260	68.64302	1.01355	1	1	1
	3	-1	3	1.36617	-14.95135	-40.89408	43.54160	68.64302	0.57077	1	1	1
	3	1	-3	1.36617	-14.95135	-40.89408	43.54160	68.64302	0.57077	1	1	1
	3	3	-1	1.36617	-14.95135	-40.89408	43.54160	68.64302	0.57077	1	1	1
	3	1	3	1.36617	-18.31610	55.05586	58.02260	68.64302	1.01355	1	1	1
	1	3	3	1.36617	-18.31610	55.05586	58.02260	68.64302	1.01355	1	1	1
	3	-3	-1	1.36617	-18.31610	55.05586	58.02260	68.64302	1.01355	1	1	1
	3	-3	1	1.36617	-14.95135	-40.89408	43.54160	68.64302	0.57077	1	1	1
	1	3	-3	1.36617	-14.95135	-40.89408	43.54160	68.64302	0.57077	1	1	1
	1	-3	3	1.36617	-14.95135	-40.89408	43.54160	68.64302	0.57077	1	1	1
	1	-3	-3	1.36617	-18.31610	55.05586	58.02260	68.64302	1.01355	1	1	1
	3	3	1	1.36617	-18.31610	55.05586	58.02260	68.64302	1.01355	1	1	1
	0	-2	-4	1.33158	-30.88711	-8.70170	32.08950	70.68793	0.29207	1	1	1
	0	-2	4	1.33158	-30.88711	-8.70170	32.08950	70.68793	0.29207	1	1	1
	0	2	-4	1.33158	-30.88711	-8.70170	32.08950	70.68793	0.29207	1	1	1
	0	4	-2	1.33158	-30.88711	-8.70170	32.08950	70.68793	0.29207	1	1	1
	0	2	4	1.33158	-30.88711	-8.70170	32.08950	70.68793	0.29207	1	1	1
	2	0	4	1.33158	-30.88711	-8.70170	32.08950	70.68793	0.29207	1	1	1
	2	4	0	1.33158	-30.88711	-8.70170	32.08950	70.68793	0.29207	1	1	1
	2	0	-4	1.33158	-30.88711	-8.70170	32.08950	70.68793	0.29207	1	1	1
	2	-4	0	1.33158	-30.88711	-8.70170	32.08950	70.68793	0.29207	1	1	1
	0	4	2	1.33158	-30.88711	-8.70170	32.08950	70.68793	0.29207	1	1	1
	-2	0	-4	1.33158	-30.88711	-8.70170	32.08950	70.68793	0.29207	1	1	1
	-2	0	4	1.33158	-30.88711	-8.70170	32.08950	70.68793	0.29207	1	1	1
	-2	4	0	1.33158	-30.88711	-8.70170	32.08950	70.68793	0.29207	1	1	1
	0	-4	2	1.33158	-30.88711	-8.70170	32.08950	70.68793	0.29207	1	1	1
	0	-4	-2	1.33158	-30.88711	-8.70170	32.08950	70.68793	0.29207	1	1	1
	-4	0	2	1.33158	-30.88711	-8.70170	32.08950	70.68793	0.29207	1	1	1
	-4	2	0	1.33158	-30.88711	-8.70170	32.08950	70.68793	0.29207	1	1	1
	-2	-4	0	1.33158	-30.88711	-8.70170	32.08950	70.68793	0.29207	1	1	1
	-4	0	-2	1.33158	-30.88711	-8.70170	32.08950	70.68793	0.29207	1	1	1
	-4	-2	0	1.33158	-30.88711	-8.70170	32.08950	70.68793	0.29207	1	1	1
	4	-2	0	1.33158	-30.88711	-8.70170	32.08950	70.68793	0.29207	1	1	1
	4	0	-2	1.33158	-30.88711	-8.70170	32.08950	70.68793	0.29207	1	1	1
	4	0	2	1.33158	-30.88711	-8.70170	32.08950	70.68793	0.29207	1	1	1
	4	2	0	1.33158	-30.88711	-8.70170	32.08950	70.68793	0.29207	1	1	1
	-4	-2	-2	1.21556	223.72589	32.55553	226.08200	78.64684	11.92795	1	1	1
	-4	-2	2	1.21556	223.72589	32.55553	226.08200	78.64684	11.92795	1	1	1
	-4	2	-2	1.21556	223.72589	32.55553	226.08200	78.64684	11.92795	1	1	1
	-2	-4	-2	1.21556	223.72589	32.55553	226.08200	78.64684	11.92795	1	1	1
	-4	2	2	1.21556	223.72589	32.55553	226.08200	78.64684	11.92795	1	1	1
	-2	2	-4	1.21556	223.72589	32.55553	226.08200	78.64684	11.92795	1	1	1
	-2	2	4	1.21556	223.72589	32.55553	226.08200	78.64684	11.92795	1	1	1
	-2	-2	4	1.21556	223.72589	32.55553	226.08200	78.64684	11.92795	1	1	1
	-2	-2	-4	1.21556	223.72589	32.55553	226.08200	78.64684	11.92795	1	1	1
	-2	-4	2	1.21556	223.72589	32.55553	226.08200	78.64684	11.92795	1	1	1
	-2	4	-2	1.21556	223.72589	32.55553	226.08200	78.64684	11.92795	1	1	1
	-2	4	2	1.21556	223.72589	32.55553	226.08200	78.64684	11.92795	1	1	1
	2	-4	-2	1.21556	223.72589	32.55553	226.08200	78.64684	11.92795	1	1	1
	2	-2	4	1.21556	223.72589	32.55553	226.08200	78.64684	11.92795	1	1	1
	2	-2	-4	1.21556	223.72589	32.55553	226.08200	78.64684	11.92795	1	1	1
	2	-4	2	1.21556	223.72589	32.55553	226.08200	78.64684	11.92795	1	1	1
	2	4	2	1.21556	223.72589	32.55553	226.08200	78.64684	11.92795	1	1	1
	4	-2	-2	1.21556	223.72589	32.55553	226.08200	78.64684	11.92795	1	1	1
	2	4	-2	1.21556	223.72589	32.55553	226.08200	78.64684	11.92795	1	1	1
	2	2	4	1.21556	223.72589	32.55553	226.08200	78.64684	11.92795	1	1	1
	2	2	-4	1.21556	223.72589	32.55553	226.08200	78.64684	11.92795	1	1	1
	4	-2	2	1.21556	223.72589	32.55553	226.08200	78.64684	11.92795	1	1	1
	4	2	-2	1.21556	223.72589	32.55553	226.08200	78.64684	11.92795	1	1	1
	4	2	2	1.21556	223.72589	32.55553	226.08200	78.64684	11.92795	1	1	1
	-3	-3	-3	1.14604	-15.96392	49.54868	52.05690	84.46448	0.57065	1	1	1
	-3	-3	3	1.14604	-12.78369	-36.16350	38.35650	84.46448	0.30981	1	1	1
	-3	3	-3	1.14604	-12.78369	-36.16350	38.35650	84.46448	0.30981	1	1	1
	-3	3	3	1.14604	-15.96392	49.54868	52.05690	84.46448	0.57065	1	1	1
	3	-3	3	1.14604	-15.96392	49.54868	52.05690	84.46448	0.57065	1	1	1
	3	-3	-3	1.14604	-12.78369	-36.16350	38.35650	84.46448	0.30981	1	1	1
	3	3	-3	1.14604	-15.96392	49.54868	52.05690	84.46448	0.57065	1	1	1
	3	3	3	1.14604	-12.78369	-36.16350	38.35650	84.46448	0.30981	1	1	1
	-5	-1	-1	1.14604	-12.78369	-36.16350	38.35650	84.46448	0.30981	1	1	1
	-5	1	-1	1.14604	-15.96392	49.54868	52.05690	84.46448	0.57065	1	1	1
	-5	-1	1	1.14604	-15.96392	49.54868	52.05690	84.46448	0.57065	1	1	1
	-5	1	1	1.14604	-12.78369	-36.16350	38.35650	84.46448	0.30981	1	1	1
	-1	-5	-1	1.14604	-12.78369	-36.16350	38.35650	84.46448	0.30981	1	1	1
	-1	-5	1	1.14604	-15.96392	49.54868	52.05690	84.46448	0.57065	1	1	1
	-1	1	-5	1.14604	-15.96392	49.54868	52.05690	84.46448	0.57065	1	1	1
	-1	-1	5	1.14604	-15.96392	49.54868	52.05690	84.46448	0.57065	1	1	1
	-1	-1	-5	1.14604	-12.78369	-36.16350	38.35650	84.46448	0.30981	1	1	1
	1	-5	-1	1.14604	-15.96392	49.54868	52.05690	84.46448	0.57065	1	1	1
	1	-5	1	1.14604	-12.78369	-36.16350	38.35650	84.46448	0.30981	1	1	1
	-1	5	1	1.14604	-12.78369	-36.16350	38.35650	84.46448	0.30981	1	1	1
	-1	5	-1	1.14604	-15.96392	49.54868	52.05690	84.46448	0.57065	1	1	1
	-1	1	5	1.14604	-12.78369	-36.16350	38.35650	84.46448	0.30981	1	1	1
	1	-1	-5	1.14604	-15.96392	49.54868	52.05690	84.46448	0.57065	1	1	1
	1	-1	5	1.14604	-12.78369	-36.16350	38.35650	84.46448	0.30981	1	1	1
	1	1	-5	1.14604	-12.78369	-36.16350	38.35650	84.46448	0.30981	1	1	1
	1	5	1	1.14604	-15.96392	49.54868	52.05690	84.46448	0.57065	1	1	1
	1	5	-1	1.14604	-12.78369	-36.16350	38.35650	84.46448	0.30981	1	1	1
	1	1	5	1.14604	-15.96392	49.54868	52.05690	84.46448	0.57065	1	1	1
	5	-1	-1	1.14604	-15.96392	49.54868	52.05690	84.46448	0.57065	1	1	1
	5	-1	1	1.14604	-12.78369	-36.16350	38.35650	84.46448	0.30981	1	1	1
	5	1	-1	1.14604	-12.78369	-36.16350	38.35650	84.46448	0.30981	1	1	1
	5	1	1	1.14604	-15.96392	49.54868	52.05690	84.46448	0.57065	1	1	1
	0	-4	-4	1.05271	190.20487	30.77027	192.67800	94.06332	7.13511	1	1	1
	0	-4	4	1.05271	190.20487	30.77027	192.67800	94.06332	7.13511	1	1	1
	0	4	-4	1.05271	190.20487	30.77027	192.67800	94.06332	7.13511	1	1	1
	4	-4	0	1.05271	190.20487	30.77027	192.67800	94.06332	7.13511	1	1	1
	0	4	4	1.05271	190.20487	30.77027	192.67800	94.06332	7.13511	1	1	1
	-4	0	-4	1.05271	190.20487	30.77027	192.67800	94.06332	7.13511	1	1	1
	-4	0	4	1.05271	190.20487	30.77027	192.67800	94.06332	7.13511	1	1	1
	-4	4	0	1.05271	190.20487	30.77027	192.67800	94.06332	7.13511	1	1	1
	-4	-4	0	1.05271	190.20487	30.77027	192.67800	94.06332	7.13511	1	1	1
	4	0	-4	1.05271	190.20487	30.77027	192.67800	94.06332	7.13511	1	1	1
	4	0	4	1.05271	190.20487	30.77027	192.67800	94.06332	7.13511	1	1	1
	4	4	0	1.05271	190.20487	30.77027	192.67800	94.06332	7.13511	1	1	1
	-5	-3	1	1.00658	-10.77380	-32.65787	34.38910	99.86062	0.22536	1	1	1
	-5	-3	-1	1.00658	-13.77963	45.30904	47.35810	99.86062	0.42738	1	1	1
	-5	1	3	1.00658	-13.77963	45.30904	47.35810	99.86062	0.42738	1	1	1
	-5	3	-1	1.00658	-10.77380	-32.65787	34.38910	99.86062	0.22536	1	1	1
	-5	1	-3	1.00658	-10.77380	-32.65787	34.38910	99.86062	0.22536	1	1	1
	-5	-1	3	1.00658	-10.77380	-32.65787	34.38910	99.86062	0.22536	1	1	1
	-5	-1	-3	1.00658	-13.77963	45.30904	47.35810	99.86062	0.42738	1	1	1
	-5	3	1	1.00658	-13.77963	45.30904	47.35810	99.86062	0.42738	1	1	1
	-3	-5	-1	1.00658	-13.77963	45.30904	47.35810	99.86062	0.42738	1	1	1
	-3	-5	1	1.00658	-10.77380	-32.65787	34.38910	99.86062	0.22536	1	1	1
	-3	1	-5	1.00658	-10.77380	-32.65787	34.38910	99.86062	0.22536	1	1	1
	-3	-1	5	1.00658	-10.77380	-32.65787	34.38910	99.86062	0.22536	1	1	1
	-3	-1	-5	1.00658	-13.77963	45.30904	47.35810	99.86062	0.42738	1	1	1
	-1	-5	-3	1.00658	-13.77963	45.30904	47.35810	99.86062	0.42738	1	1	1
	-1	-5	3	1.00658	-10.77380	-32.65787	34.38910	99.86062	0.22536	1	1	1
	-3	5	1	1.00658	-13.77963	45.30904	47.35810	99.86062	0.42738	1	1	1
	-3	5	-1	1.00658	-10.77380	-32.65787	34.38910	99.86062	0.22536	1	1	1
	-3	1	5	1.00658	-13.77963	45.30904	47.35810	99.86062	0.42738	1	1	1
	1	-5	-3	1.00658	-10.77380	-32.65787	34.38910	99.86062	0.22536	1	1	1
	1	-5	3	1.00658	-13.77963	45.30904	47.35810	99.86062	0.42738	1	1	1
	1	-3	-5	1.00658	-10.77380	-32.65787	34.38910	99.86062	0.22536	1	1	1
	1	3	-5	1.00658	-13.77963	45.30904	47.35810	99.86062	0.42738	1	1	1
	1	-3	5	1.00658	-13.77963	45.30904	47.35810	99.86062	0.42738	1	1	1
	-1	3	5	1.00658	-13.77963	45.30904	47.35810	99.86062	0.42738	1	1	1
	-1	5	-3	1.00658	-10.77380	-32.65787	34.38910	99.86062	0.22536	1	1	1
	-1	5	3	1.00658	-13.77963	45.30904	47.35810	99.86062	0.42738	1	1	1
	-1	3	-5	1.00658	-10.77380	-32.65787	34.38910	99.86062	0.22536	1	1	1
	-1	-3	5	1.00658	-10.77380	-32.65787	34.38910	99.86062	0.22536	1	1	1
	-1	-3	-5	1.00658	-13.77963	45.30904	47.35810	99.86062	0.42738	1	1	1
	1	3	5	1.00658	-10.77380	-32.65787	34.38910	99.86062	0.22536	1	1	1
	1	5	-3	1.00658	-13.77963	45.30904	47.35810	99.86062	0.42738	1	1	1
	1	5	3	1.00658	-10.77380	-32.65787	34.38910	99.86062	0.22536	1	1	1
	3	-1	-5	1.00658	-10.77380	-32.65787	34.38910	99.86062	0.22536	1	1	1
	3	-5	1	1.00658	-13.77963	45.30904	47.35810	99.86062	0.42738	1	1	1
	3	-5	-1	1.00658	-10.77380	-32.65787	34.38910	99.86062	0.22536	1	1	1
	3	5	-1	1.00658	-13.77963	45.30904	47.35810	99.86062	0.42738	1	1	1
	3	5	1	1.00658	-10.77380	-32.65787	34.38910	99.86062	0.22536	1	1	1
	3	1	5	1.00658	-10.77380	-32.65787	34.38910	99.86062	0.22536	1	1	1
	3	1	-5	1.00658	-13.77963	45.30904	47.35810	99.86062	0.42738	1	1	1
	3	-1	5	1.00658	-13.77963	45.30904	47.35810	99.86062	0.42738	1	1	1
	5	-3	-1	1.00658	-10.77380	-32.65787	34.38910	99.86062	0.22536	1	1	1
	5	-3	1	1.00658	-13.77963	45.30904	47.35810	99.86062	0.42738	1	1	1
	5	-1	-3	1.00658	-10.77380	-32.65787	34.38910	99.86062	0.22536	1	1	1
	5	1	-3	1.00658	-13.77963	45.30904	47.35810	99.86062	0.42738	1	1	1
	5	-1	3	1.00658	-13.77963	45.30904	47.35810	99.86062	0.42738	1	1	1
	5	1	3	1.00658	-10.77380	-32.65787	34.38910	99.86062	0.22536	1	1	1
	5	3	-1	1.00658	-13.77963	45.30904	47.35810	99.86062	0.42738	1	1	1
	5	3	1	1.00658	-10.77380	-32.65787	34.38910	99.86062	0.22536	1	1	1
	-6	0	0	0.99250	-26.52455	-7.77351	27.64020	101.81289	0.14625	1	1	1
	-4	-4	-2	0.99250	-26.52455	-7.77351	27.64020	101.81289	0.14625	1	1	1
	-4	-4	2	0.99250	-26.52455	-7.77351	27.64020	101.81289	0.14625	1	1	1
	-4	-2	-4	0.99250	-26.52455	-7.77351	27.64020	101.81289	0.14625	1	1	1
	-4	-2	4	0.99250	-26.52455	-7.77351	27.64020	101.81289	0.14625	1	1	1
	-4	4	-2	0.99250	-26.52455	-7.77351	27.64020	101.81289	0.14625	1	1	1
	-4	2	4	0.99250	-26.52455	-7.77351	27.64020	101.81289	0.14625	1	1	1
	-4	2	-4	0.99250	-26.52455	-7.77351	27.64020	101.81289	0.14625	1	1	1
	-2	4	-4	0.99250	-26.52455	-7.77351	27.64020	101.81289	0.14625	1	1	1
	-2	4	4	0.99250	-26.52455	-7.77351	27.64020	101.81289	0.14625	1	1	1
	-2	-4	4	0.99250	-26.52455	-7.77351	27.64020	101.81289	0.14625	1	1	1
	-2	-4	-4	0.99250	-26.52455	-7.77351	27.64020	101.81289	0.14625	1	1	1
	-4	4	2	0.99250	-26.52455	-7.77351	27.64020	101.81289	0.14625	1	1	1
	2	-4	4	0.99250	-26.52455	-7.77351	27.64020	101.81289	0.14625	1	1	1
	2	4	-4	0.99250	-26.52455	-7.77351	27.64020	101.81289	0.14625	1	1	1
	2	4	4	0.99250	-26.52455	-7.77351	27.64020	101.81289	0.14625	1	1	1
	4	-4	2	0.99250	-26.52455	-7.77351	27.64020	101.81289	0.14625	1	1	1
	4	-4	-2	0.99250	-26.52455	-7.77351	27.64020	101.81289	0.14625	1	1	1
	0	6	0	0.99250	-26.52455	-7.77351	27.64020	101.81289	0.14625	1	1	1
	2	-4	-4	0.99250	-26.52455	-7.77351	27.64020	101.81289	0.14625	1	1	1
	0	0	6	0.99250	-26.52455	-7.77351	27.64020	101.81289	0.14625	1	1	1
	0	0	-6	0.99250	-26.52455	-7.77351	27.64020	101.81289	0.14625	1	1	1
	0	-6	0	0.99250	-26.52455	-7.77351	27.64020	101.81289	0.14625	1	1	1
	4	-2	-4	0.99250	-26.52455	-7.77351	27.64020	101.81289	0.14625	1	1	1
	4	-2	4	0.99250	-26.52455	-7.77351	27.64020	101.81289	0.14625	1	1	1
	4	2	-4	0.99250	-26.52455	-7.77351	27.64020	101.81289	0.14625	1	1	1
	4	4	2	0.99250	-26.52455	-7.77351	27.64020	101.81289	0.14625	1	1	1
	4	4	-2	0.99250	-26.52455	-7.77351	27.64020	101.81289	0.14625	1	1	1
	4	2	4	0.99250	-26.52455	-7.77351	27.64020	101.81289	0.14625	1	1	1
	6	0	0	0.99250	-26.52455	-7.77351	27.64020	101.81289	0.14625	1	1	1
	-6	-2	0	0.94157	164.64318	29.08291	167.19200	109.78999	5.64957	1	1	1
	-6	0	2	0.94157	164.64318	29.08291	167.19200	109.78999	5.64957	1	1	1
	-6	0	-2	0.94157	164.64318	29.08291	167.19200	109.78999	5.64957	1	1	1
	-6	2	0	0.94157	164.64318	29.08291	167.19200	109.78999	5.64957	1	1	1
	-2	-6	0	0.94157	164.64318	29.08291	167.19200	109.78999	5.64957	1	1	1
	-2	0	-6	0.94157	164.64318	29.08291	167.19200	109.78999	5.64957	1	1	1
	0	-6	-2	0.94157	164.64318	29.08291	167.19200	109.78999	5.64957	1	1	1
	-2	6	0	0.94157	164.64318	29.08291	167.19200	109.78999	5.64957	1	1	1
	-2	0	6	0.94157	164.64318	29.08291	167.19200	109.78999	5.64957	1	1	1
	0	2	-6	0.94157	164.64318	29.08291	167.19200	109.78999	5.64957	1	1	1
	0	2	6	0.94157	164.64318	29.08291	167.19200	109.78999	5.64957	1	1	1
	0	-2	6	0.94157	164.64318	29.08291	167.19200	109.78999	5.64957	1	1	1
	0	-2	-6	0.94157	164.64318	29.08291	167.19200	109.78999	5.64957	1	1	1
	0	-6	2	0.94157	164.64318	29.08291	167.19200	109.78999	5.64957	1	1	1
	0	6	-2	0.94157	164.64318	29.08291	167.19200	109.78999	5.64957	1	1	1
	0	6	2	0.94157	164.64318	29.08291	167.19200	109.78999	5.64957	1	1	1
	2	-6	0	0.94157	164.64318	29.08291	167.19200	109.78999	5.64957	1	1	1
	2	6	0	0.94157	164.64318	29.08291	167.19200	109.78999	5.64957	1	1	1
	2	0	6	0.94157	164.64318	29.08291	167.19200	109.78999	5.64957	1	1	1
	2	0	-6	0.94157	164.64318	29.08291	167.19200	109.78999	5.64957	1	1	1
	6	-2	0	0.94157	164.64318	29.08291	167.19200	109.78999	5.64957	1	1	1
	6	0	-2	0.94157	164.64318	29.08291	167.19200	109.78999	5.64957	1	1	1
	6	0	2	0.94157	164.64318	29.08291	167.19200	109.78999	5.64957	1	1	1
	6	2	0	0.94157	164.64318	29.08291	167.19200	109.78999	5.64957	1	1	1
	-5	-3	-3	0.90813	-8.96297	-29.78266	31.10210	116.03797	0.21130	1	1	1
	-3	-5	-3	0.90813	-8.96297	-29.78266	31.10210	116.03797	0.21130	1	1	1
	-3	-5	3	0.90813	-11.80397	41.74007	43.37700	116.03797	0.41100	1	1	1
	-5	3	3	0.90813	-8.96297	-29.78266	31.10210	116.03797	0.21130	1	1	1
	-5	3	-3	0.90813	-11.80397	41.74007	43.37700	116.03797	0.41100	1	1	1
	-5	-3	3	0.90813	-11.80397	41.74007	43.37700	116.03797	0.41100	1	1	1
	-3	-3	-5	0.90813	-8.96297	-29.78266	31.10210	116.03797	0.21130	1	1	1
	-3	-3	5	0.90813	-11.80397	41.74007	43.37700	116.03797	0.41100	1	1	1
	-3	3	-5	0.90813	-11.80397	41.74007	43.37700	116.03797	0.41100	1	1	1
	-3	5	3	0.90813	-8.96297	-29.78266	31.10210	116.03797	0.21130	1	1	1
	-3	3	5	0.90813	-8.96297	-29.78266	31.10210	116.03797	0.21130	1	1	1
	-3	5	-3	0.90813	-11.80397	41.74007	43.37700	116.03797	0.41100	1	1	1
	3	-3	5	0.90813	-8.96297	-29.78266	31.10210	116.03797	0.21130	1	1	1
	3	3	-5	0.90813	-8.96297	-29.78266	31.10210	116.03797	0.21130	1	1	1
	3	-3	-5	0.90813	-11.80397	41.74007	43.37700	116.03797	0.41100	1	1	1
	3	-5	3	0.90813	-8.96297	-29.78266	31.10210	116.03797	0.21130	1	1	1
	3	-5	-3	0.90813	-11.80397	41.74007	43.37700	116.03797	0.41100	1	1	1
	3	3	5	0.90813	-11.80397	41.74007	43.37700	116.03797	0.41100	1	1	1
	3	5	-3	0.90813	-8.96297	-29.78266	31.10210	116.03797	0.21130	1	1	1
	3	5	3	0.90813	-11.80397	41.74007	43.37700	116.03797	0.41100	1	1	1
	5	3	-3	0.90813	-8.96297	-29.78266	31.10210	116.03797	0.21130	1	1	1
	5	-3	3	0.90813	-8.96297	-29.78266	31.10210	116.03797	0.21130	1	1	1
	5	-3	-3	0.90813	-11.80397	41.74007	43.37700	116.03797	0.41100	1	1	1
	5	3	3	0.90813	-11.80397	41.74007	43.37700	116.03797	0.41100	1	1	1
	-6	-2	-2	0.89775	-25.22616	-7.34723	26.27430	118.19221	0.15585	1	1	1
	-6	-2	2	0.89775	-25.22616	-7.34723	26.27430	118.19221	0.15585	1	1	1
	-6	2	2	0.89775	-25.22616	-7.34723	26.27430	118.19221	0.15585	1	1	1
	-6	2	-2	0.89775	-25.22616	-7.34723	26.27430	118.19221	0.15585	1	1	1
	-2	-6	-2	0.89775	-25.22616	-7.34723	26.27430	118.19221	0.15585	1	1	1
	-2	-6	2	0.89775	-25.22616	-7.34723	26.27430	118.19221	0.15585	1	1	1
	-2	-2	-6	0.89775	-25.22616	-7.34723	26.27430	118.19221	0.15585	1	1	1
	-2	2	6	0.89775	-25.22616	-7.34723	26.27430	118.19221	0.15585	1	1	1
	-2	2	-6	0.89775	-25.22616	-7.34723	26.27430	118.19221	0.15585	1	1	1
	-2	-2	6	0.89775	-25.22616	-7.34723	26.27430	118.19221	0.15585	1	1	1
	2	-6	2	0.89775	-25.22616	-7.34723	26.27430	118.19221	0.15585	1	1	1
	2	-2	-6	0.89775	-25.22616	-7.34723	26.27430	118.19221	0.15585	1	1	1
	2	-6	-2	0.89775	-25.22616	-7.34723	26.27430	118.19221	0.15585	1	1	1
	-2	6	2	0.89775	-25.22616	-7.34723	26.27430	118.19221	0.15585	1	1	1
	-2	6	-2	0.89775	-25.22616	-7.34723	26.27430	118.19221	0.15585	1	1	1
	2	-2	6	0.89775	-25.22616	-7.34723	26.27430	118.19221	0.15585	1	1	1
	2	2	-6	0.89775	-25.22616	-7.34723	26.27430	118.19221	0.15585	1	1	1
	2	2	6	0.89775	-25.22616	-7.34723	26.27430	118.19221	0.15585	1	1	1
	2	6	2	0.89775	-25.22616	-7.34723	26.27430	118.19221	0.15585	1	1	1
	2	6	-2	0.89775	-25.22616	-7.34723	26.27430	118.19221	0.15585	1	1	1
	6	-2	-2	0.89775	-25.22616	-7.34723	26.27430	118.19221	0.15585	1	1	1
	6	-2	2	0.89775	-25.22616	-7.34723	26.27430	118.19221	0.15585	1	1	1
	6	2	-2	0.89775	-25.22616	-7.34723	26.27430	118.19221	0.15585	1	1	1
	6	2	2	0.89775	-25.22616	-7.34723	26.27430	118.19221	0.15585	1	1	1
	-4	4	4	0.85953	144.45208	27.48807	147.04400	127.32161	5.79126	1	1	1
	4	-4	4	0.85953	144.45208	27.48807	147.04400	127.32161	5.79126	1	1	1
	4	-4	-4	0.85953	144.45208	27.48807	147.04400	127.32161	5.79126	1	1	1
	4	4	4	0.85953	144.45208	27.48807	147.04400	127.32161	5.79126	1	1	1
	4	4	-4	0.85953	144.45208	27.48807	147.04400	127.32161	5.79126	1	1	1
	-4	-4	4	0.85953	144.45208	27.48807	147.04400	127.32161	5.79126	1	1	1
	-4	4	-4	0.85953	144.45208	27.48807	147.04400	127.32161	5.79126	1	1	1
	-4	-4	-4	0.85953	144.45208	27.48807	147.04400	127.32161	5.79126	1	1	1
