# 	h	k	l	d (Å)	F(real)		F(imag)		|F|			2θ			I			M	ID(λ)	Phase
	-1	1	-2	3.08839	78.80888	10.90316	79.55950	28.88605	49.08740	1	1	1
	-1	1	2	3.08839	78.80888	10.90317	79.55950	28.88605	49.08740	1	1	1
	-1	-1	2	3.08839	78.80888	10.90316	79.55950	28.88605	49.08740	1	1	1
	-1	-1	-2	3.08839	78.80888	10.90316	79.55950	28.88605	49.08740	1	1	1
	1	-1	-2	3.08839	78.80888	10.90317	79.55950	28.88605	49.08740	1	1	1
	1	-1	2	3.08839	78.80888	10.90317	79.55950	28.88605	49.08740	1	1	1
	1	1	2	3.08839	78.80888	10.90317	79.55950	28.88605	49.08740	1	1	1
	1	1	-2	3.08839	78.80888	10.90317	79.55950	28.88605	49.08740	1	1	1
	-2	0	0	2.88100	78.12819	10.86733	78.88040	31.01580	41.43137	1	1	1
	0	-2	0	2.88100	78.12819	10.86733	78.88040	31.01580	41.43137	1	1	1
	2	0	0	2.88100	78.12819	10.86733	78.88040	31.01580	41.43137	1	1	1
	0	2	0	2.88100	78.12819	10.86733	78.88040	31.01580	41.43137	1	1	1
	-1	0	-3	2.76844	-76.54586	-102.68182	128.07400	32.31062	99.99999	1	1	1
	-1	0	3	2.76844	-102.68182	76.54586	128.07400	32.31062	99.99999	1	1	1
	0	-1	3	2.76844	-76.54587	-102.68182	128.07400	32.31062	100.00000	1	1	1
	0	-1	-3	2.76844	-102.68182	76.54586	128.07400	32.31062	100.00000	1	1	1
	1	0	-3	2.76844	-76.54586	-102.68182	128.07400	32.31062	99.99999	1	1	1
	1	0	3	2.76844	-102.68182	76.54586	128.07400	32.31062	99.99999	1	1	1
	0	1	3	2.76844	-76.54586	-102.68182	128.07400	32.31062	100.00000	1	1	1
	0	1	-3	2.76844	-102.68182	76.54587	128.07400	32.31062	100.00000	1	1	1
	-2	-1	-1	2.48644	-68.15633	-94.03716	116.13900	36.09425	64.61093	1	1	1
	-2	-1	1	2.48644	-94.03716	68.15633	116.13900	36.09425	64.61093	1	1	1
	-2	1	-1	2.48644	-68.15633	-94.03716	116.13900	36.09425	64.61093	1	1	1
	-1	-2	-1	2.48644	-94.03716	68.15633	116.13900	36.09425	64.61093	1	1	1
	-2	1	1	2.48644	-94.03716	68.15633	116.13900	36.09425	64.61094	1	1	1
	-1	2	1	2.48644	-68.15633	-94.03716	116.13900	36.09425	64.61094	1	1	1
	1	-2	-1	2.48644	-94.03716	68.15633	116.13900	36.09425	64.61094	1	1	1
	-1	2	-1	2.48644	-94.03716	68.15633	116.13900	36.09425	64.61093	1	1	1
	-1	-2	1	2.48644	-68.15633	-94.03716	116.13900	36.09425	64.61094	1	1	1
	1	-2	1	2.48644	-68.15633	-94.03716	116.13900	36.09425	64.61093	1	1	1
	1	2	-1	2.48644	-94.03716	68.15633	116.13900	36.09425	64.61094	1	1	1
	2	-1	-1	2.48644	-68.15633	-94.03716	116.13900	36.09425	64.61094	1	1	1
	1	2	1	2.48644	-68.15633	-94.03716	116.13900	36.09425	64.61093	1	1	1
	2	-1	1	2.48644	-94.03716	68.15633	116.13900	36.09425	64.61093	1	1	1
	2	1	-1	2.48644	-68.15633	-94.03716	116.13900	36.09425	64.61093	1	1	1
	2	1	1	2.48644	-94.03716	68.15633	116.13900	36.09425	64.61093	1	1	1
	-2	0	-2	2.46122	20.98790	-57.61507	61.31870	36.47707	17.59859	1	1	1
	-2	0	2	2.46122	-20.98790	57.61507	61.31870	36.47707	17.59860	1	1	1
	0	-2	-2	2.46122	-20.98790	57.61507	61.31870	36.47707	17.59859	1	1	1
	0	-2	2	2.46122	20.98790	-57.61507	61.31870	36.47707	17.59860	1	1	1
	0	2	2	2.46122	20.98791	-57.61507	61.31870	36.47707	17.59860	1	1	1
	0	2	-2	2.46122	-20.98790	57.61507	61.31870	36.47707	17.59860	1	1	1
	2	0	-2	2.46122	20.98790	-57.61507	61.31870	36.47707	17.59860	1	1	1
	2	0	2	2.46122	-20.98791	57.61507	61.31870	36.47707	17.59860	1	1	1
	0	0	-4	2.36750	-150.76843	-11.17312	151.18200	37.97511	97.90139	1	1	1
	0	0	4	2.36750	-150.76843	-11.17312	151.18200	37.97511	97.90139	1	1	1
	-2	-2	0	2.03717	-132.82509	-10.97895	133.27800	44.43456	53.58492	1	1	1
	-2	2	0	2.03717	-132.82509	-10.97895	133.27800	44.43456	53.58492	1	1	1
	2	-2	0	2.03717	-132.82509	-10.97895	133.27800	44.43456	53.58492	1	1	1
	2	2	0	2.03717	-132.82509	-10.97895	133.27800	44.43456	53.58492	1	1	1
	-1	-2	3	1.99619	6.52351	-2.28722	6.91285	45.39719	0.13735	1	1	1
	-1	2	-3	1.99619	2.28722	6.52351	6.91285	45.39719	0.13735	1	1	1
	1	-2	-3	1.99619	2.28722	6.52350	6.91285	45.39719	0.13735	1	1	1
	-1	2	3	1.99619	6.52351	-2.28722	6.91286	45.39719	0.13735	1	1	1
	1	2	3	1.99619	6.52352	-2.28722	6.91286	45.39719	0.13735	1	1	1
	2	-1	-3	1.99619	6.52351	-2.28722	6.91285	45.39719	0.13735	1	1	1
	1	2	-3	1.99619	2.28722	6.52351	6.91285	45.39719	0.13735	1	1	1
	1	-2	3	1.99619	6.52351	-2.28722	6.91285	45.39719	0.13735	1	1	1
	-2	-1	3	1.99619	2.28722	6.52351	6.91285	45.39719	0.13735	1	1	1
	-2	1	-3	1.99619	6.52351	-2.28722	6.91285	45.39719	0.13735	1	1	1
	-1	-2	-3	1.99619	2.28723	6.52351	6.91286	45.39719	0.13735	1	1	1
	-2	1	3	1.99619	2.28722	6.52351	6.91285	45.39719	0.13735	1	1	1
	-2	-1	-3	1.99619	6.52351	-2.28722	6.91285	45.39719	0.13735	1	1	1
	2	-1	3	1.99619	2.28722	6.52351	6.91285	45.39719	0.13735	1	1	1
	2	1	-3	1.99619	6.52351	-2.28722	6.91285	45.39719	0.13735	1	1	1
	2	1	3	1.99619	2.28722	6.52351	6.91285	45.39719	0.13735	1	1	1
	-3	0	-1	1.88234	3.18857	0.96902	3.33256	48.31198	0.02772	1	1	1
	0	-3	-1	1.88234	-0.96902	3.18857	3.33256	48.31198	0.02772	1	1	1
	3	0	1	1.88234	-0.96902	3.18857	3.33256	48.31198	0.02772	1	1	1
	0	3	1	1.88234	3.18857	0.96902	3.33256	48.31198	0.02772	1	1	1
	0	3	-1	1.88234	-0.96902	3.18857	3.33256	48.31198	0.02772	1	1	1
	3	0	-1	1.88234	3.18857	0.96902	3.33256	48.31198	0.02772	1	1	1
	0	-3	1	1.88234	3.18857	0.96902	3.33256	48.31198	0.02772	1	1	1
	-3	0	1	1.88234	-0.96902	3.18857	3.33256	48.31198	0.02772	1	1	1
	-2	0	-4	1.82913	57.21467	10.36161	58.14530	49.81157	7.87278	1	1	1
	-2	0	4	1.82913	57.21467	10.36162	58.14540	49.81157	7.87278	1	1	1
	0	-2	-4	1.82913	57.21467	10.36162	58.14540	49.81157	7.87278	1	1	1
	0	2	-4	1.82913	57.21467	10.36162	58.14540	49.81157	7.87278	1	1	1
	0	-2	4	1.82913	57.21467	10.36162	58.14540	49.81157	7.87278	1	1	1
	0	2	4	1.82913	57.21467	10.36162	58.14540	49.81157	7.87278	1	1	1
	2	0	-4	1.82913	57.21467	10.36162	58.14540	49.81157	7.87278	1	1	1
	2	0	4	1.82913	57.21467	10.36163	58.14540	49.81157	7.87278	1	1	1
	-1	0	-5	1.79929	-93.90324	68.76225	116.38800	50.69556	30.30536	1	1	1
	-1	0	5	1.79929	-68.76225	-93.90324	116.38800	50.69556	30.30536	1	1	1
	0	-1	-5	1.79929	-68.76223	-93.90322	116.38800	50.69556	30.30535	1	1	1
	0	1	-5	1.79929	-68.76223	-93.90322	116.38800	50.69556	30.30535	1	1	1
	0	-1	5	1.79929	-93.90322	68.76223	116.38800	50.69556	30.30535	1	1	1
	0	1	5	1.79929	-93.90322	68.76223	116.38800	50.69556	30.30535	1	1	1
	1	0	-5	1.79929	-93.90324	68.76225	116.38800	50.69556	30.30536	1	1	1
	1	0	5	1.79929	-68.76225	-93.90325	116.38800	50.69556	30.30536	1	1	1
	-3	-1	-2	1.70054	55.20388	10.24740	56.14690	53.86905	6.14187	1	1	1
	-3	1	-2	1.70054	55.20388	10.24740	56.14690	53.86905	6.14187	1	1	1
	-3	-1	2	1.70054	55.20388	10.24740	56.14690	53.86905	6.14187	1	1	1
	-3	1	2	1.70054	55.20388	10.24740	56.14690	53.86905	6.14187	1	1	1
	-1	-3	-2	1.70054	55.20388	10.24740	56.14690	53.86905	6.14187	1	1	1
	-1	3	-2	1.70054	55.20388	10.24740	56.14690	53.86905	6.14187	1	1	1
	-1	-3	2	1.70054	55.20388	10.24740	56.14690	53.86905	6.14187	1	1	1
	1	-3	2	1.70054	55.20388	10.24740	56.14690	53.86905	6.14187	1	1	1
	1	3	-2	1.70054	55.20388	10.24740	56.14690	53.86905	6.14187	1	1	1
	1	-3	-2	1.70054	55.20388	10.24740	56.14690	53.86905	6.14187	1	1	1
	-1	3	2	1.70054	55.20388	10.24740	56.14690	53.86905	6.14187	1	1	1
	1	3	2	1.70054	55.20388	10.24740	56.14690	53.86905	6.14187	1	1	1
	3	-1	-2	1.70054	55.20388	10.24740	56.14690	53.86905	6.14187	1	1	1
	3	1	-2	1.70054	55.20388	10.24740	56.14690	53.86905	6.14187	1	1	1
	3	-1	2	1.70054	55.20388	10.24740	56.14690	53.86905	6.14187	1	1	1
	3	1	2	1.70054	55.20388	10.24740	56.14690	53.86905	6.14187	1	1	1
	0	-3	-3	1.64081	-64.02446	39.64760	75.30650	55.99859	10.11679	1	1	1
	0	3	3	1.64081	-39.64760	-64.02446	75.30650	55.99859	10.11679	1	1	1
	-3	0	-3	1.64081	-39.64760	-64.02447	75.30650	55.99859	10.11679	1	1	1
	3	0	3	1.64081	-64.02446	39.64760	75.30650	55.99859	10.11679	1	1	1
	-3	0	3	1.64081	-64.02446	39.64760	75.30650	55.99859	10.11678	1	1	1
	0	-3	3	1.64081	-39.64760	-64.02446	75.30650	55.99859	10.11679	1	1	1
	3	0	-3	1.64081	-39.64760	-64.02446	75.30650	55.99859	10.11678	1	1	1
	0	3	-3	1.64081	-64.02446	39.64760	75.30650	55.99859	10.11679	1	1	1
	3	2	1	1.57581	-63.26746	-87.86743	108.27500	58.52681	18.92656	1	1	1
	-3	-2	1	1.57581	-63.26746	-87.86743	108.27500	58.52681	18.92656	1	1	1
	-3	-2	-1	1.57581	-87.86743	63.26746	108.27500	58.52681	18.92656	1	1	1
	-2	3	-1	1.57581	-63.26746	-87.86743	108.27500	58.52681	18.92656	1	1	1
	-2	3	1	1.57581	-87.86743	63.26746	108.27500	58.52681	18.92657	1	1	1
	2	-3	1	1.57581	-87.86743	63.26746	108.27500	58.52681	18.92656	1	1	1
	2	-3	-1	1.57581	-63.26746	-87.86743	108.27500	58.52681	18.92657	1	1	1
	-2	-3	-1	1.57581	-63.26745	-87.86743	108.27500	58.52681	18.92656	1	1	1
	-2	-3	1	1.57581	-87.86743	63.26746	108.27500	58.52681	18.92656	1	1	1
	-3	2	1	1.57581	-63.26746	-87.86743	108.27500	58.52681	18.92656	1	1	1
	-3	2	-1	1.57581	-87.86743	63.26746	108.27500	58.52681	18.92656	1	1	1
	2	3	-1	1.57581	-63.26746	-87.86743	108.27500	58.52681	18.92656	1	1	1
	2	3	1	1.57581	-87.86743	63.26746	108.27500	58.52681	18.92656	1	1	1
	3	-2	1	1.57581	-63.26746	-87.86743	108.27500	58.52681	18.92656	1	1	1
	3	-2	-1	1.57581	-87.86743	63.26746	108.27500	58.52681	18.92656	1	1	1
	3	2	-1	1.57581	-87.86743	63.26746	108.27500	58.52681	18.92656	1	1	1
	-2	-2	4	1.54419	206.68838	30.62828	208.94500	59.84582	67.04216	1	1	1
	-2	2	-4	1.54419	206.68838	30.62828	208.94500	59.84582	67.04216	1	1	1
	-2	-2	-4	1.54419	206.68839	30.62828	208.94500	59.84582	67.04216	1	1	1
	-2	2	4	1.54419	206.68839	30.62829	208.94500	59.84582	67.04216	1	1	1
	2	-2	-4	1.54419	206.68839	30.62828	208.94500	59.84582	67.04216	1	1	1
	2	2	-4	1.54419	206.68838	30.62829	208.94500	59.84582	67.04216	1	1	1
	2	-2	4	1.54419	206.68838	30.62829	208.94500	59.84582	67.04216	1	1	1
	2	2	4	1.54419	206.68839	30.62829	208.94500	59.84582	67.04216	1	1	1
	-2	-1	5	1.52611	14.26998	-10.08434	17.47360	60.62878	0.45544	1	1	1
	-2	1	-5	1.52611	10.08434	14.26999	17.47360	60.62878	0.45544	1	1	1
	-2	-1	-5	1.52611	10.08435	14.26999	17.47360	60.62878	0.45544	1	1	1
	-2	1	5	1.52611	14.26998	-10.08434	17.47360	60.62878	0.45544	1	1	1
	-1	-2	-5	1.52611	14.26999	-10.08435	17.47360	60.62878	0.45544	1	1	1
	-1	-2	5	1.52611	10.08435	14.26999	17.47360	60.62878	0.45544	1	1	1
	-1	2	5	1.52611	10.08436	14.26999	17.47360	60.62878	0.45544	1	1	1
	-1	2	-5	1.52611	14.26999	-10.08435	17.47360	60.62878	0.45544	1	1	1
	1	2	-5	1.52611	14.26999	-10.08435	17.47360	60.62878	0.45544	1	1	1
	1	2	5	1.52611	10.08435	14.26999	17.47360	60.62878	0.45544	1	1	1
	1	-2	5	1.52611	10.08435	14.26999	17.47360	60.62878	0.45544	1	1	1
	1	-2	-5	1.52611	14.27000	-10.08435	17.47360	60.62878	0.45544	1	1	1
	2	-1	-5	1.52611	10.08434	14.26998	17.47360	60.62878	0.45544	1	1	1
	2	-1	5	1.52611	14.26998	-10.08435	17.47360	60.62878	0.45544	1	1	1
	2	1	5	1.52611	14.26999	-10.08435	17.47360	60.62878	0.45544	1	1	1
	2	1	-5	1.52611	10.08434	14.26998	17.47360	60.62878	0.45544	1	1	1
	-1	-1	6	1.47176	46.85982	9.93621	47.90170	63.11904	3.13109	1	1	1
	-1	1	-6	1.47176	46.85982	9.93621	47.90170	63.11904	3.13109	1	1	1
	1	-1	-6	1.47176	46.85982	9.93621	47.90170	63.11904	3.13109	1	1	1
	-1	1	6	1.47176	46.85982	9.93621	47.90170	63.11904	3.13109	1	1	1
	-1	-1	-6	1.47176	46.85982	9.93621	47.90170	63.11904	3.13109	1	1	1
	1	-1	6	1.47176	46.85982	9.93621	47.90170	63.11904	3.13109	1	1	1
	1	1	-6	1.47176	46.85982	9.93621	47.90170	63.11904	3.13109	1	1	1
	1	1	6	1.47176	46.85982	9.93621	47.90170	63.11904	3.13109	1	1	1
	-3	-1	-4	1.44396	-0.03528	3.93583	3.93599	64.47904	0.02018	1	1	1
	-1	3	4	1.44396	-0.03528	3.93583	3.93599	64.47904	0.02018	1	1	1
	1	-3	-4	1.44396	0.03529	-3.93583	3.93599	64.47904	0.02018	1	1	1
	-1	-3	-4	1.44396	0.03528	-3.93583	3.93599	64.47904	0.02018	1	1	1
	-3	1	-4	1.44396	-0.03528	3.93583	3.93599	64.47904	0.02018	1	1	1
	1	3	4	1.44396	-0.03528	3.93583	3.93599	64.47904	0.02018	1	1	1
	3	-1	4	1.44396	0.03529	-3.93583	3.93599	64.47904	0.02018	1	1	1
	3	1	4	1.44396	0.03529	-3.93583	3.93599	64.47904	0.02018	1	1	1
	-3	-1	4	1.44396	0.03528	-3.93584	3.93600	64.47904	0.02018	1	1	1
	-1	3	-4	1.44396	0.03528	-3.93584	3.93600	64.47904	0.02018	1	1	1
	1	-3	4	1.44396	-0.03528	3.93584	3.93600	64.47904	0.02018	1	1	1
	-1	-3	4	1.44396	-0.03528	3.93584	3.93600	64.47904	0.02018	1	1	1
	-3	1	4	1.44396	0.03528	-3.93584	3.93600	64.47904	0.02018	1	1	1
	1	3	-4	1.44396	0.03528	-3.93584	3.93600	64.47904	0.02018	1	1	1
	3	-1	-4	1.44396	-0.03529	3.93584	3.93600	64.47904	0.02018	1	1	1
	3	1	-4	1.44396	-0.03529	3.93584	3.93600	64.47904	0.02018	1	1	1
	0	-4	0	1.44050	190.91304	30.13480	193.27700	64.65289	48.37620	1	1	1
	-4	0	0	1.44050	190.91304	30.13480	193.27700	64.65289	48.37620	1	1	1
	0	4	0	1.44050	190.91304	30.13480	193.27700	64.65289	48.37620	1	1	1
	4	0	0	1.44050	190.91304	30.13480	193.27700	64.65289	48.37620	1	1	1
	-3	-2	-3	1.42579	14.37661	18.58953	23.50020	65.40266	0.69762	1	1	1
	-3	-2	3	1.42579	18.58953	-14.37661	23.50020	65.40266	0.69762	1	1	1
	2	3	3	1.42579	14.37661	18.58953	23.50020	65.40266	0.69762	1	1	1
	3	-2	3	1.42579	18.58953	-14.37661	23.50020	65.40266	0.69762	1	1	1
	3	2	3	1.42579	18.58954	-14.37661	23.50020	65.40266	0.69762	1	1	1
	3	2	-3	1.42579	14.37661	18.58953	23.50020	65.40266	0.69762	1	1	1
	-2	3	3	1.42579	14.37661	18.58952	23.50020	65.40266	0.69762	1	1	1
	2	-3	-3	1.42579	18.58953	-14.37660	23.50020	65.40266	0.69762	1	1	1
	-2	-3	-3	1.42579	18.58953	-14.37661	23.50020	65.40266	0.69762	1	1	1
	-3	2	-3	1.42579	14.37661	18.58953	23.50020	65.40266	0.69762	1	1	1
	-3	2	3	1.42579	18.58953	-14.37661	23.50020	65.40266	0.69762	1	1	1
	-2	-3	3	1.42579	14.37661	18.58953	23.50020	65.40266	0.69762	1	1	1
	2	-3	3	1.42579	14.37661	18.58953	23.50020	65.40266	0.69762	1	1	1
	-2	3	-3	1.42579	18.58953	-14.37661	23.50020	65.40266	0.69762	1	1	1
	2	3	-3	1.42579	18.58953	-14.37661	23.50020	65.40266	0.69762	1	1	1
	3	-2	-3	1.42579	14.37661	18.58953	23.50020	65.40266	0.69762	1	1	1
	-2	0	-6	1.38422	-19.21769	50.39706	53.93680	67.62599	3.42331	1	1	1
	0	-2	-6	1.38422	19.21769	-50.39706	53.93680	67.62599	3.42331	1	1	1
	-2	0	6	1.38422	19.21769	-50.39706	53.93680	67.62599	3.42331	1	1	1
	0	-2	6	1.38422	-19.21769	50.39706	53.93680	67.62599	3.42331	1	1	1
	0	2	-6	1.38422	19.21769	-50.39706	53.93680	67.62599	3.42331	1	1	1
	2	0	-6	1.38422	-19.21769	50.39706	53.93680	67.62599	3.42331	1	1	1
	0	2	6	1.38422	-19.21769	50.39706	53.93680	67.62599	3.42331	1	1	1
	2	0	6	1.38422	19.21769	-50.39706	53.93680	67.62599	3.42331	1	1	1
	-4	1	1	1.38252	15.60717	-11.47192	19.36980	67.72052	0.44021	1	1	1
	-1	-4	-1	1.38252	15.60717	-11.47193	19.36980	67.72052	0.44021	1	1	1
	-1	4	-1	1.38252	15.60717	-11.47192	19.36980	67.72052	0.44021	1	1	1
	-1	-4	1	1.38252	11.47192	15.60717	19.36980	67.72052	0.44021	1	1	1
	1	-4	1	1.38252	11.47192	15.60717	19.36980	67.72052	0.44021	1	1	1
	1	4	-1	1.38252	15.60717	-11.47192	19.36980	67.72052	0.44021	1	1	1
	1	-4	-1	1.38252	15.60717	-11.47192	19.36980	67.72052	0.44021	1	1	1
	-1	4	1	1.38252	11.47192	15.60717	19.36980	67.72052	0.44021	1	1	1
	-4	-1	-1	1.38252	11.47192	15.60717	19.36980	67.72052	0.44021	1	1	1
	-4	1	-1	1.38252	11.47192	15.60717	19.36980	67.72052	0.44021	1	1	1
	-4	-1	1	1.38252	15.60717	-11.47192	19.36980	67.72052	0.44021	1	1	1
	1	4	1	1.38252	11.47192	15.60718	19.36980	67.72052	0.44021	1	1	1
	4	-1	-1	1.38252	11.47192	15.60717	19.36980	67.72052	0.44021	1	1	1
	4	-1	1	1.38252	15.60717	-11.47192	19.36980	67.72052	0.44021	1	1	1
	4	1	1	1.38252	15.60717	-11.47192	19.36980	67.72052	0.44021	1	1	1
	4	1	-1	1.38252	11.47192	15.60717	19.36980	67.72052	0.44021	1	1	1
	0	-4	-2	1.37814	0.05814	-6.16730	6.16758	67.96514	0.04430	1	1	1
	0	-4	2	1.37814	-0.05813	6.16730	6.16758	67.96514	0.04430	1	1	1
	-4	0	2	1.37814	0.05813	-6.16730	6.16758	67.96514	0.04430	1	1	1
	-4	0	-2	1.37814	-0.05814	6.16730	6.16758	67.96514	0.04430	1	1	1
	0	4	-2	1.37814	0.05814	-6.16730	6.16758	67.96514	0.04430	1	1	1
	0	4	2	1.37814	-0.05813	6.16730	6.16758	67.96514	0.04430	1	1	1
	4	0	2	1.37814	0.05813	-6.16730	6.16758	67.96514	0.04430	1	1	1
	4	0	-2	1.37814	-0.05814	6.16730	6.16758	67.96514	0.04430	1	1	1
	-3	0	5	1.34859	-39.85294	-63.30850	74.80790	69.66605	6.19358	1	1	1
	-3	0	-5	1.34859	-63.30850	39.85294	74.80790	69.66605	6.19358	1	1	1
	0	3	-5	1.34859	-39.85293	-63.30848	74.80790	69.66605	6.19358	1	1	1
	0	3	5	1.34859	-63.30849	39.85294	74.80790	69.66605	6.19358	1	1	1
	0	-3	5	1.34859	-63.30848	39.85293	74.80790	69.66605	6.19358	1	1	1
	0	-3	-5	1.34859	-39.85294	-63.30850	74.80790	69.66605	6.19358	1	1	1
	3	0	-5	1.34859	-63.30850	39.85294	74.80790	69.66605	6.19358	1	1	1
	3	0	5	1.34859	-39.85294	-63.30850	74.80790	69.66605	6.19358	1	1	1
	-1	0	-7	1.31704	4.03137	7.97674	8.93758	71.58738	0.08373	1	1	1
	-1	0	7	1.31704	7.97674	-4.03137	8.93758	71.58738	0.08373	1	1	1
	0	-1	7	1.31704	4.03137	7.97674	8.93758	71.58738	0.08373	1	1	1
	0	-1	-7	1.31704	7.97674	-4.03137	8.93758	71.58738	0.08373	1	1	1
	1	0	-7	1.31704	4.03137	7.97674	8.93758	71.58738	0.08373	1	1	1
	1	0	7	1.31704	7.97674	-4.03137	8.93758	71.58738	0.08373	1	1	1
	0	1	7	1.31704	4.03137	7.97674	8.93758	71.58738	0.08373	1	1	1
	0	1	-7	1.31704	7.97674	-4.03137	8.93758	71.58738	0.08373	1	1	1
	-3	-3	-2	1.30548	41.80756	9.63104	42.90260	72.32104	1.89135	1	1	1
	-3	-3	2	1.30548	41.80756	9.63104	42.90260	72.32104	1.89135	1	1	1
	-3	3	-2	1.30548	41.80756	9.63104	42.90260	72.32104	1.89135	1	1	1
	3	-3	-2	1.30548	41.80756	9.63104	42.90260	72.32104	1.89135	1	1	1
	-3	3	2	1.30548	41.80756	9.63104	42.90260	72.32104	1.89135	1	1	1
	3	-3	2	1.30548	41.80756	9.63104	42.90260	72.32104	1.89135	1	1	1
	3	3	-2	1.30548	41.80756	9.63104	42.90260	72.32104	1.89135	1	1	1
	3	3	2	1.30548	41.80756	9.63104	42.90260	72.32104	1.89135	1	1	1
	-4	-2	0	1.28842	39.55570	9.57644	40.69840	73.43360	1.65305	1	1	1
	-4	2	0	1.28842	39.55570	9.57644	40.69840	73.43360	1.65305	1	1	1
	-2	-4	0	1.28842	39.55570	9.57644	40.69840	73.43360	1.65305	1	1	1
	2	-4	0	1.28842	39.55570	9.57644	40.69840	73.43360	1.65305	1	1	1
	-2	4	0	1.28842	39.55570	9.57644	40.69840	73.43360	1.65305	1	1	1
	2	4	0	1.28842	39.55570	9.57644	40.69840	73.43360	1.65305	1	1	1
	4	-2	0	1.28842	39.55570	9.57644	40.69840	73.43360	1.65305	1	1	1
	4	2	0	1.28842	39.55570	9.57644	40.69840	73.43360	1.65305	1	1	1
	-4	-1	-3	1.27786	-64.82539	41.64265	77.04830	74.14142	5.81907	1	1	1
	-4	-1	3	1.27786	-41.64266	-64.82538	77.04830	74.14142	5.81907	1	1	1
	-1	4	-3	1.27786	-41.64265	-64.82538	77.04830	74.14142	5.81907	1	1	1
	-1	4	3	1.27786	-64.82539	41.64265	77.04830	74.14142	5.81907	1	1	1
	1	-4	3	1.27786	-64.82538	41.64265	77.04830	74.14142	5.81907	1	1	1
	1	-4	-3	1.27786	-41.64266	-64.82538	77.04830	74.14142	5.81907	1	1	1
	-1	-4	-3	1.27786	-41.64266	-64.82538	77.04830	74.14142	5.81907	1	1	1
	-1	-4	3	1.27786	-64.82538	41.64265	77.04830	74.14142	5.81907	1	1	1
	-4	1	3	1.27786	-41.64266	-64.82538	77.04830	74.14142	5.81907	1	1	1
	-4	1	-3	1.27786	-64.82539	41.64266	77.04830	74.14142	5.81908	1	1	1
	1	4	-3	1.27786	-41.64265	-64.82538	77.04830	74.14142	5.81907	1	1	1
	1	4	3	1.27786	-64.82539	41.64265	77.04830	74.14142	5.81907	1	1	1
	4	-1	3	1.27786	-41.64266	-64.82539	77.04830	74.14142	5.81908	1	1	1
	4	-1	-3	1.27786	-64.82539	41.64265	77.04830	74.14142	5.81907	1	1	1
	4	1	-3	1.27786	-64.82539	41.64265	77.04830	74.14142	5.81907	1	1	1
	4	1	3	1.27786	-41.64266	-64.82538	77.04830	74.14142	5.81907	1	1	1
	-4	2	2	1.24322	18.66209	-49.79272	53.17510	76.57361	2.61528	1	1	1
	-2	-4	-2	1.24322	18.66209	-49.79272	53.17510	76.57361	2.61528	1	1	1
	-2	4	-2	1.24322	18.66209	-49.79272	53.17510	76.57361	2.61528	1	1	1
	-2	-4	2	1.24322	-18.66209	49.79272	53.17510	76.57361	2.61528	1	1	1
	2	-4	2	1.24322	-18.66209	49.79272	53.17510	76.57361	2.61528	1	1	1
	2	4	-2	1.24322	18.66209	-49.79272	53.17510	76.57361	2.61528	1	1	1
	2	-4	-2	1.24322	18.66209	-49.79272	53.17510	76.57361	2.61528	1	1	1
	-2	4	2	1.24322	-18.66209	49.79272	53.17510	76.57361	2.61528	1	1	1
	-4	-2	-2	1.24322	-18.66209	49.79272	53.17510	76.57361	2.61528	1	1	1
	-4	2	-2	1.24322	-18.66209	49.79272	53.17510	76.57361	2.61528	1	1	1
	-4	-2	2	1.24322	18.66209	-49.79272	53.17510	76.57361	2.61528	1	1	1
	2	4	2	1.24322	-18.66209	49.79272	53.17510	76.57361	2.61528	1	1	1
	4	-2	-2	1.24322	-18.66209	49.79272	53.17510	76.57361	2.61528	1	1	1
	4	-2	2	1.24322	18.66209	-49.79272	53.17510	76.57361	2.61528	1	1	1
	4	2	2	1.24322	18.66209	-49.79272	53.17510	76.57361	2.61528	1	1	1
	4	2	-2	1.24322	-18.66208	49.79272	53.17510	76.57361	2.61528	1	1	1
	0	-4	-4	1.23061	-76.09682	-9.84972	76.73160	77.50354	5.33418	1	1	1
	0	-4	4	1.23061	-76.09682	-9.84972	76.73160	77.50354	5.33418	1	1	1
	-4	0	4	1.23061	-76.09682	-9.84972	76.73160	77.50354	5.33418	1	1	1
	-4	0	-4	1.23061	-76.09682	-9.84972	76.73160	77.50354	5.33418	1	1	1
	0	4	-4	1.23061	-76.09682	-9.84972	76.73160	77.50354	5.33418	1	1	1
	0	4	4	1.23061	-76.09682	-9.84971	76.73160	77.50354	5.33418	1	1	1
	4	0	4	1.23061	-76.09682	-9.84971	76.73160	77.50354	5.33418	1	1	1
	4	0	-4	1.23061	-76.09682	-9.84972	76.73160	77.50354	5.33418	1	1	1
	3	2	-5	1.22140	21.41800	-17.26780	27.51200	78.19879	0.67560	1	1	1
	3	2	5	1.22140	17.26780	21.41801	27.51200	78.19879	0.67560	1	1	1
	-3	-2	5	1.22140	17.26780	21.41800	27.51200	78.19879	0.67560	1	1	1
	-3	-2	-5	1.22140	21.41800	-17.26780	27.51200	78.19879	0.67560	1	1	1
	-2	3	-5	1.22140	17.26779	21.41799	27.51190	78.19879	0.67560	1	1	1
	-2	3	5	1.22140	21.41799	-17.26779	27.51190	78.19879	0.67560	1	1	1
	2	-3	5	1.22140	21.41800	-17.26779	27.51190	78.19879	0.67560	1	1	1
	2	-3	-5	1.22140	17.26778	21.41800	27.51190	78.19879	0.67560	1	1	1
	-2	-3	-5	1.22140	17.26780	21.41800	27.51200	78.19879	0.67560	1	1	1
	-2	-3	5	1.22140	21.41799	-17.26779	27.51190	78.19879	0.67560	1	1	1
	-3	2	5	1.22140	17.26780	21.41801	27.51200	78.19879	0.67560	1	1	1
	-3	2	-5	1.22140	21.41800	-17.26780	27.51200	78.19879	0.67560	1	1	1
	2	3	-5	1.22140	17.26779	21.41799	27.51190	78.19879	0.67560	1	1	1
	2	3	5	1.22140	21.41800	-17.26780	27.51200	78.19879	0.67560	1	1	1
	3	-2	-5	1.22140	21.41801	-17.26780	27.51200	78.19879	0.67560	1	1	1
	3	-2	5	1.22140	17.26780	21.41801	27.51200	78.19879	0.67560	1	1	1
	-2	-1	-7	1.19781	-52.68569	30.16481	60.70990	80.04450	3.16959	1	1	1
	-2	1	7	1.19781	-30.16481	-52.68569	60.70990	80.04450	3.16959	1	1	1
	-1	-2	-7	1.19781	-30.16481	-52.68569	60.70990	80.04450	3.16959	1	1	1
	-2	1	-7	1.19781	-52.68569	30.16481	60.70990	80.04450	3.16959	1	1	1
	-2	-1	7	1.19781	-30.16481	-52.68569	60.70990	80.04450	3.16959	1	1	1
	-1	-2	7	1.19781	-52.68569	30.16481	60.70990	80.04450	3.16959	1	1	1
	-1	2	-7	1.19781	-30.16481	-52.68569	60.70990	80.04450	3.16959	1	1	1
	-1	2	7	1.19781	-52.68569	30.16481	60.70990	80.04450	3.16959	1	1	1
	1	-2	7	1.19781	-52.68569	30.16481	60.70990	80.04450	3.16959	1	1	1
	1	-2	-7	1.19781	-30.16481	-52.68569	60.70990	80.04450	3.16959	1	1	1
	2	-1	-7	1.19781	-52.68569	30.16481	60.70990	80.04450	3.16959	1	1	1
	2	-1	7	1.19781	-30.16481	-52.68569	60.70990	80.04450	3.16959	1	1	1
	1	2	7	1.19781	-52.68569	30.16481	60.70990	80.04450	3.16959	1	1	1
	1	2	-7	1.19781	-30.16481	-52.68569	60.70990	80.04450	3.16959	1	1	1
	2	1	-7	1.19781	-52.68569	30.16481	60.70990	80.04450	3.16959	1	1	1
	2	1	7	1.19781	-30.16481	-52.68569	60.70990	80.04450	3.16959	1	1	1
	-3	1	-6	1.19300	42.25482	9.40488	43.28880	80.43369	1.59963	1	1	1
	-3	1	6	1.19300	42.25482	9.40488	43.28880	80.43369	1.59963	1	1	1
	-1	-3	6	1.19300	42.25482	9.40488	43.28880	80.43369	1.59963	1	1	1
	-1	-3	-6	1.19300	42.25482	9.40488	43.28880	80.43369	1.59963	1	1	1
	-3	-1	-6	1.19300	42.25482	9.40488	43.28880	80.43369	1.59963	1	1	1
	-3	-1	6	1.19300	42.25482	9.40488	43.28880	80.43369	1.59963	1	1	1
	-1	3	-6	1.19300	42.25482	9.40488	43.28880	80.43369	1.59963	1	1	1
	-1	3	6	1.19300	42.25482	9.40488	43.28880	80.43369	1.59963	1	1	1
	1	-3	6	1.19300	42.25482	9.40488	43.28880	80.43369	1.59963	1	1	1
	1	-3	-6	1.19300	42.25482	9.40488	43.28880	80.43369	1.59963	1	1	1
	3	-1	-6	1.19300	42.25482	9.40488	43.28880	80.43369	1.59963	1	1	1
	3	-1	6	1.19300	42.25482	9.40488	43.28880	80.43369	1.59963	1	1	1
	1	3	6	1.19300	42.25482	9.40488	43.28880	80.43369	1.59963	1	1	1
	1	3	-6	1.19300	42.25482	9.40488	43.28880	80.43369	1.59963	1	1	1
	3	1	-6	1.19300	42.25482	9.40488	43.28880	80.43369	1.59963	1	1	1
	3	1	6	1.19300	42.25482	9.40488	43.28880	80.43369	1.59963	1	1	1
	0	0	-8	1.18375	153.92258	28.45342	156.53000	81.19266	20.62466	1	1	1
	0	0	8	1.18375	153.92258	28.45342	156.53000	81.19266	20.62466	1	1	1
	-4	-3	-1	1.14396	-0.19914	3.48225	3.48794	84.65369	0.00968	1	1	1
	-4	-3	1	1.14396	3.48224	0.19915	3.48793	84.65369	0.00968	1	1	1
	-4	3	1	1.14396	3.48224	0.19915	3.48793	84.65369	0.00968	1	1	1
	-4	3	-1	1.14396	-0.19915	3.48224	3.48793	84.65369	0.00968	1	1	1
	-3	4	-1	1.14396	3.48224	0.19915	3.48793	84.65369	0.00968	1	1	1
	-3	4	1	1.14396	-0.19915	3.48224	3.48793	84.65369	0.00968	1	1	1
	-3	-4	1	1.14396	-0.19914	3.48224	3.48793	84.65369	0.00968	1	1	1
	-3	-4	-1	1.14396	3.48224	0.19914	3.48793	84.65369	0.00968	1	1	1
	3	-4	-1	1.14396	3.48224	0.19914	3.48793	84.65369	0.00968	1	1	1
	3	-4	1	1.14396	-0.19915	3.48224	3.48793	84.65369	0.00968	1	1	1
	3	4	1	1.14396	-0.19915	3.48224	3.48793	84.65369	0.00968	1	1	1
	3	4	-1	1.14396	3.48224	0.19915	3.48793	84.65369	0.00968	1	1	1
	0	5	-1	1.14396	16.83817	20.91952	26.85420	84.65369	0.57385	1	1	1
	0	5	1	1.14396	20.91952	-16.83817	26.85420	84.65369	0.57385	1	1	1
	0	-5	1	1.14396	20.91952	-16.83817	26.85420	84.65369	0.57385	1	1	1
	0	-5	-1	1.14396	16.83817	20.91952	26.85420	84.65369	0.57385	1	1	1
	-5	0	-1	1.14396	20.91952	-16.83817	26.85420	84.65369	0.57385	1	1	1
	-5	0	1	1.14396	16.83817	20.91952	26.85420	84.65369	0.57385	1	1	1
	4	-3	-1	1.14396	-0.19915	3.48224	3.48793	84.65369	0.00968	1	1	1
	4	-3	1	1.14396	3.48224	0.19915	3.48793	84.65369	0.00968	1	1	1
	4	3	-1	1.14396	-0.19915	3.48224	3.48793	84.65369	0.00968	1	1	1
	5	0	-1	1.14396	20.91952	-16.83817	26.85420	84.65369	0.57385	1	1	1
	4	3	1	1.14396	3.48225	0.19914	3.48794	84.65369	0.00968	1	1	1
	5	0	1	1.14396	16.83817	20.91952	26.85420	84.65369	0.57385	1	1	1
	-4	-2	-4	1.13169	40.97633	9.23908	42.00500	85.79045	1.38214	1	1	1
	-4	2	-4	1.13169	40.97633	9.23909	42.00500	85.79045	1.38214	1	1	1
	-4	-2	4	1.13169	40.97633	9.23908	42.00500	85.79045	1.38214	1	1	1
	-4	2	4	1.13169	40.97633	9.23909	42.00500	85.79045	1.38214	1	1	1
	-2	-4	-4	1.13169	40.97633	9.23909	42.00500	85.79045	1.38214	1	1	1
	-2	4	-4	1.13169	40.97633	9.23908	42.00500	85.79045	1.38214	1	1	1
	-2	-4	4	1.13169	40.97633	9.23908	42.00500	85.79045	1.38214	1	1	1
	2	-4	4	1.13169	40.97633	9.23909	42.00500	85.79045	1.38214	1	1	1
	2	4	-4	1.13169	40.97633	9.23909	42.00500	85.79045	1.38214	1	1	1
	2	-4	-4	1.13169	40.97633	9.23909	42.00500	85.79045	1.38214	1	1	1
	-2	4	4	1.13169	40.97633	9.23908	42.00500	85.79045	1.38214	1	1	1
	2	4	4	1.13169	40.97633	9.23908	42.00500	85.79045	1.38214	1	1	1
	4	-2	-4	1.13169	40.97633	9.23908	42.00500	85.79045	1.38214	1	1	1
	4	2	-4	1.13169	40.97633	9.23908	42.00500	85.79045	1.38214	1	1	1
	4	-2	4	1.13169	40.97633	9.23908	42.00500	85.79045	1.38214	1	1	1
	4	2	4	1.13169	40.97633	9.23909	42.00500	85.79045	1.38214	1	1	1
	-4	-1	-5	1.12452	-38.64024	-60.90653	72.12960	86.47168	4.03991	1	1	1
	-4	-1	5	1.12452	-60.90652	38.64023	72.12950	86.47168	4.03991	1	1	1
	-4	1	5	1.12452	-60.90652	38.64023	72.12950	86.47168	4.03991	1	1	1
	-4	1	-5	1.12452	-38.64023	-60.90652	72.12960	86.47168	4.03991	1	1	1
	-1	-4	-5	1.12452	-60.90653	38.64024	72.12960	86.47168	4.03991	1	1	1
	-1	-4	5	1.12452	-38.64023	-60.90652	72.12960	86.47168	4.03991	1	1	1
	-1	4	5	1.12452	-38.64024	-60.90653	72.12960	86.47168	4.03991	1	1	1
	-1	4	-5	1.12452	-60.90652	38.64023	72.12960	86.47168	4.03991	1	1	1
	1	4	-5	1.12452	-60.90652	38.64023	72.12960	86.47168	4.03991	1	1	1
	1	4	5	1.12452	-38.64024	-60.90653	72.12960	86.47168	4.03991	1	1	1
	1	-4	5	1.12452	-38.64023	-60.90652	72.12960	86.47168	4.03991	1	1	1
	1	-4	-5	1.12452	-60.90653	38.64024	72.12960	86.47168	4.03991	1	1	1
	4	-1	-5	1.12452	-38.64023	-60.90652	72.12950	86.47168	4.03991	1	1	1
	4	-1	5	1.12452	-60.90652	38.64023	72.12960	86.47168	4.03991	1	1	1
	4	1	5	1.12452	-60.90653	38.64023	72.12960	86.47168	4.03991	1	1	1
	4	1	-5	1.12452	-38.64023	-60.90652	72.12950	86.47168	4.03991	1	1	1
	-3	0	7	1.10603	-1.27067	4.79119	4.95682	88.28611	0.01868	1	1	1
	-3	0	-7	1.10603	-4.79119	-1.27067	4.95682	88.28611	0.01868	1	1	1
	0	3	-7	1.10603	-1.27067	4.79119	4.95682	88.28611	0.01868	1	1	1
	0	3	7	1.10603	-4.79119	-1.27067	4.95682	88.28611	0.01868	1	1	1
	0	-3	7	1.10603	-4.79119	-1.27067	4.95682	88.28611	0.01868	1	1	1
	0	-3	-7	1.10603	-1.27067	4.79119	4.95682	88.28611	0.01868	1	1	1
	3	0	-7	1.10603	-4.79119	-1.27067	4.95682	88.28611	0.01868	1	1	1
	3	0	7	1.10603	-1.27067	4.79119	4.95682	88.28611	0.01868	1	1	1
	-5	-1	-2	1.09915	38.07625	9.11462	39.15200	88.98387	1.15740	1	1	1
	-5	1	-2	1.09915	38.07626	9.11462	39.15200	88.98387	1.15740	1	1	1
	-5	-1	2	1.09915	38.07626	9.11462	39.15200	88.98387	1.15740	1	1	1
	-1	-5	2	1.09915	38.07626	9.11462	39.15200	88.98387	1.15740	1	1	1
	-1	5	-2	1.09915	38.07626	9.11462	39.15200	88.98387	1.15740	1	1	1
	-1	-5	-2	1.09915	38.07625	9.11462	39.15200	88.98387	1.15740	1	1	1
	-5	1	2	1.09915	38.07626	9.11462	39.15200	88.98387	1.15740	1	1	1
	1	5	2	1.09915	38.07625	9.11462	39.15200	88.98387	1.15740	1	1	1
	5	-1	-2	1.09915	38.07626	9.11462	39.15200	88.98387	1.15740	1	1	1
	5	1	-2	1.09915	38.07626	9.11462	39.15200	88.98387	1.15740	1	1	1
	5	-1	2	1.09915	38.07626	9.11462	39.15200	88.98387	1.15740	1	1	1
	1	-5	2	1.09915	38.07626	9.11462	39.15200	88.98387	1.15740	1	1	1
	1	5	-2	1.09915	38.07626	9.11462	39.15200	88.98387	1.15740	1	1	1
	1	-5	-2	1.09915	38.07625	9.11462	39.15200	88.98387	1.15740	1	1	1
	-1	5	2	1.09915	38.07625	9.11462	39.15200	88.98387	1.15740	1	1	1
	5	1	2	1.09915	38.07625	9.11462	39.15200	88.98387	1.15740	1	1	1
	-2	0	-8	1.09493	37.08097	9.09026	38.17890	89.41914	1.09601	1	1	1
	0	-2	-8	1.09493	37.08097	9.09025	38.17890	89.41914	1.09601	1	1	1
	-2	0	8	1.09493	37.08097	9.09026	38.17890	89.41914	1.09601	1	1	1
	0	2	8	1.09493	37.08097	9.09026	38.17890	89.41914	1.09601	1	1	1
	2	0	-8	1.09493	37.08097	9.09026	38.17890	89.41914	1.09601	1	1	1
	0	2	-8	1.09493	37.08097	9.09026	38.17890	89.41914	1.09601	1	1	1
	0	-2	8	1.09493	37.08097	9.09026	38.17890	89.41914	1.09601	1	1	1
	2	0	8	1.09493	37.08097	9.09025	38.17890	89.41914	1.09601	1	1	1
	-3	-4	3	1.08252	-46.07000	24.44748	52.15480	90.72685	2.02229	1	1	1
	-3	4	-3	1.08252	-24.44748	-46.07000	52.15480	90.72685	2.02229	1	1	1
	0	-5	-3	1.08252	-61.23705	39.24484	72.73330	90.72685	3.93298	1	1	1
	-3	4	3	1.08252	-46.07001	24.44748	52.15480	90.72685	2.02229	1	1	1
	0	5	3	1.08252	-39.24484	-61.23705	72.73330	90.72685	3.93298	1	1	1
	3	-4	-3	1.08252	-24.44749	-46.07000	52.15480	90.72685	2.02229	1	1	1
	0	5	-3	1.08252	-61.23704	39.24484	72.73330	90.72685	3.93298	1	1	1
	0	-5	3	1.08252	-39.24483	-61.23704	72.73330	90.72685	3.93298	1	1	1
	4	-3	3	1.08252	-24.44749	-46.07001	52.15480	90.72685	2.02229	1	1	1
	4	3	-3	1.08252	-46.07001	24.44748	52.15480	90.72685	2.02229	1	1	1
	5	0	-3	1.08252	-39.24483	-61.23704	72.73330	90.72685	3.93298	1	1	1
	4	3	3	1.08252	-24.44749	-46.07001	52.15480	90.72685	2.02229	1	1	1
	3	4	3	1.08252	-46.07000	24.44748	52.15480	90.72685	2.02229	1	1	1
	4	-3	-3	1.08252	-46.07001	24.44748	52.15480	90.72685	2.02229	1	1	1
	3	4	-3	1.08252	-24.44748	-46.07000	52.15480	90.72685	2.02229	1	1	1
	3	-4	3	1.08252	-46.07000	24.44748	52.15480	90.72685	2.02229	1	1	1
	-5	0	-3	1.08252	-39.24484	-61.23704	72.73330	90.72685	3.93298	1	1	1
	-4	-3	-3	1.08252	-46.07002	24.44748	52.15480	90.72685	2.02229	1	1	1
	-5	0	3	1.08252	-61.23704	39.24483	72.73330	90.72685	3.93298	1	1	1
	-4	3	3	1.08252	-24.44748	-46.07001	52.15480	90.72685	2.02229	1	1	1
	-3	-4	-3	1.08252	-24.44748	-46.07000	52.15480	90.72685	2.02229	1	1	1
	-4	3	-3	1.08252	-46.07001	24.44749	52.15480	90.72685	2.02229	1	1	1
	-4	-3	3	1.08252	-24.44748	-46.07000	52.15480	90.72685	2.02229	1	1	1
	5	0	3	1.08252	-61.23704	39.24484	72.73330	90.72685	3.93298	1	1	1
	-4	0	-6	1.06398	0.05059	-4.02403	4.02435	92.76692	0.01187	1	1	1
	-4	0	6	1.06398	-0.05060	4.02403	4.02435	92.76692	0.01187	1	1	1
	0	-4	-6	1.06398	-0.05060	4.02403	4.02435	92.76692	0.01187	1	1	1
	0	4	-6	1.06398	-0.05060	4.02403	4.02435	92.76692	0.01187	1	1	1
	0	-4	6	1.06398	0.05060	-4.02403	4.02435	92.76692	0.01187	1	1	1
	0	4	6	1.06398	0.05060	-4.02403	4.02435	92.76692	0.01187	1	1	1
	4	0	-6	1.06398	0.05060	-4.02403	4.02435	92.76692	0.01187	1	1	1
	4	0	6	1.06398	-0.05061	4.02403	4.02435	92.76692	0.01187	1	1	1
	-5	-2	-1	1.06321	-43.96163	22.53779	49.40220	92.85447	1.78830	1	1	1
	-5	-2	1	1.06321	-22.53779	-43.96163	49.40220	92.85447	1.78830	1	1	1
	-2	-5	-1	1.06321	-22.53779	-43.96163	49.40220	92.85447	1.78831	1	1	1
	-2	-5	1	1.06321	-43.96162	22.53779	49.40220	92.85447	1.78830	1	1	1
	-2	5	1	1.06321	-43.96162	22.53779	49.40220	92.85447	1.78830	1	1	1
	-2	5	-1	1.06321	-22.53779	-43.96163	49.40220	92.85447	1.78830	1	1	1
	2	5	-1	1.06321	-22.53779	-43.96162	49.40220	92.85447	1.78830	1	1	1
	2	5	1	1.06321	-43.96163	22.53780	49.40220	92.85447	1.78831	1	1	1
	2	-5	1	1.06321	-43.96163	22.53779	49.40220	92.85447	1.78830	1	1	1
	2	-5	-1	1.06321	-22.53779	-43.96163	49.40220	92.85447	1.78830	1	1	1
	5	2	-1	1.06321	-43.96163	22.53779	49.40220	92.85447	1.78830	1	1	1
	5	2	1	1.06321	-22.53779	-43.96163	49.40220	92.85447	1.78830	1	1	1
	-5	2	1	1.06321	-22.53779	-43.96163	49.40220	92.85447	1.78830	1	1	1
	-5	2	-1	1.06321	-43.96163	22.53779	49.40220	92.85447	1.78830	1	1	1
	5	-2	-1	1.06321	-43.96163	22.53779	49.40220	92.85447	1.78830	1	1	1
	5	-2	1	1.06321	-22.53779	-43.96163	49.40220	92.85447	1.78830	1	1	1
	-1	0	-9	1.03510	15.91181	-12.06081	19.96620	96.17617	0.28828	1	1	1
	-1	0	9	1.03510	12.06081	15.91181	19.96620	96.17617	0.28828	1	1	1
	0	-1	-9	1.03510	12.06081	15.91181	19.96620	96.17617	0.28828	1	1	1
	0	-1	9	1.03510	15.91181	-12.06081	19.96620	96.17617	0.28828	1	1	1
	0	1	9	1.03510	15.91181	-12.06081	19.96620	96.17617	0.28828	1	1	1
	0	1	-9	1.03510	12.06081	15.91181	19.96620	96.17617	0.28828	1	1	1
	1	0	-9	1.03510	15.91181	-12.06081	19.96620	96.17617	0.28828	1	1	1
	1	0	9	1.03510	12.06081	15.91181	19.96620	96.17617	0.28828	1	1	1
	-3	-2	7	1.03255	-52.41087	31.01815	60.90180	96.49210	2.68039	1	1	1
	-3	-2	-7	1.03255	-31.01815	-52.41087	60.90180	96.49210	2.68039	1	1	1
	-3	2	-7	1.03255	-31.01815	-52.41087	60.90180	96.49210	2.68039	1	1	1
	-3	2	7	1.03255	-52.41087	31.01815	60.90180	96.49210	2.68039	1	1	1
	-2	-3	7	1.03255	-31.01815	-52.41087	60.90180	96.49210	2.68039	1	1	1
	-2	-3	-7	1.03255	-52.41087	31.01815	60.90180	96.49210	2.68039	1	1	1
	2	-3	-7	1.03255	-52.41087	31.01815	60.90180	96.49210	2.68039	1	1	1
	2	-3	7	1.03255	-31.01815	-52.41087	60.90180	96.49210	2.68039	1	1	1
	-2	3	7	1.03255	-31.01815	-52.41087	60.90180	96.49210	2.68039	1	1	1
	-2	3	-7	1.03255	-52.41087	31.01815	60.90180	96.49210	2.68039	1	1	1
	2	3	-7	1.03255	-52.41087	31.01815	60.90180	96.49210	2.68039	1	1	1
	2	3	7	1.03255	-31.01815	-52.41087	60.90180	96.49210	2.68039	1	1	1
	3	-2	7	1.03255	-52.41087	31.01815	60.90180	96.49210	2.68039	1	1	1
	3	-2	-7	1.03255	-31.01815	-52.41087	60.90180	96.49210	2.68039	1	1	1
	3	2	-7	1.03255	-31.01815	-52.41087	60.90180	96.49210	2.68039	1	1	1
	3	2	7	1.03255	-52.41087	31.01815	60.90180	96.49210	2.68039	1	1	1
	-3	-3	-6	1.02946	38.48307	8.90171	39.49920	96.87828	1.12674	1	1	1
	-3	-3	6	1.02946	38.48307	8.90171	39.49920	96.87828	1.12674	1	1	1
	-3	3	-6	1.02946	38.48307	8.90171	39.49920	96.87828	1.12674	1	1	1
	-3	3	6	1.02946	38.48307	8.90171	39.49920	96.87828	1.12674	1	1	1
	3	-3	-6	1.02946	38.48307	8.90171	39.49920	96.87828	1.12674	1	1	1
	3	3	-6	1.02946	38.48307	8.90171	39.49920	96.87828	1.12674	1	1	1
	3	-3	6	1.02946	38.48307	8.90171	39.49920	96.87828	1.12674	1	1	1
	3	3	6	1.02946	38.48307	8.90171	39.49920	96.87828	1.12674	1	1	1
	-2	-2	8	1.02350	-58.88309	-9.14892	59.58960	97.63357	2.56216	1	1	1
	-2	2	-8	1.02350	-58.88309	-9.14892	59.58960	97.63357	2.56216	1	1	1
	-2	-2	-8	1.02350	-58.88309	-9.14892	59.58960	97.63357	2.56217	1	1	1
	-2	2	8	1.02350	-58.88309	-9.14892	59.58960	97.63357	2.56217	1	1	1
	2	-2	-8	1.02350	-58.88309	-9.14892	59.58960	97.63357	2.56217	1	1	1
	2	2	-8	1.02350	-58.88309	-9.14892	59.58960	97.63357	2.56216	1	1	1
	2	-2	8	1.02350	-58.88309	-9.14892	59.58960	97.63357	2.56216	1	1	1
	2	2	8	1.02350	-58.88309	-9.14892	59.58960	97.63357	2.56217	1	1	1
	-5	-1	-4	1.01981	0.02707	-2.05563	2.05580	98.10905	0.00305	1	1	1
	-5	1	-4	1.01981	0.02707	-2.05563	2.05580	98.10905	0.00305	1	1	1
	-5	-1	4	1.01981	-0.02707	2.05563	2.05580	98.10905	0.00305	1	1	1
	-5	1	4	1.01981	-0.02707	2.05563	2.05580	98.10905	0.00305	1	1	1
	-1	-5	-4	1.01981	-0.02707	2.05562	2.05580	98.10905	0.00305	1	1	1
	-1	5	-4	1.01981	-0.02707	2.05563	2.05581	98.10905	0.00305	1	1	1
	-1	-5	4	1.01981	0.02707	-2.05563	2.05580	98.10905	0.00305	1	1	1
	1	-5	4	1.01981	0.02707	-2.05563	2.05581	98.10905	0.00305	1	1	1
	1	5	-4	1.01981	-0.02707	2.05563	2.05580	98.10905	0.00305	1	1	1
	1	-5	-4	1.01981	-0.02707	2.05562	2.05580	98.10905	0.00305	1	1	1
	-1	5	4	1.01981	0.02707	-2.05562	2.05580	98.10905	0.00305	1	1	1
	1	5	4	1.01981	0.02707	-2.05562	2.05580	98.10905	0.00305	1	1	1
	5	-1	-4	1.01981	0.02707	-2.05563	2.05580	98.10905	0.00305	1	1	1
	5	1	-4	1.01981	0.02707	-2.05563	2.05580	98.10905	0.00305	1	1	1
	5	-1	4	1.01981	-0.02707	2.05563	2.05580	98.10905	0.00305	1	1	1
	5	1	4	1.01981	-0.02707	2.05563	2.05580	98.10905	0.00305	1	1	1
	4	-4	0	1.01859	120.68108	26.66192	123.59100	98.26767	11.01827	1	1	1
	4	4	0	1.01859	120.68108	26.66192	123.59100	98.26767	11.01827	1	1	1
	-4	4	0	1.01859	120.68108	26.66192	123.59100	98.26767	11.01827	1	1	1
	-4	-4	0	1.01859	120.68108	26.66192	123.59100	98.26767	11.01827	1	1	1
	-5	-2	-3	1.01335	-5.03571	-1.67187	5.30599	98.95509	0.02031	1	1	1
	-2	-5	-3	1.01335	-1.67187	5.03571	5.30599	98.95509	0.02031	1	1	1
	2	-5	-3	1.01335	-1.67187	5.03571	5.30599	98.95509	0.02031	1	1	1
	-2	5	3	1.01335	-5.03571	-1.67187	5.30599	98.95509	0.02031	1	1	1
	2	5	3	1.01335	-5.03571	-1.67187	5.30599	98.95509	0.02031	1	1	1
	5	2	3	1.01335	-1.67187	5.03571	5.30599	98.95509	0.02031	1	1	1
	-5	2	-3	1.01335	-5.03571	-1.67187	5.30599	98.95509	0.02031	1	1	1
	-5	-2	3	1.01335	-1.67188	5.03571	5.30599	98.95509	0.02031	1	1	1
	-5	2	3	1.01335	-1.67187	5.03571	5.30599	98.95509	0.02031	1	1	1
	-2	-5	3	1.01335	-5.03571	-1.67187	5.30599	98.95509	0.02031	1	1	1
	2	-5	3	1.01335	-5.03571	-1.67187	5.30599	98.95509	0.02031	1	1	1
	-2	5	-3	1.01335	-1.67187	5.03571	5.30599	98.95509	0.02031	1	1	1
	5	-2	3	1.01335	-1.67187	5.03571	5.30599	98.95509	0.02031	1	1	1
	5	2	-3	1.01335	-5.03571	-1.67187	5.30599	98.95509	0.02031	1	1	1
	5	-2	-3	1.01335	-5.03571	-1.67187	5.30599	98.95509	0.02031	1	1	1
	2	5	-3	1.01335	-1.67187	5.03571	5.30599	98.95509	0.02031	1	1	1
	-4	-2	-6	0.99809	17.08550	-40.10981	43.59710	101.02562	1.37561	1	1	1
	-2	-4	6	0.99809	17.08549	-40.10981	43.59710	101.02562	1.37561	1	1	1
	-2	4	-6	0.99809	-17.08549	40.10981	43.59710	101.02562	1.37561	1	1	1
	2	-4	-6	0.99809	-17.08549	40.10981	43.59710	101.02562	1.37561	1	1	1
	-2	4	6	0.99809	17.08549	-40.10981	43.59710	101.02562	1.37561	1	1	1
	-4	2	6	0.99809	-17.08549	40.10981	43.59710	101.02562	1.37561	1	1	1
	-2	-4	-6	0.99809	-17.08549	40.10981	43.59710	101.02562	1.37561	1	1	1
	-4	2	-6	0.99809	17.08549	-40.10981	43.59710	101.02562	1.37561	1	1	1
	-4	-2	6	0.99809	-17.08549	40.10981	43.59710	101.02562	1.37561	1	1	1
	2	-4	6	0.99809	17.08549	-40.10981	43.59710	101.02562	1.37561	1	1	1
	2	4	-6	0.99809	-17.08549	40.10981	43.59710	101.02562	1.37561	1	1	1
	4	-2	-6	0.99809	17.08549	-40.10981	43.59710	101.02562	1.37561	1	1	1
	2	4	6	0.99809	17.08549	-40.10981	43.59710	101.02562	1.37561	1	1	1
	4	-2	6	0.99809	-17.08549	40.10981	43.59710	101.02562	1.37561	1	1	1
	4	2	-6	0.99809	17.08549	-40.10981	43.59710	101.02562	1.37561	1	1	1
	4	2	6	0.99809	-17.08548	40.10981	43.59710	101.02562	1.37561	1	1	1
	-3	-1	-8	0.99266	0.06024	-4.44469	4.44510	101.78995	0.01433	1	1	1
	-3	-1	8	0.99266	-0.06024	4.44470	4.44510	101.78995	0.01433	1	1	1
	-3	1	-8	0.99266	0.06024	-4.44470	4.44510	101.78995	0.01433	1	1	1
	-3	1	8	0.99266	-0.06024	4.44470	4.44510	101.78995	0.01433	1	1	1
	-1	-3	8	0.99266	0.06024	-4.44470	4.44510	101.78995	0.01433	1	1	1
	-1	-3	-8	0.99266	-0.06024	4.44469	4.44510	101.78995	0.01433	1	1	1
	1	-3	-8	0.99266	-0.06024	4.44469	4.44510	101.78995	0.01433	1	1	1
	1	-3	8	0.99266	0.06024	-4.44470	4.44510	101.78995	0.01433	1	1	1
	-1	3	8	0.99266	0.06023	-4.44469	4.44510	101.78995	0.01433	1	1	1
	-1	3	-8	0.99266	-0.06024	4.44470	4.44510	101.78995	0.01433	1	1	1
	1	3	-8	0.99266	-0.06024	4.44470	4.44510	101.78995	0.01433	1	1	1
	1	3	8	0.99266	0.06023	-4.44469	4.44510	101.78995	0.01433	1	1	1
	3	-1	8	0.99266	-0.06023	4.44470	4.44510	101.78995	0.01433	1	1	1
	3	-1	-8	0.99266	0.06024	-4.44470	4.44510	101.78995	0.01433	1	1	1
	3	1	-8	0.99266	0.06024	-4.44470	4.44510	101.78995	0.01433	1	1	1
	3	1	8	0.99266	-0.06023	4.44469	4.44510	101.78995	0.01433	1	1	1
	-5	0	5	0.98449	-37.66902	-58.81888	69.84710	102.96804	3.55450	1	1	1
	-4	-3	-5	0.98449	-24.08833	-44.86172	50.91980	102.96804	1.88910	1	1	1
	-5	0	-5	0.98449	-58.81888	37.66902	69.84710	102.96804	3.55450	1	1	1
	-3	-4	5	0.98449	-24.08832	-44.86172	50.91970	102.96804	1.88910	1	1	1
	-3	4	-5	0.98449	-44.86172	24.08832	50.91980	102.96804	1.88910	1	1	1
	0	-5	-5	0.98449	-37.66902	-58.81888	69.84710	102.96804	3.55450	1	1	1
	-3	4	5	0.98449	-24.08832	-44.86171	50.91970	102.96804	1.88910	1	1	1
	-4	3	5	0.98449	-44.86171	24.08832	50.91970	102.96804	1.88910	1	1	1
	-3	-4	-5	0.98449	-44.86172	24.08833	50.91980	102.96804	1.88910	1	1	1
	-4	3	-5	0.98449	-24.08832	-44.86172	50.91970	102.96804	1.88910	1	1	1
	-4	-3	5	0.98449	-44.86171	24.08832	50.91970	102.96804	1.88910	1	1	1
	0	-5	5	0.98449	-58.81887	37.66901	69.84710	102.96804	3.55450	1	1	1
	0	5	-5	0.98449	-37.66901	-58.81887	69.84710	102.96804	3.55450	1	1	1
	3	-4	-5	0.98449	-44.86171	24.08832	50.91970	102.96804	1.88910	1	1	1
	0	5	5	0.98449	-58.81888	37.66902	69.84710	102.96804	3.55450	1	1	1
	3	4	5	0.98449	-24.08833	-44.86172	50.91980	102.96804	1.88910	1	1	1
	4	-3	-5	0.98449	-24.08832	-44.86171	50.91970	102.96804	1.88910	1	1	1
	3	4	-5	0.98449	-44.86171	24.08832	50.91970	102.96804	1.88910	1	1	1
	3	-4	5	0.98449	-24.08833	-44.86171	50.91970	102.96804	1.88910	1	1	1
	4	-3	5	0.98449	-44.86172	24.08832	50.91970	102.96804	1.88910	1	1	1
	4	3	-5	0.98449	-24.08832	-44.86171	50.91970	102.96804	1.88910	1	1	1
	5	0	-5	0.98449	-58.81888	37.66902	69.84710	102.96804	3.55450	1	1	1
	4	3	5	0.98449	-44.86172	24.08833	50.91980	102.96804	1.88910	1	1	1
	5	0	5	0.98449	-37.66902	-58.81889	69.84710	102.96804	3.55450	1	1	1
	-2	1	-9	0.97414	-29.46061	-50.28348	58.27830	104.51068	2.49385	1	1	1
	-2	1	9	0.97414	-50.28348	29.46061	58.27830	104.51068	2.49385	1	1	1
	-2	-1	9	0.97414	-50.28348	29.46061	58.27830	104.51068	2.49385	1	1	1
	-2	-1	-9	0.97414	-29.46061	-50.28348	58.27830	104.51068	2.49385	1	1	1
	-1	-2	-9	0.97414	-50.28348	29.46061	58.27830	104.51068	2.49385	1	1	1
	-1	-2	9	0.97414	-29.46061	-50.28348	58.27830	104.51068	2.49385	1	1	1
	-1	2	-9	0.97414	-50.28348	29.46061	58.27830	104.51068	2.49385	1	1	1
	1	-2	-9	0.97414	-50.28348	29.46061	58.27830	104.51068	2.49385	1	1	1
	-1	2	9	0.97414	-29.46061	-50.28348	58.27830	104.51068	2.49385	1	1	1
	1	2	9	0.97414	-29.46061	-50.28348	58.27830	104.51068	2.49385	1	1	1
	2	-1	-9	0.97414	-29.46061	-50.28348	58.27830	104.51068	2.49385	1	1	1
	1	2	-9	0.97414	-50.28348	29.46061	58.27830	104.51068	2.49385	1	1	1
	1	-2	9	0.97414	-29.46061	-50.28348	58.27830	104.51068	2.49385	1	1	1
	2	-1	9	0.97414	-50.28348	29.46061	58.27830	104.51068	2.49385	1	1	1
	2	1	-9	0.97414	-29.46061	-50.28348	58.27830	104.51068	2.49385	1	1	1
	2	1	9	0.97414	-50.28348	29.46061	58.27830	104.51068	2.49385	1	1	1
	-4	-1	7	0.97201	3.47952	7.00433	7.82098	104.83527	0.04500	1	1	1
	-4	1	-7	0.97201	7.00433	-3.47952	7.82098	104.83527	0.04500	1	1	1
	-1	-4	-7	0.97201	3.47952	7.00433	7.82098	104.83527	0.04500	1	1	1
	-4	1	7	0.97201	3.47952	7.00433	7.82098	104.83527	0.04500	1	1	1
	-4	-1	-7	0.97201	7.00433	-3.47952	7.82098	104.83527	0.04500	1	1	1
	-1	-4	7	0.97201	7.00433	-3.47952	7.82098	104.83527	0.04500	1	1	1
	-1	4	-7	0.97201	3.47952	7.00433	7.82098	104.83527	0.04500	1	1	1
	1	-4	-7	0.97201	3.47952	7.00433	7.82098	104.83527	0.04500	1	1	1
	-1	4	7	0.97201	7.00433	-3.47952	7.82098	104.83527	0.04500	1	1	1
	1	4	7	0.97201	7.00433	-3.47952	7.82098	104.83527	0.04500	1	1	1
	4	-1	-7	0.97201	7.00433	-3.47952	7.82098	104.83527	0.04500	1	1	1
	1	4	-7	0.97201	3.47952	7.00433	7.82098	104.83527	0.04500	1	1	1
	1	-4	7	0.97201	7.00433	-3.47952	7.82098	104.83527	0.04500	1	1	1
	4	-1	7	0.97201	3.47952	7.00433	7.82098	104.83527	0.04500	1	1	1
	4	1	-7	0.97201	7.00433	-3.47952	7.82098	104.83527	0.04500	1	1	1
	4	1	7	0.97201	3.47952	7.00433	7.82098	104.83527	0.04500	1	1	1
	-3	5	-2	0.96733	30.77873	8.56645	31.94860	105.55811	0.75436	1	1	1
	-3	5	2	0.96733	30.77873	8.56645	31.94860	105.55811	0.75436	1	1	1
	3	-5	2	0.96733	30.77873	8.56645	31.94860	105.55811	0.75436	1	1	1
	3	-5	-2	0.96733	30.77873	8.56645	31.94860	105.55811	0.75436	1	1	1
	5	-3	-2	0.96733	30.77873	8.56645	31.94860	105.55811	0.75436	1	1	1
	5	-3	2	0.96733	30.77873	8.56645	31.94860	105.55811	0.75436	1	1	1
	3	5	2	0.96733	30.77873	8.56645	31.94860	105.55811	0.75436	1	1	1
	3	5	-2	0.96733	30.77873	8.56645	31.94860	105.55811	0.75436	1	1	1
	-5	3	-2	0.96733	30.77873	8.56645	31.94860	105.55811	0.75436	1	1	1
	-5	3	2	0.96733	30.77873	8.56645	31.94860	105.55811	0.75436	1	1	1
	-3	-5	2	0.96733	30.77873	8.56645	31.94860	105.55811	0.75436	1	1	1
	-3	-5	-2	0.96733	30.77873	8.56645	31.94860	105.55811	0.75436	1	1	1
	-5	-3	-2	0.96733	30.77873	8.56645	31.94860	105.55811	0.75436	1	1	1
	-5	-3	2	0.96733	30.77873	8.56645	31.94860	105.55811	0.75436	1	1	1
	5	3	-2	0.96733	30.77873	8.56645	31.94860	105.55811	0.75436	1	1	1
	5	3	2	0.96733	30.77873	8.56645	31.94860	105.55811	0.75436	1	1	1
	-6	0	0	0.96033	37.73778	8.63526	38.71310	106.66483	1.11638	1	1	1
	0	6	0	0.96033	37.73778	8.63526	38.71310	106.66483	1.11638	1	1	1
	0	-6	0	0.96033	37.73778	8.63526	38.71310	106.66483	1.11638	1	1	1
	6	0	0	0.96033	37.73778	8.63526	38.71310	106.66483	1.11638	1	1	1
	-6	-1	-1	0.94256	-23.57771	-43.90945	49.83920	109.61808	1.89901	1	1	1
	-6	-1	1	0.94256	-43.90945	23.57771	49.83920	109.61808	1.89901	1	1	1
	-1	-6	-1	0.94256	-43.90945	23.57770	49.83920	109.61808	1.89901	1	1	1
	-1	-6	1	0.94256	-23.57770	-43.90945	49.83920	109.61808	1.89901	1	1	1
	-1	6	-1	0.94256	-43.90945	23.57770	49.83920	109.61808	1.89901	1	1	1
	1	-6	-1	0.94256	-43.90945	23.57771	49.83920	109.61808	1.89901	1	1	1
	-1	6	1	0.94256	-23.57771	-43.90945	49.83920	109.61808	1.89901	1	1	1
	1	6	1	0.94256	-23.57770	-43.90945	49.83920	109.61808	1.89901	1	1	1
	6	1	-1	0.94256	-23.57770	-43.90945	49.83920	109.61808	1.89901	1	1	1
	1	6	-1	0.94256	-43.90945	23.57770	49.83920	109.61808	1.89901	1	1	1
	1	-6	1	0.94256	-23.57770	-43.90945	49.83920	109.61808	1.89901	1	1	1
	6	1	1	0.94256	-43.90945	23.57771	49.83920	109.61808	1.89901	1	1	1
	-6	1	-1	0.94256	-23.57771	-43.90945	49.83920	109.61808	1.89901	1	1	1
	6	-1	-1	0.94256	-23.57770	-43.90945	49.83920	109.61808	1.89901	1	1	1
	-6	1	1	0.94256	-43.90944	23.57771	49.83920	109.61808	1.89901	1	1	1
	6	-1	1	0.94256	-43.90945	23.57771	49.83920	109.61808	1.89901	1	1	1
	-6	0	-2	0.94117	16.58712	-38.87231	42.26330	109.85878	1.36888	1	1	1
	0	6	2	0.94117	16.58713	-38.87231	42.26330	109.85878	1.36888	1	1	1
	0	-6	-2	0.94117	-16.58712	38.87231	42.26330	109.85878	1.36888	1	1	1
	6	0	2	0.94117	-16.58713	38.87231	42.26330	109.85878	1.36888	1	1	1
	-6	0	2	0.94117	-16.58713	38.87231	42.26330	109.85878	1.36888	1	1	1
	0	6	-2	0.94117	-16.58712	38.87231	42.26330	109.85878	1.36888	1	1	1
	0	-6	2	0.94117	16.58713	-38.87231	42.26330	109.85878	1.36888	1	1	1
	6	0	-2	0.94117	16.58712	-38.87231	42.26330	109.85878	1.36888	1	1	1
	-4	-4	4	0.93566	-48.19996	-8.68279	48.97580	110.82530	1.85708	1	1	1
	-4	4	-4	0.93566	-48.19996	-8.68279	48.97580	110.82530	1.85708	1	1	1
	-4	-4	-4	0.93566	-48.19996	-8.68279	48.97580	110.82530	1.85708	1	1	1
	-4	4	4	0.93566	-48.19996	-8.68280	48.97580	110.82530	1.85708	1	1	1
	4	-4	-4	0.93566	-48.19996	-8.68279	48.97580	110.82530	1.85708	1	1	1
	4	4	-4	0.93566	-48.19996	-8.68280	48.97580	110.82530	1.85708	1	1	1
	4	-4	4	0.93566	-48.19996	-8.68279	48.97580	110.82530	1.85708	1	1	1
	4	4	4	0.93566	-48.19996	-8.68279	48.97580	110.82530	1.85708	1	1	1
	-2	-5	-5	0.93160	-0.54289	2.79021	2.84253	111.55426	0.00631	1	1	1
	-2	-5	5	0.93160	2.79020	0.54289	2.84253	111.55426	0.00631	1	1	1
	-5	-2	5	0.93160	-0.54289	2.79021	2.84253	111.55426	0.00631	1	1	1
	-5	-2	-5	0.93160	2.79021	0.54288	2.84254	111.55426	0.00631	1	1	1
	-2	5	-5	0.93160	-0.54289	2.79020	2.84253	111.55426	0.00631	1	1	1
	-2	5	5	0.93160	2.79020	0.54289	2.84253	111.55426	0.00631	1	1	1
	2	-5	-5	0.93160	-0.54289	2.79021	2.84253	111.55426	0.00631	1	1	1
	2	5	-5	0.93160	-0.54289	2.79020	2.84253	111.55426	0.00631	1	1	1
	2	-5	5	0.93160	2.79020	0.54289	2.84253	111.55426	0.00631	1	1	1
	2	5	5	0.93160	2.79021	0.54288	2.84253	111.55426	0.00631	1	1	1
	5	2	-5	0.93160	2.79021	0.54289	2.84253	111.55426	0.00631	1	1	1
	5	2	5	0.93160	-0.54288	2.79021	2.84253	111.55426	0.00631	1	1	1
	-5	2	-5	0.93160	2.79021	0.54289	2.84253	111.55426	0.00631	1	1	1
	-5	2	5	0.93160	-0.54289	2.79021	2.84253	111.55426	0.00631	1	1	1
	5	-2	-5	0.93160	2.79021	0.54289	2.84253	111.55426	0.00631	1	1	1
	5	-2	5	0.93160	-0.54289	2.79021	2.84253	111.55426	0.00631	1	1	1
	-3	0	9	0.92281	4.25815	7.71541	8.81246	113.17465	0.06181	1	1	1
	-3	0	-9	0.92281	7.71541	-4.25815	8.81246	113.17465	0.06181	1	1	1
	0	3	-9	0.92281	4.25815	7.71541	8.81246	113.17465	0.06181	1	1	1
	0	3	9	0.92281	7.71541	-4.25815	8.81246	113.17465	0.06181	1	1	1
	0	-3	9	0.92281	7.71541	-4.25815	8.81246	113.17465	0.06181	1	1	1
	0	-3	-9	0.92281	4.25815	7.71541	8.81246	113.17465	0.06181	1	1	1
	3	0	-9	0.92281	7.71541	-4.25815	8.81246	113.17465	0.06181	1	1	1
	3	0	9	0.92281	4.25815	7.71541	8.81246	113.17465	0.06181	1	1	1
	-1	-1	10	0.92241	30.78373	8.37214	31.90190	113.25034	0.81087	1	1	1
	-1	-1	-10	0.92241	30.78373	8.37214	31.90190	113.25034	0.81087	1	1	1
	1	-1	-10	0.92241	30.78373	8.37214	31.90190	113.25034	0.81087	1	1	1
	1	-1	10	0.92241	30.78373	8.37215	31.90190	113.25034	0.81087	1	1	1
	-1	1	10	0.92241	30.78373	8.37215	31.90190	113.25034	0.81087	1	1	1
	-1	1	-10	0.92241	30.78373	8.37214	31.90190	113.25034	0.81087	1	1	1
	1	1	-10	0.92241	30.78373	8.37214	31.90190	113.25034	0.81087	1	1	1
	1	1	10	0.92241	30.78373	8.37215	31.90190	113.25034	0.81087	1	1	1
	-5	-1	-6	0.91881	23.96143	8.25544	25.34370	113.93563	0.51631	1	1	1
	-5	1	-6	0.91881	23.96143	8.25544	25.34370	113.93563	0.51631	1	1	1
	-5	-1	6	0.91881	23.96143	8.25544	25.34370	113.93563	0.51631	1	1	1
	-1	-5	6	0.91881	23.96143	8.25544	25.34370	113.93563	0.51631	1	1	1
	-1	5	-6	0.91881	23.96143	8.25544	25.34370	113.93563	0.51631	1	1	1
	-1	-5	-6	0.91881	23.96142	8.25544	25.34370	113.93563	0.51631	1	1	1
	-5	1	6	0.91881	23.96143	8.25544	25.34370	113.93563	0.51631	1	1	1
	1	5	6	0.91881	23.96142	8.25544	25.34370	113.93563	0.51631	1	1	1
	5	-1	-6	0.91881	23.96143	8.25544	25.34370	113.93563	0.51631	1	1	1
	5	1	-6	0.91881	23.96143	8.25544	25.34370	113.93563	0.51631	1	1	1
	5	-1	6	0.91881	23.96143	8.25544	25.34370	113.93563	0.51631	1	1	1
	1	-5	6	0.91881	23.96143	8.25544	25.34370	113.93563	0.51631	1	1	1
	1	5	-6	0.91881	23.96143	8.25544	25.34370	113.93563	0.51631	1	1	1
	1	-5	-6	0.91881	23.96142	8.25544	25.34370	113.93563	0.51631	1	1	1
	-1	5	6	0.91881	23.96142	8.25544	25.34370	113.93563	0.51631	1	1	1
	5	1	6	0.91881	23.96143	8.25544	25.34370	113.93563	0.51631	1	1	1
	-4	0	-8	0.91456	104.00219	25.17908	107.00700	114.75800	9.30687	1	1	1
	0	-4	-8	0.91456	104.00219	25.17907	107.00700	114.75800	9.30687	1	1	1
	-4	0	8	0.91456	104.00218	25.17907	107.00700	114.75800	9.30687	1	1	1
	0	4	8	0.91456	104.00219	25.17907	107.00700	114.75800	9.30687	1	1	1
	4	0	-8	0.91456	104.00218	25.17907	107.00700	114.75800	9.30687	1	1	1
	0	4	-8	0.91456	104.00218	25.17907	107.00700	114.75800	9.30687	1	1	1
	0	-4	8	0.91456	104.00218	25.17907	107.00700	114.75800	9.30687	1	1	1
	4	0	8	0.91456	104.00219	25.17907	107.00700	114.75800	9.30687	1	1	1
	-5	-3	-4	0.91193	0.05494	-3.71646	3.71686	115.27777	0.01131	1	1	1
	-5	-3	4	0.91193	-0.05494	3.71646	3.71686	115.27777	0.01131	1	1	1
	-5	3	4	0.91193	-0.05494	3.71646	3.71687	115.27777	0.01131	1	1	1
	-5	3	-4	0.91193	0.05494	-3.71646	3.71687	115.27777	0.01131	1	1	1
	-3	5	-4	0.91193	-0.05493	3.71646	3.71687	115.27777	0.01131	1	1	1
	-3	5	4	0.91193	0.05494	-3.71646	3.71686	115.27777	0.01131	1	1	1
	-3	-5	4	0.91193	0.05494	-3.71646	3.71687	115.27777	0.01131	1	1	1
	-3	-5	-4	0.91193	-0.05494	3.71646	3.71686	115.27777	0.01131	1	1	1
	5	-3	-4	0.91193	0.05494	-3.71646	3.71687	115.27777	0.01131	1	1	1
	5	-3	4	0.91193	-0.05494	3.71646	3.71687	115.27777	0.01131	1	1	1
	5	3	4	0.91193	-0.05494	3.71646	3.71686	115.27777	0.01131	1	1	1
	5	3	-4	0.91193	0.05494	-3.71646	3.71686	115.27777	0.01131	1	1	1
	3	5	-4	0.91193	-0.05493	3.71646	3.71687	115.27777	0.01131	1	1	1
	3	5	4	0.91193	0.05494	-3.71646	3.71686	115.27777	0.01131	1	1	1
	3	-5	4	0.91193	0.05494	-3.71646	3.71687	115.27777	0.01131	1	1	1
	3	-5	-4	0.91193	-0.05494	3.71646	3.71686	115.27777	0.01131	1	1	1
	-6	-2	0	0.91105	-45.43107	-8.53598	46.22600	115.45152	1.75376	1	1	1
	-6	2	0	0.91105	-45.43107	-8.53598	46.22600	115.45152	1.75376	1	1	1
	-2	-6	0	0.91105	-45.43107	-8.53598	46.22600	115.45152	1.75376	1	1	1
	2	-6	0	0.91105	-45.43107	-8.53598	46.22600	115.45152	1.75376	1	1	1
	-2	6	0	0.91105	-45.43107	-8.53598	46.22600	115.45152	1.75376	1	1	1
	2	6	0	0.91105	-45.43107	-8.53598	46.22600	115.45152	1.75376	1	1	1
	6	-2	0	0.91105	-45.43107	-8.53598	46.22600	115.45152	1.75376	1	1	1
	6	2	0	0.91105	-45.43107	-8.53598	46.22600	115.45152	1.75376	1	1	1
	-6	-1	-3	0.90730	5.08980	-1.73922	5.37875	116.20663	0.02401	1	1	1
	-1	-6	3	0.90730	5.08979	-1.73922	5.37875	116.20663	0.02401	1	1	1
	-1	6	-3	0.90730	1.73922	5.08980	5.37875	116.20663	0.02401	1	1	1
	1	-6	-3	0.90730	1.73922	5.08979	5.37875	116.20663	0.02401	1	1	1
	-1	6	3	0.90730	5.08980	-1.73922	5.37875	116.20663	0.02401	1	1	1
	-6	1	3	0.90730	1.73922	5.08980	5.37875	116.20663	0.02401	1	1	1
	-1	-6	-3	0.90730	1.73922	5.08980	5.37875	116.20663	0.02401	1	1	1
	-6	1	-3	0.90730	5.08980	-1.73921	5.37875	116.20663	0.02401	1	1	1
	-6	-1	3	0.90730	1.73922	5.08980	5.37875	116.20663	0.02401	1	1	1
	1	-6	3	0.90730	5.08979	-1.73922	5.37874	116.20663	0.02401	1	1	1
	1	6	-3	0.90730	1.73922	5.08980	5.37875	116.20663	0.02401	1	1	1
	6	-1	-3	0.90730	5.08980	-1.73922	5.37875	116.20663	0.02401	1	1	1
	1	6	3	0.90730	5.08980	-1.73922	5.37875	116.20663	0.02401	1	1	1
	6	-1	3	0.90730	1.73923	5.08979	5.37874	116.20663	0.02401	1	1	1
	6	1	-3	0.90730	5.08980	-1.73922	5.37875	116.20663	0.02401	1	1	1
	6	1	3	0.90730	1.73923	5.08979	5.37875	116.20663	0.02401	1	1	1
	-2	0	-10	0.89964	16.11170	-33.70946	37.36190	117.79028	1.18657	1	1	1
	-2	0	10	0.89964	-16.11170	33.70946	37.36190	117.79028	1.18657	1	1	1
	0	-2	-10	0.89964	-16.11170	33.70946	37.36190	117.79028	1.18657	1	1	1
	0	-2	10	0.89964	16.11170	-33.70946	37.36190	117.79028	1.18657	1	1	1
	0	2	-10	0.89964	-16.11170	33.70946	37.36190	117.79028	1.18657	1	1	1
	2	0	-10	0.89964	16.11170	-33.70946	37.36190	117.79028	1.18657	1	1	1
	0	2	10	0.89964	16.11170	-33.70946	37.36190	117.79028	1.18657	1	1	1
	2	0	10	0.89964	-16.11169	33.70946	37.36190	117.79028	1.18657	1	1	1
	-5	-4	-1	0.89584	14.78912	-11.17483	18.53630	118.60207	0.29589	1	1	1
	-5	4	-1	0.89584	14.78911	-11.17483	18.53630	118.60207	0.29589	1	1	1
	-5	-4	1	0.89584	11.17483	14.78912	18.53630	118.60207	0.29589	1	1	1
	-5	4	1	0.89584	11.17483	14.78912	18.53630	118.60207	0.29589	1	1	1
	-4	-5	-1	0.89584	11.17483	14.78912	18.53630	118.60207	0.29589	1	1	1
	-4	5	-1	0.89584	11.17483	14.78912	18.53630	118.60207	0.29589	1	1	1
	-4	-5	1	0.89584	14.78912	-11.17483	18.53630	118.60207	0.29589	1	1	1
	4	-5	1	0.89584	14.78912	-11.17483	18.53630	118.60207	0.29589	1	1	1
	4	5	-1	0.89584	11.17483	14.78912	18.53630	118.60207	0.29589	1	1	1
	4	-5	-1	0.89584	11.17483	14.78912	18.53630	118.60207	0.29589	1	1	1
	-4	5	1	0.89584	14.78912	-11.17483	18.53630	118.60207	0.29589	1	1	1
	4	5	1	0.89584	14.78912	-11.17483	18.53630	118.60207	0.29589	1	1	1
	5	-4	-1	0.89584	14.78912	-11.17483	18.53630	118.60207	0.29589	1	1	1
	5	4	-1	0.89584	14.78912	-11.17483	18.53630	118.60207	0.29589	1	1	1
	5	-4	1	0.89584	11.17483	14.78911	18.53630	118.60207	0.29589	1	1	1
	5	4	1	0.89584	11.17483	14.78912	18.53630	118.60207	0.29589	1	1	1
	-6	-2	-2	0.89464	0.09052	-6.01007	6.01075	118.86043	0.03124	1	1	1
	-6	2	-2	0.89464	0.09052	-6.01007	6.01075	118.86043	0.03124	1	1	1
	-6	-2	2	0.89464	-0.09052	6.01007	6.01075	118.86043	0.03124	1	1	1
	-6	2	2	0.89464	-0.09052	6.01007	6.01075	118.86043	0.03124	1	1	1
	-2	-6	-2	0.89464	-0.09052	6.01007	6.01075	118.86043	0.03124	1	1	1
	-2	-6	2	0.89464	0.09052	-6.01007	6.01075	118.86043	0.03124	1	1	1
	-2	6	2	0.89464	0.09052	-6.01007	6.01075	118.86043	0.03124	1	1	1
	-2	6	-2	0.89464	-0.09052	6.01007	6.01075	118.86043	0.03124	1	1	1
	2	6	-2	0.89464	-0.09052	6.01007	6.01075	118.86043	0.03124	1	1	1
	2	6	2	0.89464	0.09052	-6.01007	6.01075	118.86043	0.03124	1	1	1
	2	-6	2	0.89464	0.09052	-6.01007	6.01075	118.86043	0.03124	1	1	1
	2	-6	-2	0.89464	-0.09052	6.01007	6.01075	118.86043	0.03124	1	1	1
	6	-2	-2	0.89464	0.09052	-6.01007	6.01075	118.86043	0.03124	1	1	1
	6	-2	2	0.89464	-0.09052	6.01007	6.01075	118.86043	0.03124	1	1	1
	6	2	2	0.89464	-0.09052	6.01007	6.01075	118.86043	0.03124	1	1	1
	6	2	-2	0.89464	0.09052	-6.01007	6.01075	118.86043	0.03124	1	1	1
	0	-6	-4	0.88991	20.07824	8.05435	21.63350	119.90044	0.41185	1	1	1
	0	-6	4	0.88991	20.07824	8.05436	21.63350	119.90044	0.41185	1	1	1
	-6	0	4	0.88991	20.07824	8.05435	21.63350	119.90044	0.41185	1	1	1
	-6	0	-4	0.88991	20.07824	8.05435	21.63350	119.90044	0.41185	1	1	1
	0	6	-4	0.88991	20.07824	8.05435	21.63350	119.90044	0.41185	1	1	1
	0	6	4	0.88991	20.07824	8.05436	21.63350	119.90044	0.41185	1	1	1
	6	0	4	0.88991	20.07824	8.05436	21.63350	119.90044	0.41185	1	1	1
	6	0	-4	0.88991	20.07824	8.05435	21.63350	119.90044	0.41185	1	1	1
	-3	-2	9	0.87883	-29.52110	-49.29024	57.45450	122.44637	3.03979	1	1	1
	-3	-2	-9	0.87883	-49.29024	29.52110	57.45450	122.44637	3.03979	1	1	1
	3	2	-9	0.87883	-49.29024	29.52110	57.45450	122.44637	3.03979	1	1	1
	3	2	9	0.87883	-29.52110	-49.29024	57.45450	122.44637	3.03979	1	1	1
	-3	2	9	0.87883	-29.52110	-49.29024	57.45450	122.44637	3.03979	1	1	1
	-3	2	-9	0.87883	-49.29024	29.52110	57.45450	122.44637	3.03979	1	1	1
	-2	-3	-9	0.87883	-29.52110	-49.29024	57.45450	122.44637	3.03979	1	1	1
	-2	-3	9	0.87883	-49.29024	29.52110	57.45450	122.44637	3.03979	1	1	1
	-2	3	-9	0.87883	-29.52110	-49.29024	57.45450	122.44637	3.03979	1	1	1
	2	-3	-9	0.87883	-29.52110	-49.29024	57.45450	122.44637	3.03979	1	1	1
	-2	3	9	0.87883	-49.29024	29.52110	57.45450	122.44637	3.03979	1	1	1
	2	3	9	0.87883	-49.29024	29.52110	57.45450	122.44637	3.03979	1	1	1
	3	-2	-9	0.87883	-49.29024	29.52110	57.45450	122.44637	3.03979	1	1	1
	2	3	-9	0.87883	-29.52110	-49.29024	57.45450	122.44637	3.03979	1	1	1
	2	-3	9	0.87883	-49.29024	29.52110	57.45450	122.44637	3.03979	1	1	1
	3	-2	9	0.87883	-29.52110	-49.29024	57.45450	122.44637	3.03979	1	1	1
	-4	-3	7	0.87727	-2.69450	0.45210	2.73216	122.81923	0.00692	1	1	1
	-4	3	-7	0.87727	0.45210	2.69450	2.73216	122.81923	0.00692	1	1	1
	-3	-4	-7	0.87727	-2.69450	0.45210	2.73216	122.81923	0.00692	1	1	1
	-4	3	7	0.87727	-2.69450	0.45210	2.73216	122.81923	0.00692	1	1	1
	-5	0	7	0.87727	10.22626	-6.78420	12.27200	122.81923	0.13965	1	1	1
	-4	-3	-7	0.87727	0.45210	2.69450	2.73216	122.81923	0.00692	1	1	1
	-5	0	-7	0.87727	6.78420	10.22626	12.27200	122.81923	0.13965	1	1	1
	3	-4	7	0.87727	0.45210	2.69450	2.73216	122.81923	0.00692	1	1	1
	3	4	-7	0.87727	-2.69450	0.45210	2.73216	122.81923	0.00692	1	1	1
	4	-3	-7	0.87727	0.45210	2.69450	2.73216	122.81923	0.00692	1	1	1
	3	4	7	0.87727	0.45210	2.69450	2.73216	122.81923	0.00692	1	1	1
	4	3	7	0.87727	-2.69450	0.45210	2.73216	122.81923	0.00692	1	1	1
	5	0	-7	0.87727	6.78420	10.22626	12.27200	122.81923	0.13965	1	1	1
	4	3	-7	0.87727	0.45210	2.69450	2.73216	122.81923	0.00692	1	1	1
	4	-3	7	0.87727	-2.69450	0.45210	2.73216	122.81923	0.00692	1	1	1
	0	-5	7	0.87727	6.78420	10.22626	12.27200	122.81923	0.13965	1	1	1
	0	5	-7	0.87727	10.22626	-6.78420	12.27200	122.81923	0.13965	1	1	1
	3	-4	-7	0.87727	-2.69450	0.45210	2.73216	122.81923	0.00692	1	1	1
	0	5	7	0.87727	6.78420	10.22626	12.27200	122.81923	0.13965	1	1	1
	-3	4	7	0.87727	0.45210	2.69450	2.73216	122.81923	0.00692	1	1	1
	0	-5	-7	0.87727	10.22626	-6.78420	12.27200	122.81923	0.13965	1	1	1
	-3	4	-7	0.87727	-2.69450	0.45210	2.73216	122.81923	0.00692	1	1	1
	-3	-4	7	0.87727	0.45210	2.69450	2.73216	122.81923	0.00692	1	1	1
	5	0	7	0.87727	10.22626	-6.78420	12.27200	122.81923	0.13965	1	1	1
	-4	-2	-8	0.87170	23.79344	8.01504	25.10710	124.17769	0.59997	1	1	1
	-4	-2	8	0.87170	23.79344	8.01505	25.10720	124.17769	0.59997	1	1	1
	-4	2	-8	0.87170	23.79344	8.01504	25.10710	124.17769	0.59997	1	1	1
	-2	-4	-8	0.87170	23.79345	8.01505	25.10720	124.17769	0.59997	1	1	1
	-4	2	8	0.87170	23.79344	8.01505	25.10710	124.17769	0.59997	1	1	1
	-2	4	8	0.87170	23.79345	8.01505	25.10720	124.17769	0.59997	1	1	1
	2	-4	-8	0.87170	23.79345	8.01505	25.10720	124.17769	0.59997	1	1	1
	-2	4	-8	0.87170	23.79344	8.01505	25.10720	124.17769	0.59997	1	1	1
	-2	-4	8	0.87170	23.79344	8.01505	25.10720	124.17769	0.59997	1	1	1
	2	-4	8	0.87170	23.79344	8.01505	25.10720	124.17769	0.59997	1	1	1
	2	4	-8	0.87170	23.79344	8.01505	25.10720	124.17769	0.59997	1	1	1
	4	-2	-8	0.87170	23.79344	8.01505	25.10710	124.17769	0.59997	1	1	1
	2	4	8	0.87170	23.79345	8.01505	25.10720	124.17769	0.59997	1	1	1
	4	-2	8	0.87170	23.79344	8.01505	25.10720	124.17769	0.59997	1	1	1
	4	2	-8	0.87170	23.79344	8.01505	25.10720	124.17769	0.59997	1	1	1
	4	2	8	0.87170	23.79344	8.01505	25.10720	124.17769	0.59997	1	1	1
	-5	-4	-3	0.86540	-26.67375	-46.18086	53.33070	125.77364	2.79481	1	1	1
	-5	-4	3	0.86540	-46.18086	26.67375	53.33070	125.77364	2.79481	1	1	1
	-5	4	-3	0.86540	-26.67375	-46.18087	53.33070	125.77364	2.79481	1	1	1
	-5	4	3	0.86540	-46.18086	26.67375	53.33070	125.77364	2.79481	1	1	1
	-4	-5	3	0.86540	-26.67375	-46.18086	53.33070	125.77364	2.79481	1	1	1
	-4	-5	-3	0.86540	-46.18087	26.67375	53.33070	125.77364	2.79481	1	1	1
	4	-5	-3	0.86540	-46.18087	26.67375	53.33070	125.77364	2.79481	1	1	1
	4	-5	3	0.86540	-26.67375	-46.18086	53.33070	125.77364	2.79481	1	1	1
	-4	5	3	0.86540	-26.67375	-46.18086	53.33070	125.77364	2.79481	1	1	1
	-4	5	-3	0.86540	-46.18087	26.67375	53.33070	125.77364	2.79481	1	1	1
	4	5	-3	0.86540	-46.18086	26.67375	53.33070	125.77364	2.79481	1	1	1
	4	5	3	0.86540	-26.67375	-46.18087	53.33070	125.77364	2.79481	1	1	1
	5	-4	3	0.86540	-46.18086	26.67375	53.33070	125.77364	2.79481	1	1	1
	5	-4	-3	0.86540	-26.67375	-46.18086	53.33070	125.77364	2.79481	1	1	1
	5	4	-3	0.86540	-26.67375	-46.18086	53.33070	125.77364	2.79481	1	1	1
	5	4	3	0.86540	-46.18087	26.67375	53.33070	125.77364	2.79481	1	1	1
	3	-6	-1	0.85544	-44.47477	25.14919	51.09290	128.44025	2.71420	1	1	1
	3	-6	1	0.85544	-25.14919	-44.47477	51.09290	128.44025	2.71420	1	1	1
	3	6	-1	0.85544	-44.47477	25.14919	51.09290	128.44025	2.71420	1	1	1
	3	6	1	0.85544	-25.14920	-44.47478	51.09290	128.44025	2.71420	1	1	1
	6	-3	-1	0.85544	-25.14919	-44.47477	51.09290	128.44025	2.71420	1	1	1
	6	-3	1	0.85544	-44.47477	25.14919	51.09290	128.44025	2.71420	1	1	1
	6	3	1	0.85544	-44.47477	25.14919	51.09290	128.44025	2.71420	1	1	1
	6	3	-1	0.85544	-25.14919	-44.47478	51.09290	128.44025	2.71420	1	1	1
	-3	6	-1	0.85544	-44.47477	25.14919	51.09290	128.44025	2.71420	1	1	1
	-3	6	1	0.85544	-25.14919	-44.47478	51.09290	128.44025	2.71420	1	1	1
	-3	-6	1	0.85544	-25.14919	-44.47477	51.09290	128.44025	2.71420	1	1	1
	-3	-6	-1	0.85544	-44.47478	25.14919	51.09290	128.44025	2.71420	1	1	1
	-6	3	1	0.85544	-44.47477	25.14919	51.09290	128.44025	2.71420	1	1	1
	-6	3	-1	0.85544	-25.14919	-44.47477	51.09290	128.44025	2.71420	1	1	1
	-6	-3	1	0.85544	-44.47478	25.14920	51.09290	128.44025	2.71420	1	1	1
	-6	-3	-1	0.85544	-25.14919	-44.47477	51.09290	128.44025	2.71420	1	1	1
