# 	h	k	l	d (Å)	F(real)		F(imag)		|F|			2θ			I			M	ID(λ)	Phase
	-1	0	-1	3.32224	-46.92070	5.56133	47.24910	26.81329	18.36178	1	1	1
	1	0	-1	3.32224	46.92070	-5.56132	47.24910	26.81329	18.36178	1	1	1
	-1	0	1	3.32224	46.92071	-5.56133	47.24910	26.81329	18.36179	1	1	1
	1	0	1	3.32224	-46.92070	5.56132	47.24910	26.81329	18.36178	1	1	1
	0	-1	-2	3.24937	-39.89948	-0.08428	39.89960	27.42618	12.48124	1	1	1
	0	1	-2	3.24937	39.89948	0.08426	39.89960	27.42618	12.48124	1	1	1
	0	-1	2	3.24937	39.89949	0.08427	39.89960	27.42618	12.48124	1	1	1
	0	1	2	3.24937	-39.89948	-0.08425	39.89960	27.42618	12.48124	1	1	1
	0	-2	0	3.12845	-51.56346	5.08418	51.81350	28.50827	19.38521	1	1	1
	0	2	0	3.12845	-51.56346	5.08417	51.81350	28.50827	19.38521	1	1	1
	-1	-1	1	2.93426	-16.18878	-2.46943	16.37600	30.43909	1.68320	1	1	1
	1	1	-1	2.93426	-16.18879	-2.46940	16.37600	30.43909	1.68320	1	1	1
	-1	-1	-1	2.93426	-16.18875	-2.46945	16.37600	30.43909	1.68319	1	1	1
	1	1	1	2.93426	-16.18876	-2.46938	16.37600	30.43909	1.68319	1	1	1
	-1	1	-1	2.93426	16.18877	2.46941	16.37600	30.43909	1.68319	1	1	1
	-1	1	1	2.93426	16.18878	2.46941	16.37600	30.43909	1.68319	1	1	1
	1	-1	1	2.93426	16.18877	2.46942	16.37600	30.43909	1.68319	1	1	1
	1	-1	-1	2.93426	16.18877	2.46942	16.37600	30.43909	1.68319	1	1	1
	0	2	-1	2.89319	0.32994	-3.94070	3.95449	30.88183	0.09515	1	1	1
	0	2	1	2.89319	-0.32993	3.94072	3.95451	30.88183	0.09515	1	1	1
	0	-2	1	2.89319	0.32993	-3.94069	3.95448	30.88183	0.09515	1	1	1
	0	-2	-1	2.89319	-0.32992	3.94068	3.95446	30.88183	0.09515	1	1	1
	1	1	-2	2.43959	-94.73367	-10.07657	95.26810	36.81192	37.69384	1	1	1
	1	1	2	2.43959	94.73368	10.07657	95.26810	36.81192	37.69385	1	1	1
	-1	-1	2	2.43959	-94.73367	-10.07657	95.26810	36.81192	37.69384	1	1	1
	-1	-1	-2	2.43959	94.73368	10.07657	95.26810	36.81192	37.69385	1	1	1
	-1	1	-2	2.43959	94.73367	10.07656	95.26810	36.81192	37.69384	1	1	1
	-1	1	2	2.43959	-94.73367	-10.07656	95.26810	36.81192	37.69384	1	1	1
	1	-1	-2	2.43959	-94.73367	-10.07658	95.26810	36.81192	37.69384	1	1	1
	1	-1	2	2.43959	94.73367	10.07658	95.26810	36.81192	37.69384	1	1	1
	0	-2	-2	2.41584	-21.92250	-3.92946	22.27190	37.18709	2.01464	1	1	1
	0	-2	2	2.41584	-21.92254	-3.92947	22.27190	37.18709	2.01465	1	1	1
	0	2	-2	2.41584	-21.92254	-3.92944	22.27190	37.18709	2.01465	1	1	1
	0	2	2	2.41584	-21.92250	-3.92944	22.27190	37.18709	2.01464	1	1	1
	-1	-2	0	2.38715	-118.99652	-7.89972	119.25800	37.65065	56.20842	1	1	1
	-1	2	0	2.38715	118.99653	7.89972	119.25800	37.65065	56.20843	1	1	1
	1	-2	0	2.38715	118.99653	7.89971	119.25800	37.65065	56.20843	1	1	1
	1	2	0	2.38715	-118.99652	-7.89971	119.25800	37.65065	56.20842	1	1	1
	0	-1	3	2.34939	-90.00035	-10.95083	90.66410	38.27910	31.31955	1	1	1
	0	-1	-3	2.34939	-90.00038	-10.95086	90.66420	38.27910	31.31957	1	1	1
	0	1	-3	2.34939	-90.00035	-10.95082	90.66410	38.27910	31.31955	1	1	1
	0	1	3	2.34939	-90.00039	-10.95078	90.66420	38.27910	31.31957	1	1	1
	-1	-2	1	2.27758	-124.26428	-10.78851	124.73200	39.53558	55.18432	1	1	1
	-1	2	-1	2.27758	124.26428	10.78850	124.73200	39.53558	55.18432	1	1	1
	-1	-2	-1	2.27758	124.26428	10.78848	124.73200	39.53558	55.18432	1	1	1
	-1	2	1	2.27758	-124.26428	-10.78855	124.73200	39.53558	55.18432	1	1	1
	1	-2	-1	2.27758	-124.26428	-10.78847	124.73200	39.53558	55.18432	1	1	1
	1	-2	1	2.27758	124.26428	10.78852	124.73200	39.53558	55.18432	1	1	1
	1	2	1	2.27758	124.26428	10.78854	124.73200	39.53558	55.18432	1	1	1
	1	2	-1	2.27758	-124.26428	-10.78851	124.73200	39.53558	55.18432	1	1	1
	-1	0	-3	2.08998	-112.81859	-3.40576	112.87000	43.25451	36.96540	1	1	1
	-1	0	3	2.08998	112.81859	3.40575	112.87000	43.25451	36.96541	1	1	1
	1	0	3	2.08998	-112.81859	-3.40575	112.87000	43.25451	36.96540	1	1	1
	1	0	-3	2.08998	112.81859	3.40576	112.87000	43.25451	36.96541	1	1	1
	-1	-2	-2	2.02174	-38.18176	0.97999	38.19430	44.79210	3.91275	1	1	1
	-1	2	-2	2.02174	38.18174	-0.98000	38.19430	44.79210	3.91275	1	1	1
	-1	-2	2	2.02174	-38.18173	0.97996	38.19430	44.79210	3.91274	1	1	1
	1	2	-2	2.02174	-38.18174	0.97999	38.19430	44.79210	3.91275	1	1	1
	1	2	2	2.02174	-38.18176	0.97996	38.19430	44.79210	3.91275	1	1	1
	1	-2	2	2.02174	38.18174	-0.97995	38.19430	44.79210	3.91274	1	1	1
	1	-2	-2	2.02174	38.18176	-0.97998	38.19430	44.79210	3.91275	1	1	1
	-1	2	2	2.02174	38.18176	-0.97996	38.19430	44.79210	3.91275	1	1	1
	0	-3	-1	2.01136	77.55056	5.30108	77.73150	45.03595	16.00876	1	1	1
	0	-3	1	2.01136	77.55056	5.30098	77.73150	45.03595	16.00876	1	1	1
	0	3	-1	2.01136	77.55056	5.30112	77.73150	45.03595	16.00877	1	1	1
	0	3	1	2.01136	77.55056	5.30102	77.73150	45.03595	16.00876	1	1	1
	-1	-1	-3	1.98231	115.05802	6.72619	115.25400	45.73291	33.99476	1	1	1
	-1	-1	3	1.98231	115.05805	6.72617	115.25400	45.73291	33.99478	1	1	1
	1	1	-3	1.98231	115.05805	6.72618	115.25400	45.73291	33.99478	1	1	1
	1	1	3	1.98231	115.05802	6.72616	115.25400	45.73291	33.99476	1	1	1
	-1	1	-3	1.98231	-115.05802	-6.72618	115.25400	45.73291	33.99476	1	1	1
	-1	1	3	1.98231	-115.05805	-6.72616	115.25400	45.73291	33.99478	1	1	1
	1	-1	-3	1.98231	-115.05805	-6.72619	115.25400	45.73291	33.99478	1	1	1
	1	-1	3	1.98231	-115.05802	-6.72617	115.25400	45.73291	33.99476	1	1	1
	0	-2	3	1.96951	64.80900	1.69623	64.83120	46.04736	10.59093	1	1	1
	0	-2	-3	1.96951	-64.80902	-1.69621	64.83120	46.04736	10.59093	1	1	1
	0	2	-3	1.96951	64.80899	1.69628	64.83120	46.04736	10.59093	1	1	1
	0	2	3	1.96951	-64.80901	-1.69630	64.83120	46.04736	10.59093	1	1	1
	0	0	-4	1.90116	-111.43761	-9.31341	111.82600	47.80378	28.94727	1	1	1
	0	0	4	1.90116	-111.43761	-9.31341	111.82600	47.80378	28.94727	1	1	1
	-2	0	0	1.84666	-214.66954	-16.28409	215.28600	49.30692	100.00000	1	1	1
	2	0	0	1.84666	-214.66954	-16.28409	215.28600	49.30692	100.00000	1	1	1
	0	-3	-2	1.82861	147.61997	11.20589	148.04500	49.82672	46.17328	1	1	1
	0	3	2	1.82861	147.61997	11.20599	148.04500	49.82672	46.17328	1	1	1
	0	3	-2	1.82861	-147.61996	-11.20594	148.04500	49.82672	46.17328	1	1	1
	0	-3	2	1.82861	-147.61996	-11.20594	148.04500	49.82672	46.17327	1	1	1
	0	1	-4	1.81904	-63.38463	-0.38692	63.38580	50.10678	8.35697	1	1	1
	0	1	4	1.81904	63.38466	0.38696	63.38580	50.10678	8.35698	1	1	1
	0	-1	4	1.81904	-63.38462	-0.38695	63.38580	50.10678	8.35697	1	1	1
	0	-1	-4	1.81904	63.38466	0.38691	63.38580	50.10678	8.35698	1	1	1
	-1	3	1	1.76640	-66.54960	0.39854	66.55080	51.70835	8.57537	1	1	1
	1	-3	-1	1.76640	-66.54960	0.39863	66.55080	51.70835	8.57537	1	1	1
	1	3	-1	1.76640	66.54960	-0.39858	66.55080	51.70835	8.57537	1	1	1
	1	-3	1	1.76640	-66.54960	0.39861	66.55080	51.70835	8.57537	1	1	1
	-1	-3	1	1.76640	66.54960	-0.39859	66.55080	51.70835	8.57537	1	1	1
	-1	3	-1	1.76640	-66.54959	0.39855	66.55080	51.70835	8.57537	1	1	1
	-1	-3	-1	1.76640	66.54961	-0.39863	66.55080	51.70835	8.57538	1	1	1
	1	3	1	1.76640	66.54961	-0.39853	66.55080	51.70835	8.57538	1	1	1
	-1	-2	-3	1.73785	54.97175	2.74717	55.04040	52.62240	5.63604	1	1	1
	-1	-2	3	1.73785	-54.97177	-2.74717	55.04040	52.62240	5.63604	1	1	1
	-1	2	3	1.73785	-54.97178	-2.74720	55.04040	52.62240	5.63604	1	1	1
	-1	2	-3	1.73785	54.97177	2.74721	55.04040	52.62240	5.63604	1	1	1
	1	-2	-3	1.73785	-54.97178	-2.74719	55.04040	52.62240	5.63604	1	1	1
	1	-2	3	1.73785	54.97177	2.74718	55.04040	52.62240	5.63604	1	1	1
	1	2	-3	1.73785	-54.97176	-2.74721	55.04040	52.62240	5.63604	1	1	1
	1	2	3	1.73785	54.97175	2.74721	55.04030	52.62240	5.63603	1	1	1
	-2	-1	-1	1.72497	11.82385	-3.83502	12.43020	53.04602	0.28225	1	1	1
	-2	-1	1	1.72497	11.82386	-3.83500	12.43020	53.04602	0.28225	1	1	1
	-2	1	-1	1.72497	11.82389	-3.83503	12.43030	53.04602	0.28225	1	1	1
	-2	1	1	1.72497	11.82388	-3.83501	12.43030	53.04602	0.28225	1	1	1
	2	-1	1	1.72497	11.82389	-3.83500	12.43030	53.04602	0.28225	1	1	1
	2	-1	-1	1.72497	11.82388	-3.83501	12.43030	53.04602	0.28225	1	1	1
	2	1	-1	1.72497	11.82386	-3.83503	12.43020	53.04602	0.28225	1	1	1
	2	1	1	1.72497	11.82386	-3.83501	12.43020	53.04602	0.28225	1	1	1
	-2	0	-2	1.66112	-10.19150	3.73741	10.85520	55.25502	0.19617	1	1	1
	2	0	-2	1.66112	-10.19150	3.73740	10.85520	55.25502	0.19617	1	1	1
	-2	0	2	1.66112	-10.19150	3.73740	10.85520	55.25502	0.19617	1	1	1
	2	0	2	1.66112	-10.19150	3.73739	10.85520	55.25502	0.19617	1	1	1
	1	-3	-2	1.63875	0.42109	-5.07237	5.08982	56.07528	0.04171	1	1	1
	1	3	2	1.63875	-0.42108	5.07231	5.08976	56.07528	0.04171	1	1	1
	-1	3	2	1.63875	0.42109	-5.07232	5.08977	56.07528	0.04171	1	1	1
	-1	-3	-2	1.63875	-0.42108	5.07237	5.08981	56.07528	0.04171	1	1	1
	-1	-3	2	1.63875	0.42111	-5.07235	5.08980	56.07528	0.04171	1	1	1
	-1	3	-2	1.63875	-0.42109	5.07233	5.08978	56.07528	0.04171	1	1	1
	1	-3	2	1.63875	-0.42109	5.07235	5.08980	56.07528	0.04171	1	1	1
	1	3	-2	1.63875	0.42111	-5.07233	5.08978	56.07528	0.04171	1	1	1
	-1	-1	4	1.63185	1.05407	6.68058	6.76322	56.33332	0.07288	1	1	1
	-1	1	-4	1.63185	-1.05404	-6.68053	6.76317	56.33332	0.07288	1	1	1
	1	-1	-4	1.63185	1.05407	6.68056	6.76321	56.33332	0.07288	1	1	1
	-1	1	4	1.63185	1.05407	6.68059	6.76324	56.33332	0.07288	1	1	1
	-1	-1	-4	1.63185	-1.05407	-6.68056	6.76321	56.33332	0.07288	1	1	1
	1	-1	4	1.63185	-1.05404	-6.68062	6.76326	56.33332	0.07288	1	1	1
	1	1	-4	1.63185	1.05407	6.68058	6.76322	56.33332	0.07288	1	1	1
	1	1	4	1.63185	-1.05406	-6.68059	6.76323	56.33332	0.07288	1	1	1
	0	-2	4	1.62469	48.20879	-1.43841	48.23020	56.60417	3.66635	1	1	1
	0	-2	-4	1.62469	48.20878	-1.43844	48.23020	56.60417	3.66635	1	1	1
	0	2	-4	1.62469	48.20879	-1.43839	48.23020	56.60417	3.66635	1	1	1
	0	2	4	1.62469	48.20878	-1.43837	48.23020	56.60417	3.66635	1	1	1
	0	-3	3	1.61056	-10.87237	-5.99856	12.41740	57.14609	0.23784	1	1	1
	0	3	-3	1.61056	-10.87238	-5.99844	12.41730	57.14609	0.23784	1	1	1
	0	-3	-3	1.61056	-10.87239	-5.99845	12.41730	57.14609	0.23784	1	1	1
	0	3	3	1.61056	-10.87238	-5.99855	12.41740	57.14609	0.23784	1	1	1
	-2	-1	-2	1.60550	31.62958	0.07828	31.62970	57.34278	1.53123	1	1	1
	-2	-1	2	1.60550	-31.62954	-0.07829	31.62960	57.34278	1.53123	1	1	1
	-2	1	2	1.60550	31.62956	0.07830	31.62970	57.34278	1.53123	1	1	1
	-2	1	-2	1.60550	-31.62955	-0.07830	31.62960	57.34278	1.53123	1	1	1
	2	1	-2	1.60550	-31.62954	-0.07832	31.62960	57.34278	1.53123	1	1	1
	2	1	2	1.60550	31.62957	0.07834	31.62970	57.34278	1.53123	1	1	1
	2	-1	2	1.60550	-31.62955	-0.07831	31.62960	57.34278	1.53123	1	1	1
	2	-1	-2	1.60550	31.62956	0.07831	31.62970	57.34278	1.53123	1	1	1
	-2	-2	0	1.59028	40.41617	-4.72479	40.69140	57.94352	2.47534	1	1	1
	2	2	0	1.59028	40.41617	-4.72479	40.69140	57.94352	2.47534	1	1	1
	-2	2	0	1.59028	40.41617	-4.72478	40.69140	57.94352	2.47534	1	1	1
	2	-2	0	1.59028	40.41617	-4.72479	40.69140	57.94352	2.47534	1	1	1
	0	-4	0	1.56422	40.94322	6.19412	41.40910	59.00302	2.46092	1	1	1
	0	4	0	1.56422	40.94322	6.19412	41.40910	59.00302	2.46092	1	1	1
	-2	2	-1	1.55661	-0.52572	3.66214	3.69968	59.32055	0.01941	1	1	1
	-2	2	1	1.55661	0.52570	-3.66215	3.69969	59.32055	0.01941	1	1	1
	-2	-2	1	1.55661	-0.52570	3.66214	3.69968	59.32055	0.01941	1	1	1
	-2	-2	-1	1.55661	0.52570	-3.66214	3.69968	59.32055	0.01941	1	1	1
	2	-2	-1	1.55661	0.52569	-3.66213	3.69967	59.32055	0.01941	1	1	1
	2	-2	1	1.55661	-0.52572	3.66214	3.69969	59.32055	0.01941	1	1	1
	2	2	-1	1.55661	-0.52571	3.66214	3.69968	59.32055	0.01941	1	1	1
	2	2	1	1.55661	0.52570	-3.66215	3.69968	59.32055	0.01941	1	1	1
	0	-4	-1	1.53215	48.76871	8.02261	49.42420	60.36504	3.33105	1	1	1
	0	-4	1	1.53215	-48.76870	-8.02260	49.42420	60.36504	3.33104	1	1	1
	0	4	-1	1.53215	-48.76870	-8.02261	49.42420	60.36504	3.33104	1	1	1
	0	4	1	1.53215	48.76871	8.02260	49.42420	60.36504	3.33105	1	1	1
	-1	2	4	1.48716	-12.54795	-2.88614	12.87560	62.39188	0.21009	1	1	1
	1	-2	-4	1.48716	-12.54795	-2.88618	12.87560	62.39188	0.21009	1	1	1
	-1	2	-4	1.48716	-12.54796	-2.88614	12.87560	62.39188	0.21009	1	1	1
	-1	-2	4	1.48716	12.54795	2.88617	12.87560	62.39188	0.21009	1	1	1
	-1	-2	-4	1.48716	12.54797	2.88616	12.87560	62.39188	0.21009	1	1	1
	1	-2	4	1.48716	-12.54795	-2.88618	12.87560	62.39188	0.21009	1	1	1
	1	2	-4	1.48716	12.54795	2.88615	12.87560	62.39188	0.21009	1	1	1
	1	2	4	1.48716	12.54797	2.88616	12.87560	62.39188	0.21009	1	1	1
	0	-1	5	1.47789	31.04375	4.36641	31.34930	62.82729	1.22652	1	1	1
	0	-1	-5	1.47789	31.04380	4.36645	31.34940	62.82729	1.22652	1	1	1
	0	1	-5	1.47789	31.04376	4.36634	31.34930	62.82729	1.22652	1	1	1
	0	1	5	1.47789	31.04381	4.36631	31.34940	62.82729	1.22652	1	1	1
	-1	3	3	1.47630	11.46172	-4.77279	12.41570	62.90286	0.19187	1	1	1
	-1	-3	-3	1.47630	-11.46170	4.77273	12.41570	62.90286	0.19187	1	1	1
	1	-3	-3	1.47630	11.46172	-4.77269	12.41570	62.90286	0.19187	1	1	1
	1	3	3	1.47630	-11.46169	4.77276	12.41570	62.90286	0.19187	1	1	1
	-1	-3	3	1.47630	-11.46168	4.77280	12.41570	62.90286	0.19187	1	1	1
	1	-3	3	1.47630	11.46169	-4.77279	12.41570	62.90286	0.19187	1	1	1
	-1	3	-3	1.47630	11.46168	-4.77270	12.41570	62.90286	0.19187	1	1	1
	1	3	-3	1.47630	-11.46166	4.77269	12.41560	62.90286	0.19187	1	1	1
	2	2	-2	1.46713	15.04493	3.65169	15.48180	63.34142	0.29383	1	1	1
	2	2	2	1.46713	15.04490	3.65168	15.48170	63.34142	0.29383	1	1	1
	-2	-2	2	1.46713	15.04493	3.65170	15.48180	63.34142	0.29383	1	1	1
	-2	-2	-2	1.46713	15.04490	3.65169	15.48170	63.34142	0.29383	1	1	1
	-2	2	-2	1.46713	15.04496	3.65168	15.48180	63.34142	0.29383	1	1	1
	-2	2	2	1.46713	15.04494	3.65167	15.48180	63.34142	0.29383	1	1	1
	2	-2	-2	1.46713	15.04494	3.65171	15.48180	63.34142	0.29383	1	1	1
	2	-2	2	1.46713	15.04496	3.65170	15.48180	63.34142	0.29383	1	1	1
	-2	-1	-3	1.45185	64.72383	10.17672	65.51900	64.08679	5.12981	1	1	1
	-2	1	-3	1.45185	64.72377	10.17672	65.51890	64.08679	5.12980	1	1	1
	2	-1	3	1.45185	64.72376	10.17674	65.51890	64.08679	5.12980	1	1	1
	2	1	3	1.45185	64.72382	10.17676	65.51900	64.08679	5.12981	1	1	1
	-2	-1	3	1.45185	64.72378	10.17673	65.51900	64.08679	5.12981	1	1	1
	-2	1	3	1.45185	64.72380	10.17671	65.51900	64.08679	5.12981	1	1	1
	2	-1	-3	1.45185	64.72379	10.17675	65.51900	64.08679	5.12981	1	1	1
	2	1	-3	1.45185	64.72378	10.17674	65.51900	64.08679	5.12981	1	1	1
	0	-4	2	1.44660	-61.66638	-4.09188	61.80200	64.34757	4.52418	1	1	1
	0	-4	-2	1.44660	-61.66638	-4.09186	61.80200	64.34757	4.52418	1	1	1
	0	4	-2	1.44660	-61.66639	-4.09186	61.80200	64.34757	4.52418	1	1	1
	0	4	2	1.44660	-61.66638	-4.09188	61.80200	64.34757	4.52418	1	1	1
	-1	4	0	1.44037	23.76934	8.05214	25.09620	64.65964	0.73824	1	1	1
	1	-4	0	1.44037	23.76934	8.05215	25.09620	64.65964	0.73824	1	1	1
	-1	-4	0	1.44037	-23.76935	-8.05216	25.09620	64.65964	0.73824	1	1	1
	1	4	0	1.44037	-23.76935	-8.05214	25.09620	64.65964	0.73824	1	1	1
	-1	-4	-1	1.41520	-15.14048	1.91036	15.26050	65.95374	0.26159	1	1	1
	-1	-4	1	1.41520	15.14043	-1.91034	15.26050	65.95374	0.26159	1	1	1
	-1	4	1	1.41520	15.14046	-1.91033	15.26050	65.95374	0.26159	1	1	1
	-1	4	-1	1.41520	-15.14044	1.91034	15.26050	65.95374	0.26159	1	1	1
	1	4	-1	1.41520	15.14043	-1.91035	15.26050	65.95374	0.26159	1	1	1
	1	4	1	1.41520	-15.14048	1.91032	15.26050	65.95374	0.26159	1	1	1
	1	-4	1	1.41520	-15.14045	1.91035	15.26050	65.95374	0.26159	1	1	1
	1	-4	-1	1.41520	15.14046	-1.91036	15.26050	65.95374	0.26159	1	1	1
	-1	0	-5	1.40635	-32.37223	-7.70525	33.27660	66.42252	1.22520	1	1	1
	-1	0	5	1.40635	32.37222	7.70535	33.27660	66.42252	1.22520	1	1	1
	1	0	-5	1.40635	32.37223	7.70526	33.27660	66.42252	1.22520	1	1	1
	1	0	5	1.40635	-32.37223	-7.70535	33.27660	66.42252	1.22520	1	1	1
	0	-3	-4	1.40502	-18.88804	-5.85898	19.77590	66.49337	0.43173	1	1	1
	0	-3	4	1.40502	18.88806	5.85901	19.77590	66.49337	0.43174	1	1	1
	0	3	-4	1.40502	18.88806	5.85901	19.77590	66.49337	0.43174	1	1	1
	0	3	4	1.40502	-18.88804	-5.85902	19.77590	66.49337	0.43173	1	1	1
	-1	1	5	1.37212	-10.74751	0.13148	10.74830	68.30437	0.12054	1	1	1
	1	-1	-5	1.37212	-10.74750	0.13139	10.74830	68.30437	0.12054	1	1	1
	1	1	-5	1.37212	10.74748	-0.13144	10.74830	68.30437	0.12054	1	1	1
	1	-1	5	1.37212	-10.74750	0.13145	10.74830	68.30437	0.12054	1	1	1
	-1	-1	5	1.37212	10.74748	-0.13144	10.74830	68.30437	0.12054	1	1	1
	-1	1	-5	1.37212	-10.74751	0.13142	10.74830	68.30437	0.12054	1	1	1
	-1	-1	-5	1.37212	10.74752	-0.13139	10.74830	68.30437	0.12054	1	1	1
	1	1	5	1.37212	10.74752	-0.13148	10.74830	68.30437	0.12054	1	1	1
	0	-2	-5	1.36785	-71.85322	-6.48158	72.14500	68.54716	5.39107	1	1	1
	0	-2	5	1.36785	71.85317	6.48165	72.14490	68.54716	5.39106	1	1	1
	0	2	5	1.36785	-71.85322	-6.48165	72.14500	68.54716	5.39107	1	1	1
	0	2	-5	1.36785	71.85318	6.48157	72.14490	68.54716	5.39106	1	1	1
	-2	-3	-1	1.36029	-56.62083	-4.92638	56.83470	68.98147	3.30248	1	1	1
	-2	-3	1	1.36029	-56.62085	-4.92629	56.83480	68.98147	3.30249	1	1	1
	2	3	-1	1.36029	-56.62085	-4.92638	56.83480	68.98147	3.30249	1	1	1
	2	3	1	1.36029	-56.62084	-4.92629	56.83470	68.98147	3.30248	1	1	1
	-2	3	-1	1.36029	-56.62086	-4.92639	56.83480	68.98147	3.30249	1	1	1
	-2	3	1	1.36029	-56.62087	-4.92631	56.83480	68.98147	3.30249	1	1	1
	2	-3	-1	1.36029	-56.62086	-4.92637	56.83480	68.98147	3.30249	1	1	1
	2	-3	1	1.36029	-56.62086	-4.92628	56.83480	68.98147	3.30249	1	1	1
	2	2	3	1.34712	47.54552	1.57638	47.57160	69.75285	2.26179	1	1	1
	-2	-2	-3	1.34712	47.54553	1.57632	47.57170	69.75285	2.26179	1	1	1
	-2	-2	3	1.34712	-47.54552	-1.57632	47.57160	69.75285	2.26179	1	1	1
	-2	2	-3	1.34712	-47.54551	-1.57637	47.57160	69.75285	2.26179	1	1	1
	2	-2	-3	1.34712	47.54553	1.57632	47.57170	69.75285	2.26179	1	1	1
	-2	2	3	1.34712	47.54552	1.57638	47.57160	69.75285	2.26179	1	1	1
	2	-2	3	1.34712	-47.54552	-1.57633	47.57160	69.75285	2.26179	1	1	1
	2	2	-3	1.34712	-47.54551	-1.57638	47.57160	69.75285	2.26179	1	1	1
	-1	-4	-2	1.34696	29.21165	4.42196	29.54440	69.76249	0.87214	1	1	1
	1	-4	-2	1.34696	-29.21164	-4.42194	29.54440	69.76249	0.87214	1	1	1
	-1	4	2	1.34696	-29.21164	-4.42195	29.54440	69.76249	0.87214	1	1	1
	1	4	2	1.34696	29.21165	4.42193	29.54440	69.76249	0.87214	1	1	1
	1	-4	2	1.34696	-29.21164	-4.42195	29.54440	69.76249	0.87214	1	1	1
	1	4	-2	1.34696	29.21164	4.42192	29.54440	69.76249	0.87214	1	1	1
	-1	4	-2	1.34696	-29.21164	-4.42193	29.54440	69.76249	0.87214	1	1	1
	-1	-4	2	1.34696	29.21164	4.42196	29.54440	69.76249	0.87214	1	1	1
	0	-4	-3	1.33118	17.43513	1.10237	17.46990	70.71252	0.29676	1	1	1
	0	-4	3	1.33118	-17.43510	-1.10241	17.46990	70.71252	0.29675	1	1	1
	0	4	-3	1.33118	-17.43510	-1.10236	17.46990	70.71252	0.29675	1	1	1
	0	4	3	1.33118	17.43512	1.10241	17.46990	70.71252	0.29676	1	1	1
	-2	0	-4	1.32464	86.14882	8.65506	86.58250	71.11446	7.20745	1	1	1
	-2	0	4	1.32464	86.14881	8.65507	86.58250	71.11446	7.20745	1	1	1
	2	0	-4	1.32464	86.14881	8.65507	86.58250	71.11446	7.20745	1	1	1
	2	0	4	1.32464	86.14882	8.65507	86.58250	71.11446	7.20745	1	1	1
	-1	-3	-4	1.31321	-69.48605	-7.16062	69.85400	71.82883	4.60006	1	1	1
	-1	-3	4	1.31321	69.48600	7.16054	69.85400	71.82883	4.60005	1	1	1
	-1	3	-4	1.31321	-69.48603	-7.16057	69.85400	71.82883	4.60005	1	1	1
	-1	3	4	1.31321	69.48606	7.16049	69.85400	71.82883	4.60006	1	1	1
	1	-3	4	1.31321	-69.48602	-7.16053	69.85400	71.82883	4.60005	1	1	1
	1	-3	-4	1.31321	69.48605	7.16061	69.85400	71.82883	4.60006	1	1	1
	1	3	-4	1.31321	69.48601	7.16055	69.85400	71.82883	4.60005	1	1	1
	1	3	4	1.31321	-69.48606	-7.16048	69.85400	71.82883	4.60006	1	1	1
	-2	-3	2	1.29936	113.33860	10.41386	113.81600	72.71600	11.92512	1	1	1
	2	3	-2	1.29936	113.33861	10.41378	113.81600	72.71600	11.92512	1	1	1
	-2	-3	-2	1.29936	-113.33861	-10.41381	113.81600	72.71600	11.92512	1	1	1
	2	3	2	1.29936	-113.33861	-10.41383	113.81600	72.71600	11.92512	1	1	1
	-2	3	-2	1.29936	113.33859	10.41381	113.81600	72.71600	11.92512	1	1	1
	-2	3	2	1.29936	-113.33860	-10.41384	113.81600	72.71600	11.92512	1	1	1
	2	-3	2	1.29936	113.33858	10.41383	113.81600	72.71600	11.92512	1	1	1
	2	-3	-2	1.29936	-113.33860	-10.41380	113.81600	72.71600	11.92512	1	1	1
	-2	1	-4	1.29591	47.99870	0.35957	48.00000	72.94044	2.10852	1	1	1
	-2	1	4	1.29591	-47.99872	-0.35958	48.00010	72.94044	2.10852	1	1	1
	-2	-1	4	1.29591	47.99874	0.35959	48.00010	72.94044	2.10852	1	1	1
	-2	-1	-4	1.29591	-47.99869	-0.35960	48.00000	72.94044	2.10852	1	1	1
	2	-1	-4	1.29591	-47.99871	-0.35959	48.00010	72.94044	2.10852	1	1	1
	2	-1	4	1.29591	47.99869	0.35959	48.00000	72.94044	2.10852	1	1	1
	2	1	-4	1.29591	47.99874	0.35958	48.00010	72.94044	2.10852	1	1	1
	2	1	4	1.29591	-47.99870	-0.35957	48.00000	72.94044	2.10852	1	1	1
	-1	-2	-5	1.28270	-86.99821	-10.33823	87.61030	73.81516	6.86778	1	1	1
	1	-2	-5	1.28270	86.99822	10.33823	87.61030	73.81516	6.86778	1	1	1
	1	-2	5	1.28270	-86.99823	-10.33821	87.61030	73.81516	6.86778	1	1	1
	-1	2	5	1.28270	86.99822	10.33821	87.61030	73.81516	6.86778	1	1	1
	-1	2	-5	1.28270	-86.99823	-10.33825	87.61030	73.81516	6.86778	1	1	1
	-1	-2	5	1.28270	86.99819	10.33819	87.61030	73.81516	6.86778	1	1	1
	1	2	-5	1.28270	86.99819	10.33825	87.61030	73.81516	6.86778	1	1	1
	1	2	5	1.28270	-86.99821	-10.33822	87.61030	73.81516	6.86778	1	1	1
	0	0	-6	1.26744	39.01382	9.72090	40.20660	74.85507	1.40953	1	1	1
	0	0	6	1.26744	39.01382	9.72090	40.20660	74.85507	1.40953	1	1	1
	-1	-4	3	1.25232	-9.66330	-0.14921	9.66446	75.91802	0.07940	1	1	1
	-1	4	-3	1.25232	9.66329	0.14922	9.66445	75.91802	0.07940	1	1	1
	1	-4	-3	1.25232	-9.66329	-0.14922	9.66445	75.91802	0.07940	1	1	1
	-1	4	3	1.25232	-9.66329	-0.14919	9.66444	75.91802	0.07940	1	1	1
	-1	-4	-3	1.25232	9.66328	0.14924	9.66444	75.91802	0.07940	1	1	1
	1	-4	3	1.25232	9.66330	0.14919	9.66446	75.91802	0.07940	1	1	1
	1	4	-3	1.25232	-9.66330	-0.14921	9.66445	75.91802	0.07940	1	1	1
	1	4	3	1.25232	9.66329	0.14917	9.66444	75.91802	0.07940	1	1	1
	0	-1	-6	1.24221	85.11674	3.95480	85.20860	76.64708	6.06950	1	1	1
	0	-1	6	1.24221	-85.11673	-3.95477	85.20860	76.64708	6.06950	1	1	1
	0	1	-6	1.24221	-85.11671	-3.95490	85.20850	76.64708	6.06950	1	1	1
	0	1	6	1.24221	85.11672	3.95487	85.20850	76.64708	6.06950	1	1	1
	0	-5	-1	1.23477	26.42870	1.91424	26.49790	77.19370	0.57983	1	1	1
	0	-5	1	1.23477	26.42871	1.91424	26.49790	77.19370	0.57983	1	1	1
	0	5	-1	1.23477	26.42872	1.91423	26.49800	77.19370	0.57983	1	1	1
	0	5	1	1.23477	26.42871	1.91422	26.49790	77.19370	0.57983	1	1	1
	0	-3	-5	1.22888	0.80008	2.24177	2.38027	77.63313	0.00463	1	1	1
	0	-3	5	1.22888	0.80008	2.24182	2.38032	77.63313	0.00463	1	1	1
	0	3	5	1.22888	0.80007	2.24182	2.38031	77.63313	0.00463	1	1	1
	0	3	-5	1.22888	0.80009	2.24178	2.38027	77.63313	0.00463	1	1	1
	-2	-2	-4	1.21980	-39.55135	1.33673	39.57390	78.32109	1.26228	1	1	1
	-2	-2	4	1.21980	-39.55135	1.33674	39.57390	78.32109	1.26228	1	1	1
	2	2	-4	1.21980	-39.55135	1.33672	39.57390	78.32109	1.26228	1	1	1
	2	2	4	1.21980	-39.55135	1.33673	39.57390	78.32109	1.26228	1	1	1
	-2	2	-4	1.21980	-39.55136	1.33672	39.57390	78.32109	1.26228	1	1	1
	-2	2	4	1.21980	-39.55136	1.33672	39.57390	78.32109	1.26228	1	1	1
	2	-2	-4	1.21980	-39.55136	1.33674	39.57390	78.32109	1.26228	1	1	1
	2	-2	4	1.21980	-39.55136	1.33674	39.57390	78.32109	1.26228	1	1	1
	-3	0	-1	1.21529	29.55673	-4.80289	29.94440	78.66794	0.71752	1	1	1
	3	0	1	1.21529	29.55673	-4.80288	29.94440	78.66794	0.71752	1	1	1
	-3	0	1	1.21529	-29.55674	4.80288	29.94440	78.66794	0.71752	1	1	1
	3	0	-1	1.21529	-29.55674	4.80288	29.94440	78.66794	0.71752	1	1	1
	-2	3	-3	1.21378	8.28588	5.57443	9.98650	78.78415	0.07961	1	1	1
	-2	3	3	1.21378	8.28587	5.57451	9.98653	78.78415	0.07961	1	1	1
	2	-3	3	1.21378	8.28587	5.57453	9.98654	78.78415	0.07962	1	1	1
	2	-3	-3	1.21378	8.28587	5.57445	9.98650	78.78415	0.07961	1	1	1
	2	3	3	1.21378	8.28583	5.57450	9.98649	78.78415	0.07961	1	1	1
	-2	-3	3	1.21378	8.28587	5.57452	9.98653	78.78415	0.07962	1	1	1
	-2	-3	-3	1.21378	8.28584	5.57445	9.98647	78.78415	0.07961	1	1	1
	2	3	-3	1.21378	8.28588	5.57443	9.98649	78.78415	0.07961	1	1	1
	0	-4	-4	1.20792	-73.07290	-5.79467	73.30230	79.24180	4.24982	1	1	1
	0	-4	4	1.20792	-73.07286	-5.79465	73.30230	79.24180	4.24982	1	1	1
	0	4	-4	1.20792	-73.07285	-5.79469	73.30230	79.24180	4.24982	1	1	1
	0	4	4	1.20792	-73.07289	-5.79468	73.30230	79.24180	4.24982	1	1	1
	-2	4	0	1.19358	-34.62157	-5.75627	35.09680	80.38658	0.95279	1	1	1
	-2	-4	0	1.19358	-34.62157	-5.75627	35.09680	80.38658	0.95279	1	1	1
	2	-4	0	1.19358	-34.62157	-5.75627	35.09680	80.38658	0.95279	1	1	1
	2	4	0	1.19358	-34.62157	-5.75627	35.09680	80.38658	0.95279	1	1	1
	-3	-1	-1	1.19299	12.88073	2.13262	13.05610	80.43410	0.13173	1	1	1
	-3	-1	1	1.19299	12.88073	2.13261	13.05610	80.43410	0.13173	1	1	1
	-3	1	-1	1.19299	-12.88074	-2.13264	13.05610	80.43410	0.13173	1	1	1
	-3	1	1	1.19299	-12.88074	-2.13264	13.05610	80.43410	0.13173	1	1	1
	3	-1	-1	1.19299	-12.88074	-2.13264	13.05610	80.43410	0.13173	1	1	1
	3	1	-1	1.19299	12.88073	2.13267	13.05610	80.43410	0.13173	1	1	1
	3	-1	1	1.19299	-12.88074	-2.13265	13.05610	80.43410	0.13173	1	1	1
	3	1	1	1.19299	12.88073	2.13266	13.05610	80.43410	0.13173	1	1	1
	0	5	-2	1.18866	54.17164	-3.60519	54.29150	80.78763	2.26293	1	1	1
	0	5	2	1.18866	-54.17162	3.60517	54.29150	80.78763	2.26293	1	1	1
	0	-5	2	1.18866	54.17163	-3.60516	54.29150	80.78763	2.26293	1	1	1
	0	-5	-2	1.18866	-54.17162	3.60518	54.29150	80.78763	2.26293	1	1	1
	-2	-4	1	1.17914	37.30983	7.45549	38.04740	81.57706	1.09564	1	1	1
	-2	4	-1	1.17914	37.30986	7.45551	38.04750	81.57706	1.09564	1	1	1
	2	-4	-1	1.17914	-37.30987	-7.45551	38.04750	81.57706	1.09564	1	1	1
	-2	4	1	1.17914	-37.30987	-7.45550	38.04750	81.57706	1.09564	1	1	1
	-2	-4	-1	1.17914	-37.30985	-7.45551	38.04750	81.57706	1.09564	1	1	1
	2	-4	1	1.17914	37.30986	7.45550	38.04750	81.57706	1.09564	1	1	1
	2	4	-1	1.17914	37.30983	7.45551	38.04740	81.57706	1.09564	1	1	1
	2	4	1	1.17914	-37.30986	-7.45550	38.04750	81.57706	1.09564	1	1	1
	-1	-1	6	1.17740	-19.89838	-0.00936	19.89840	81.72351	0.29891	1	1	1
	-1	-1	-6	1.17740	19.89842	0.00937	19.89840	81.72351	0.29891	1	1	1
	1	-1	6	1.17740	19.89837	0.00936	19.89840	81.72351	0.29891	1	1	1
	1	1	-6	1.17740	-19.89839	-0.00934	19.89840	81.72351	0.29891	1	1	1
	1	-1	-6	1.17740	-19.89841	-0.00936	19.89840	81.72351	0.29891	1	1	1
	-1	1	6	1.17740	-19.89842	-0.00934	19.89840	81.72351	0.29891	1	1	1
	-1	1	-6	1.17740	19.89837	0.00934	19.89840	81.72351	0.29891	1	1	1
	1	1	6	1.17740	19.89843	0.00934	19.89840	81.72351	0.29891	1	1	1
	0	-2	-6	1.17470	11.62512	6.65262	13.39410	81.95159	0.13490	1	1	1
	0	-2	6	1.17470	11.62516	6.65261	13.39410	81.95159	0.13490	1	1	1
	0	2	6	1.17470	11.62513	6.65258	13.39400	81.95159	0.13490	1	1	1
	0	2	-6	1.17470	11.62517	6.65259	13.39410	81.95159	0.13490	1	1	1
	-1	-5	-1	1.17106	-97.36397	-8.53215	97.73710	82.26119	7.14492	1	1	1
	1	-5	-1	1.17106	97.36397	8.53213	97.73710	82.26119	7.14492	1	1	1
	1	-5	1	1.17106	97.36394	8.53216	97.73710	82.26119	7.14492	1	1	1
	-1	5	1	1.17106	97.36397	8.53216	97.73710	82.26119	7.14492	1	1	1
	-1	5	-1	1.17106	97.36394	8.53213	97.73710	82.26119	7.14492	1	1	1
	-1	-5	1	1.17106	-97.36397	-8.53215	97.73710	82.26119	7.14492	1	1	1
	1	5	-1	1.17106	-97.36396	-8.53214	97.73710	82.26119	7.14492	1	1	1
	1	5	1	1.17106	-97.36398	-8.53215	97.73710	82.26119	7.14492	1	1	1
	-1	3	5	1.16603	43.45873	4.49522	43.69060	82.69378	1.41747	1	1	1
	1	-3	-5	1.16603	43.45873	4.49522	43.69060	82.69378	1.41747	1	1	1
	1	3	-5	1.16603	-43.45875	-4.49524	43.69060	82.69378	1.41747	1	1	1
	1	-3	5	1.16603	43.45878	4.49521	43.69060	82.69378	1.41748	1	1	1
	-1	-3	5	1.16603	-43.45875	-4.49521	43.69060	82.69378	1.41747	1	1	1
	-1	3	-5	1.16603	43.45877	4.49525	43.69060	82.69378	1.41748	1	1	1
	-1	-3	-5	1.16603	-43.45871	-4.49525	43.69060	82.69378	1.41747	1	1	1
	1	3	5	1.16603	-43.45871	-4.49520	43.69060	82.69378	1.41747	1	1	1
	-2	-1	-5	1.15387	-23.72323	-4.05776	24.06780	83.76071	0.42289	1	1	1
	-2	-1	5	1.15387	-23.72317	-4.05777	24.06770	83.76071	0.42289	1	1	1
	-2	1	5	1.15387	-23.72323	-4.05769	24.06770	83.76071	0.42289	1	1	1
	-2	1	-5	1.15387	-23.72319	-4.05769	24.06770	83.76071	0.42289	1	1	1
	2	-1	-5	1.15387	-23.72322	-4.05777	24.06780	83.76071	0.42289	1	1	1
	2	-1	5	1.15387	-23.72318	-4.05777	24.06770	83.76071	0.42289	1	1	1
	2	1	-5	1.15387	-23.72318	-4.05768	24.06770	83.76071	0.42289	1	1	1
	2	1	5	1.15387	-23.72323	-4.05770	24.06780	83.76071	0.42289	1	1	1
	-3	-1	-2	1.15125	-51.77052	-8.70234	52.49680	83.99471	2.00482	1	1	1
	-3	-1	2	1.15125	51.77051	8.70234	52.49680	83.99471	2.00482	1	1	1
	-3	1	-2	1.15125	-51.77054	-8.70234	52.49690	83.99471	2.00482	1	1	1
	-3	1	2	1.15125	51.77054	8.70234	52.49690	83.99471	2.00482	1	1	1
	3	-1	2	1.15125	-51.77054	-8.70234	52.49690	83.99471	2.00482	1	1	1
	3	-1	-2	1.15125	51.77054	8.70234	52.49690	83.99471	2.00482	1	1	1
	3	1	-2	1.15125	51.77051	8.70234	52.49680	83.99471	2.00482	1	1	1
	3	1	2	1.15125	-51.77051	-8.70234	52.49680	83.99471	2.00482	1	1	1
	-1	-4	-4	1.14808	16.94156	4.50857	17.53120	84.28005	0.22263	1	1	1
	-1	-4	4	1.14808	16.94156	4.50857	17.53120	84.28005	0.22263	1	1	1
	-1	4	-4	1.14808	-16.94155	-4.50855	17.53120	84.28005	0.22263	1	1	1
	-1	4	4	1.14808	-16.94158	-4.50855	17.53120	84.28005	0.22263	1	1	1
	1	-4	-4	1.14808	-16.94156	-4.50857	17.53120	84.28005	0.22263	1	1	1
	1	4	-4	1.14808	16.94157	4.50854	17.53120	84.28005	0.22263	1	1	1
	1	-4	4	1.14808	-16.94155	-4.50856	17.53120	84.28005	0.22263	1	1	1
	1	4	4	1.14808	16.94158	4.50855	17.53120	84.28005	0.22263	1	1	1
	3	-2	0	1.14560	-65.37272	-6.82236	65.72770	84.50473	3.11901	1	1	1
	3	2	0	1.14560	65.37270	6.82237	65.72770	84.50473	3.11901	1	1	1
	-3	2	0	1.14560	-65.37271	-6.82237	65.72770	84.50473	3.11901	1	1	1
	-3	-2	0	1.14560	65.37270	6.82235	65.72770	84.50473	3.11901	1	1	1
	-2	-4	-2	1.13879	47.51755	3.80262	47.66950	85.12871	1.62606	1	1	1
	-2	-4	2	1.13879	47.51755	3.80264	47.66950	85.12871	1.62606	1	1	1
	-2	4	-2	1.13879	47.51757	3.80261	47.66950	85.12871	1.62606	1	1	1
	2	-4	-2	1.13879	47.51757	3.80261	47.66950	85.12871	1.62606	1	1	1
	-2	4	2	1.13879	47.51757	3.80265	47.66950	85.12871	1.62606	1	1	1
	2	-4	2	1.13879	47.51756	3.80264	47.66950	85.12871	1.62606	1	1	1
	2	4	-2	1.13879	47.51756	3.80261	47.66950	85.12871	1.62606	1	1	1
	2	4	2	1.13879	47.51755	3.80263	47.66950	85.12871	1.62606	1	1	1
	-3	-2	-1	1.13281	-73.61596	-9.31722	74.20320	85.68481	3.91031	1	1	1
	-3	-2	1	1.13281	73.61594	9.31716	74.20320	85.68481	3.91031	1	1	1
	-3	2	-1	1.13281	-73.61594	-9.31720	74.20320	85.68481	3.91031	1	1	1
	-3	2	1	1.13281	73.61594	9.31719	74.20320	85.68481	3.91031	1	1	1
	3	-2	1	1.13281	-73.61594	-9.31718	74.20320	85.68481	3.91031	1	1	1
	3	-2	-1	1.13281	73.61594	9.31719	74.20320	85.68481	3.91031	1	1	1
	3	2	-1	1.13281	73.61593	9.31722	74.20320	85.68481	3.91031	1	1	1
	3	2	1	1.13281	-73.61596	-9.31717	74.20320	85.68481	3.91031	1	1	1
	-1	-5	2	1.13150	10.03187	-0.83053	10.06620	85.80817	0.07184	1	1	1
	-1	5	-2	1.13150	-10.03190	0.83057	10.06620	85.80817	0.07184	1	1	1
	-1	-5	-2	1.13150	-10.03188	0.83052	10.06620	85.80817	0.07184	1	1	1
	-1	5	2	1.13150	10.03191	-0.83056	10.06620	85.80817	0.07184	1	1	1
	1	-5	-2	1.13150	10.03190	-0.83054	10.06620	85.80817	0.07184	1	1	1
	1	-5	2	1.13150	-10.03190	0.83053	10.06620	85.80817	0.07184	1	1	1
	1	5	2	1.13150	-10.03189	0.83058	10.06620	85.80817	0.07184	1	1	1
	1	5	-2	1.13150	10.03188	-0.83058	10.06620	85.80817	0.07184	1	1	1
	0	-5	-3	1.12210	-2.88755	-1.66217	3.33178	86.70415	0.00778	1	1	1
	0	-5	3	1.12210	-2.88756	-1.66221	3.33181	86.70415	0.00778	1	1	1
	0	5	3	1.12210	-2.88755	-1.66222	3.33180	86.70415	0.00778	1	1	1
	0	5	-3	1.12210	-2.88756	-1.66218	3.33179	86.70415	0.00778	1	1	1
	-1	-2	-6	1.11944	6.65637	-3.59933	7.56720	86.96125	0.04001	1	1	1
	-1	-2	6	1.11944	6.65636	-3.59931	7.56718	86.96125	0.04001	1	1	1
	-1	2	-6	1.11944	-6.65635	3.59931	7.56717	86.96125	0.04001	1	1	1
	1	-2	-6	1.11944	-6.65636	3.59935	7.56720	86.96125	0.04001	1	1	1
	-1	2	6	1.11944	-6.65635	3.59923	7.56713	86.96125	0.04001	1	1	1
	1	-2	6	1.11944	-6.65635	3.59928	7.56716	86.96125	0.04001	1	1	1
	1	2	-6	1.11944	6.65635	-3.59927	7.56715	86.96125	0.04001	1	1	1
	1	2	6	1.11944	6.65636	-3.59925	7.56715	86.96125	0.04001	1	1	1
	-2	-3	-4	1.11817	15.61978	5.44485	16.54160	87.08456	0.19093	1	1	1
	-2	-3	4	1.11817	-15.61978	-5.44485	16.54160	87.08456	0.19093	1	1	1
	2	3	-4	1.11817	-15.61978	-5.44484	16.54160	87.08456	0.19093	1	1	1
	2	3	4	1.11817	15.61978	5.44486	16.54160	87.08456	0.19093	1	1	1
	-2	3	-4	1.11817	-15.61979	-5.44485	16.54160	87.08456	0.19093	1	1	1
	2	-3	-4	1.11817	15.61977	5.44484	16.54160	87.08456	0.19093	1	1	1
	-2	3	4	1.11817	15.61978	5.44485	16.54160	87.08456	0.19093	1	1	1
	2	-3	4	1.11817	-15.61979	-5.44484	16.54160	87.08456	0.19093	1	1	1
	-3	0	-3	1.10741	66.29724	2.94130	66.36250	88.14726	3.03639	1	1	1
	3	0	-3	1.10741	-66.29727	-2.94128	66.36250	88.14726	3.03639	1	1	1
	-3	0	3	1.10741	-66.29727	-2.94128	66.36250	88.14726	3.03639	1	1	1
	3	0	3	1.10741	66.29724	2.94126	66.36250	88.14726	3.03639	1	1	1
	-2	-2	-5	1.09916	55.29296	6.02342	55.62010	88.98340	2.11471	1	1	1
	-2	-2	5	1.09916	-55.29291	-6.02346	55.62000	88.98340	2.11470	1	1	1
	-2	2	5	1.09916	55.29293	6.02346	55.62010	88.98340	2.11471	1	1	1
	-2	2	-5	1.09916	-55.29287	-6.02343	55.62000	88.98340	2.11470	1	1	1
	2	-2	-5	1.09916	55.29293	6.02344	55.62010	88.98340	2.11470	1	1	1
	2	-2	5	1.09916	-55.29286	-6.02344	55.62000	88.98340	2.11470	1	1	1
	2	2	-5	1.09916	-55.29291	-6.02343	55.62000	88.98340	2.11470	1	1	1
	2	2	5	1.09916	55.29296	6.02348	55.62010	88.98340	2.11471	1	1	1
	-3	-2	-2	1.09689	21.24558	-0.84630	21.26240	89.21608	0.30834	1	1	1
	-3	-2	2	1.09689	21.24559	-0.84633	21.26240	89.21608	0.30834	1	1	1
	-3	2	-2	1.09689	-21.24558	0.84632	21.26240	89.21608	0.30834	1	1	1
	-3	2	2	1.09689	-21.24558	0.84633	21.26240	89.21608	0.30834	1	1	1
	3	-2	2	1.09689	-21.24558	0.84633	21.26240	89.21608	0.30834	1	1	1
	3	-2	-2	1.09689	-21.24557	0.84633	21.26240	89.21608	0.30834	1	1	1
	3	2	-2	1.09689	21.24559	-0.84632	21.26240	89.21608	0.30834	1	1	1
	3	2	2	1.09689	21.24560	-0.84635	21.26250	89.21608	0.30834	1	1	1
	-3	-1	-3	1.09046	-70.16216	-5.80886	70.40220	89.88439	3.35976	1	1	1
	-3	-1	3	1.09046	-70.16225	-5.80885	70.40230	89.88439	3.35977	1	1	1
	-3	1	-3	1.09046	70.16224	5.80886	70.40230	89.88439	3.35977	1	1	1
	-3	1	3	1.09046	70.16225	5.80887	70.40230	89.88439	3.35977	1	1	1
	3	-1	-3	1.09046	70.16225	5.80888	70.40230	89.88439	3.35977	1	1	1
	3	1	-3	1.09046	-70.16225	-5.80889	70.40230	89.88439	3.35977	1	1	1
	3	-1	3	1.09046	70.16223	5.80888	70.40230	89.88439	3.35977	1	1	1
	3	1	3	1.09046	-70.16216	-5.80886	70.40220	89.88439	3.35976	1	1	1
	0	4	-5	1.09044	21.08244	7.00949	22.21720	89.88656	0.33458	1	1	1
	0	4	5	1.09044	-21.08239	-7.00945	22.21710	89.88656	0.33458	1	1	1
	0	-4	5	1.09044	21.08244	7.00945	22.21720	89.88656	0.33458	1	1	1
	0	-4	-5	1.09044	-21.08239	-7.00950	22.21710	89.88656	0.33458	1	1	1
	0	-3	-6	1.08312	-35.40171	-2.88245	35.51890	90.66207	0.84958	1	1	1
	0	3	-6	1.08312	35.40174	2.88243	35.51890	90.66207	0.84958	1	1	1
	0	-3	6	1.08312	35.40173	2.88246	35.51890	90.66207	0.84958	1	1	1
	0	3	6	1.08312	-35.40172	-2.88244	35.51890	90.66207	0.84958	1	1	1
	-2	-4	-3	1.07986	-13.54228	-1.02449	13.58100	91.01333	0.12387	1	1	1
	-2	4	-3	1.07986	13.54230	1.02444	13.58100	91.01333	0.12387	1	1	1
	-2	-4	3	1.07986	13.54229	1.02446	13.58100	91.01333	0.12387	1	1	1
	-2	4	3	1.07986	-13.54230	-1.02445	13.58100	91.01333	0.12387	1	1	1
	2	-4	-3	1.07986	-13.54230	-1.02447	13.58100	91.01333	0.12387	1	1	1
	2	-4	3	1.07986	13.54229	1.02448	13.58100	91.01333	0.12387	1	1	1
	2	4	3	1.07986	-13.54228	-1.02443	13.58100	91.01333	0.12387	1	1	1
	2	4	-3	1.07986	13.54229	1.02446	13.58100	91.01333	0.12387	1	1	1
	1	-5	-3	1.07364	-64.51788	-10.78849	65.41370	91.69085	2.85946	1	1	1
	1	5	3	1.07364	64.51788	10.78840	65.41370	91.69085	2.85946	1	1	1
	-1	5	3	1.07364	-64.51788	-10.78840	65.41370	91.69085	2.85946	1	1	1
	-1	-5	-3	1.07364	64.51788	10.78849	65.41370	91.69085	2.85946	1	1	1
	-1	-5	3	1.07364	64.51788	10.78844	65.41370	91.69085	2.85946	1	1	1
	-1	5	-3	1.07364	-64.51789	-10.78844	65.41370	91.69085	2.85946	1	1	1
	1	-5	3	1.07364	-64.51789	-10.78844	65.41370	91.69085	2.85946	1	1	1
	1	5	-3	1.07364	64.51788	10.78844	65.41370	91.69085	2.85946	1	1	1
	0	-1	-7	1.07036	44.26097	6.40355	44.72180	92.05267	1.33330	1	1	1
	0	-1	7	1.07036	44.26096	6.40356	44.72180	92.05267	1.33330	1	1	1
	0	1	-7	1.07036	44.26096	6.40352	44.72180	92.05267	1.33330	1	1	1
	0	1	7	1.07036	44.26097	6.40353	44.72180	92.05267	1.33330	1	1	1
	3	3	1	1.05003	-41.72147	0.34421	41.72290	94.37717	1.14621	1	1	1
	-3	-3	-1	1.05003	-41.72147	0.34424	41.72290	94.37717	1.14621	1	1	1
	3	-3	-1	1.05003	41.72147	-0.34425	41.72290	94.37717	1.14621	1	1	1
	3	-3	1	1.05003	41.72148	-0.34424	41.72290	94.37717	1.14621	1	1	1
	-3	3	1	1.05003	41.72146	-0.34420	41.72290	94.37717	1.14621	1	1	1
	-3	3	-1	1.05003	41.72147	-0.34420	41.72290	94.37717	1.14621	1	1	1
	-3	-3	1	1.05003	-41.72148	0.34423	41.72290	94.37717	1.14621	1	1	1
	3	3	-1	1.05003	-41.72149	0.34423	41.72290	94.37717	1.14621	1	1	1
	1	-4	-5	1.04581	-69.97904	-0.91778	69.98510	94.87708	3.21877	1	1	1
	1	-4	5	1.04581	69.97902	0.91779	69.98500	94.87708	3.21877	1	1	1
	1	4	5	1.04581	69.97902	0.91785	69.98500	94.87708	3.21877	1	1	1
	1	4	-5	1.04581	-69.97902	-0.91780	69.98500	94.87708	3.21877	1	1	1
	-1	4	-5	1.04581	69.97902	0.91781	69.98500	94.87708	3.21877	1	1	1
	-1	4	5	1.04581	-69.97904	-0.91782	69.98510	94.87708	3.21877	1	1	1
	-1	-4	5	1.04581	-69.97902	-0.91779	69.98500	94.87708	3.21877	1	1	1
	-1	-4	-5	1.04581	69.97902	0.91774	69.98500	94.87708	3.21877	1	1	1
	0	-5	-4	1.04527	-47.25476	-7.94983	47.91880	94.94227	1.50866	1	1	1
	0	-5	4	1.04527	47.25469	7.94983	47.91870	94.94227	1.50865	1	1	1
	0	5	-4	1.04527	47.25470	7.94981	47.91870	94.94227	1.50865	1	1	1
	0	5	4	1.04527	-47.25475	-7.94982	47.91880	94.94227	1.50866	1	1	1
	-2	0	-6	1.04499	-31.88001	-9.03376	33.13520	94.97561	0.72129	1	1	1
	-2	0	6	1.04499	-31.88001	-9.03375	33.13520	94.97561	0.72129	1	1	1
	2	0	-6	1.04499	-31.88001	-9.03375	33.13520	94.97561	0.72129	1	1	1
	2	0	6	1.04499	-31.88001	-9.03375	33.13520	94.97561	0.72129	1	1	1
	-3	-2	-3	1.04394	-34.77254	-2.37252	34.85340	95.10154	0.79768	1	1	1
	-3	-2	3	1.04394	34.77255	2.37252	34.85340	95.10154	0.79768	1	1	1
	-3	2	-3	1.04394	-34.77254	-2.37254	34.85340	95.10154	0.79768	1	1	1
	-3	2	3	1.04394	34.77255	2.37254	34.85340	95.10154	0.79768	1	1	1
	3	-2	-3	1.04394	34.77255	2.37253	34.85340	95.10154	0.79768	1	1	1
	3	2	-3	1.04394	34.77255	2.37254	34.85340	95.10154	0.79768	1	1	1
	3	-2	3	1.04394	-34.77254	-2.37252	34.85340	95.10154	0.79768	1	1	1
	3	2	3	1.04394	-34.77253	-2.37254	34.85340	95.10154	0.79768	1	1	1
	0	-6	0	1.04282	-39.39545	-3.08148	39.51580	95.23645	1.02492	1	1	1
	0	6	0	1.04282	-39.39545	-3.08148	39.51580	95.23645	1.02492	1	1	1
	-1	0	-7	1.04222	21.54204	6.95952	22.63830	95.30765	0.33631	1	1	1
	-1	0	7	1.04222	-21.54205	-6.95951	22.63830	95.30765	0.33631	1	1	1
	1	0	-7	1.04222	-21.54205	-6.95952	22.63830	95.30765	0.33631	1	1	1
	1	0	7	1.04222	21.54204	6.95951	22.63830	95.30765	0.33631	1	1	1
	-1	-3	6	1.03935	29.87929	2.02636	29.94790	95.65587	0.58794	1	1	1
	-1	-3	-6	1.03935	-29.87931	-2.02631	29.94790	95.65587	0.58794	1	1	1
	1	-3	6	1.03935	-29.87930	-2.02635	29.94790	95.65587	0.58794	1	1	1
	1	3	-6	1.03935	29.87928	2.02640	29.94790	95.65587	0.58794	1	1	1
	1	-3	-6	1.03935	29.87933	2.02635	29.94800	95.65587	0.58794	1	1	1
	-1	3	6	1.03935	29.87932	2.02641	29.94800	95.65587	0.58794	1	1	1
	-1	3	-6	1.03935	-29.87929	-2.02641	29.94790	95.65587	0.58794	1	1	1
	1	3	6	1.03935	-29.87929	-2.02644	29.94790	95.65587	0.58794	1	1	1
	0	-6	-1	1.03315	37.91330	7.96912	38.74180	96.41832	0.98213	1	1	1
	0	-6	1	1.03315	-37.91329	-7.96918	38.74180	96.41832	0.98213	1	1	1
	0	6	-1	1.03315	-37.91330	-7.96910	38.74180	96.41832	0.98213	1	1	1
	0	6	1	1.03315	37.91331	7.96915	38.74180	96.41832	0.98213	1	1	1
	-2	-1	-6	1.03071	-68.43127	-3.67525	68.52990	96.72157	3.07131	1	1	1
	2	-1	-6	1.03071	-68.43127	-3.67526	68.52990	96.72157	3.07131	1	1	1
	2	-1	6	1.03071	68.43126	3.67523	68.52990	96.72157	3.07131	1	1	1
	-2	1	6	1.03071	-68.43125	-3.67530	68.52990	96.72157	3.07131	1	1	1
	-2	1	-6	1.03071	68.43125	3.67532	68.52990	96.72157	3.07131	1	1	1
	-2	-1	6	1.03071	68.43126	3.67523	68.52990	96.72157	3.07131	1	1	1
	2	1	-6	1.03071	68.43125	3.67532	68.52990	96.72157	3.07131	1	1	1
	2	1	6	1.03071	-68.43125	-3.67530	68.52990	96.72157	3.07131	1	1	1
	-1	1	7	1.02806	80.23341	5.71270	80.43650	97.05468	4.22911	1	1	1
	1	-1	-7	1.02806	80.23342	5.71266	80.43650	97.05468	4.22911	1	1	1
	1	1	-7	1.02806	-80.23340	-5.71269	80.43650	97.05468	4.22911	1	1	1
	1	-1	7	1.02806	80.23340	5.71268	80.43650	97.05468	4.22911	1	1	1
	-1	-1	7	1.02806	-80.23340	-5.71267	80.43650	97.05468	4.22911	1	1	1
	-1	1	-7	1.02806	80.23341	5.71268	80.43650	97.05468	4.22911	1	1	1
	-1	-1	-7	1.02806	-80.23341	-5.71268	80.43650	97.05468	4.22911	1	1	1
	1	1	7	1.02806	-80.23341	-5.71267	80.43650	97.05468	4.22911	1	1	1
	-2	-5	-1	1.02645	-20.75329	-1.77893	20.82940	97.25799	0.28352	1	1	1
	-2	-5	1	1.02645	-20.75331	-1.77893	20.82940	97.25799	0.28352	1	1	1
	-2	5	1	1.02645	-20.75330	-1.77893	20.82940	97.25799	0.28352	1	1	1
	-2	5	-1	1.02645	-20.75330	-1.77892	20.82940	97.25799	0.28352	1	1	1
	2	-5	-1	1.02645	-20.75331	-1.77891	20.82940	97.25799	0.28352	1	1	1
	2	-5	1	1.02645	-20.75330	-1.77892	20.82940	97.25799	0.28352	1	1	1
	2	5	-1	1.02645	-20.75331	-1.77891	20.82940	97.25799	0.28352	1	1	1
	2	5	1	1.02645	-20.75329	-1.77891	20.82940	97.25799	0.28352	1	1	1
	0	-2	-7	1.02626	-4.65522	2.75384	5.40876	97.28223	0.01912	1	1	1
	0	-2	7	1.02626	4.65521	-2.75379	5.40872	97.28223	0.01912	1	1	1
	0	2	-7	1.02626	4.65521	-2.75381	5.40874	97.28223	0.01912	1	1	1
	0	2	7	1.02626	-4.65521	2.75376	5.40871	97.28223	0.01912	1	1	1
	-2	3	-5	1.02306	-0.81666	-2.08330	2.23765	97.69054	0.00327	1	1	1
	-2	3	5	1.02306	-0.81665	-2.08336	2.23770	97.69054	0.00327	1	1	1
	2	-3	5	1.02306	-0.81666	-2.08336	2.23770	97.69054	0.00327	1	1	1
	2	-3	-5	1.02306	-0.81665	-2.08330	2.23765	97.69054	0.00327	1	1	1
	-2	-3	-5	1.02306	-0.81667	-2.08331	2.23766	97.69054	0.00327	1	1	1
	-2	-3	5	1.02306	-0.81665	-2.08335	2.23770	97.69054	0.00327	1	1	1
	2	3	-5	1.02306	-0.81666	-2.08331	2.23765	97.69054	0.00327	1	1	1
	2	3	5	1.02306	-0.81667	-2.08335	2.23770	97.69054	0.00327	1	1	1
	-3	-3	-2	1.02123	-0.47513	-4.38060	4.40629	97.92538	0.01268	1	1	1
	3	3	-2	1.02123	0.47511	4.38057	4.40626	97.92538	0.01268	1	1	1
	-3	-3	2	1.02123	0.47511	4.38059	4.40628	97.92538	0.01268	1	1	1
	3	-3	-2	1.02123	0.47511	4.38059	4.40628	97.92538	0.01268	1	1	1
	3	-3	2	1.02123	-0.47512	-4.38059	4.40628	97.92538	0.01268	1	1	1
	-3	3	2	1.02123	0.47512	4.38057	4.40626	97.92538	0.01268	1	1	1
	-3	3	-2	1.02123	-0.47512	-4.38058	4.40627	97.92538	0.01268	1	1	1
	3	3	2	1.02123	-0.47513	-4.38056	4.40626	97.92538	0.01268	1	1	1
	-3	-1	-4	1.01956	1.25424	5.76942	5.90418	98.14194	0.02277	1	1	1
	-3	-1	4	1.01956	-1.25424	-5.76947	5.90423	98.14194	0.02277	1	1	1
	-3	1	-4	1.01956	1.25421	5.76949	5.90424	98.14194	0.02277	1	1	1
	3	-1	-4	1.01956	-1.25422	-5.76948	5.90424	98.14194	0.02277	1	1	1
	-3	1	4	1.01956	-1.25422	-5.76950	5.90425	98.14194	0.02277	1	1	1
	3	-1	4	1.01956	1.25422	5.76949	5.90424	98.14194	0.02277	1	1	1
	3	1	-4	1.01956	-1.25423	-5.76951	5.90426	98.14194	0.02277	1	1	1
	3	1	4	1.01956	1.25423	5.76957	5.90432	98.14194	0.02277	1	1	1
	-2	-4	-4	1.01087	59.43488	5.38507	59.67830	99.28402	2.32668	1	1	1
	-2	-4	4	1.01087	59.43485	5.38504	59.67830	99.28402	2.32667	1	1	1
	-2	4	-4	1.01087	59.43486	5.38509	59.67830	99.28402	2.32667	1	1	1
	-2	4	4	1.01087	59.43487	5.38508	59.67830	99.28402	2.32667	1	1	1
	2	-4	4	1.01087	59.43486	5.38503	59.67830	99.28402	2.32667	1	1	1
	2	-4	-4	1.01087	59.43488	5.38504	59.67830	99.28402	2.32668	1	1	1
	2	4	-4	1.01087	59.43485	5.38507	59.67830	99.28402	2.32667	1	1	1
	2	4	4	1.01087	59.43488	5.38505	59.67830	99.28402	2.32668	1	1	1
	-1	-5	4	1.00576	19.78357	2.13991	19.89900	99.97103	0.25889	1	1	1
	-1	5	-4	1.00576	-19.78359	-2.13988	19.89900	99.97103	0.25889	1	1	1
	-1	-5	-4	1.00576	-19.78357	-2.13991	19.89900	99.97103	0.25889	1	1	1
	-1	5	4	1.00576	19.78356	2.13988	19.89900	99.97103	0.25889	1	1	1
	1	-5	-4	1.00576	19.78356	2.13989	19.89900	99.97103	0.25889	1	1	1
	1	-5	4	1.00576	-19.78358	-2.13990	19.89900	99.97103	0.25889	1	1	1
	1	5	4	1.00576	-19.78357	-2.13987	19.89900	99.97103	0.25889	1	1	1
	1	5	-4	1.00576	19.78357	2.13987	19.89900	99.97103	0.25889	1	1	1
	0	-6	-2	1.00568	19.31805	1.29764	19.36160	99.98255	0.24510	1	1	1
	0	-6	2	1.00568	19.31807	1.29761	19.36160	99.98255	0.24510	1	1	1
	0	6	2	1.00568	19.31805	1.29764	19.36160	99.98255	0.24510	1	1	1
	0	6	-2	1.00568	19.31806	1.29767	19.36160	99.98255	0.24510	1	1	1
	-1	-6	0	1.00358	-2.72641	-7.29964	7.79218	100.26868	0.03972	1	1	1
	-1	6	0	1.00358	2.72643	7.29959	7.79214	100.26868	0.03972	1	1	1
	1	-6	0	1.00358	2.72642	7.29966	7.79220	100.26868	0.03972	1	1	1
	1	6	0	1.00358	-2.72642	-7.29960	7.79215	100.26868	0.03972	1	1	1
	-2	-5	-2	0.99950	44.13209	-3.35033	44.25910	100.83019	1.28287	1	1	1
	2	-5	2	0.99950	-44.13208	3.35033	44.25910	100.83019	1.28287	1	1	1
	2	5	2	0.99950	44.13209	-3.35033	44.25910	100.83019	1.28287	1	1	1
	2	-5	-2	0.99950	44.13208	-3.35035	44.25910	100.83019	1.28287	1	1	1
	-2	5	2	0.99950	44.13208	-3.35032	44.25910	100.83019	1.28287	1	1	1
	-2	5	-2	0.99950	-44.13208	3.35033	44.25910	100.83019	1.28287	1	1	1
	-2	-5	2	0.99950	-44.13209	3.35032	44.25910	100.83019	1.28287	1	1	1
	2	5	-2	0.99950	-44.13210	3.35035	44.25910	100.83019	1.28287	1	1	1
	-1	-6	-1	0.99495	30.14762	1.52837	30.18630	101.46591	0.59777	1	1	1
	-1	6	-1	0.99495	30.14764	1.52837	30.18640	101.46591	0.59777	1	1	1
	-1	-6	1	0.99495	-30.14763	-1.52835	30.18630	101.46591	0.59777	1	1	1
	1	-6	1	0.99495	30.14763	1.52836	30.18640	101.46591	0.59777	1	1	1
	1	6	-1	0.99495	-30.14763	-1.52838	30.18630	101.46591	0.59777	1	1	1
	1	-6	-1	0.99495	-30.14761	-1.52836	30.18630	101.46591	0.59776	1	1	1
	-1	6	1	0.99495	-30.14761	-1.52837	30.18630	101.46591	0.59776	1	1	1
	1	6	1	0.99495	30.14762	1.52836	30.18630	101.46591	0.59777	1	1	1
	-2	-2	-6	0.99116	-8.68594	-6.18235	10.66150	102.00421	0.07470	1	1	1
	-2	-2	6	0.99116	-8.68593	-6.18236	10.66150	102.00421	0.07470	1	1	1
	2	2	6	0.99116	-8.68595	-6.18234	10.66150	102.00421	0.07470	1	1	1
	2	2	-6	0.99116	-8.68594	-6.18233	10.66150	102.00421	0.07469	1	1	1
	-2	2	-6	0.99116	-8.68596	-6.18234	10.66150	102.00421	0.07470	1	1	1
	-2	2	6	0.99116	-8.68592	-6.18232	10.66140	102.00421	0.07469	1	1	1
	2	-2	-6	0.99116	-8.68591	-6.18236	10.66150	102.00421	0.07469	1	1	1
	2	-2	6	0.99116	-8.68596	-6.18235	10.66150	102.00421	0.07470	1	1	1
	-1	-2	-7	0.98880	10.41113	5.14034	11.61100	102.34251	0.08870	1	1	1
	-1	-2	7	0.98880	-10.41110	-5.14035	11.61090	102.34251	0.08870	1	1	1
	-1	2	-7	0.98880	10.41111	5.14026	11.61090	102.34251	0.08870	1	1	1
	-1	2	7	0.98880	-10.41112	-5.14027	11.61090	102.34251	0.08870	1	1	1
	1	-2	7	0.98880	10.41110	5.14036	11.61100	102.34251	0.08870	1	1	1
	1	-2	-7	0.98880	-10.41110	-5.14035	11.61100	102.34251	0.08870	1	1	1
	1	2	-7	0.98880	-10.41110	-5.14027	11.61090	102.34251	0.08870	1	1	1
	1	2	7	0.98880	10.41114	5.14029	11.61100	102.34251	0.08870	1	1	1
	0	-4	6	0.98475	56.33996	6.32123	56.69350	102.92913	2.11974	1	1	1
	0	-4	-6	0.98475	56.33996	6.32124	56.69350	102.92913	2.11974	1	1	1
	0	4	-6	0.98475	56.33997	6.32123	56.69350	102.92913	2.11974	1	1	1
	0	4	6	0.98475	56.33996	6.32123	56.69350	102.92913	2.11974	1	1	1
	-3	-2	-4	0.98122	-7.88058	-2.49256	8.26537	103.44811	0.04516	1	1	1
	-3	2	-4	0.98122	7.88060	2.49254	8.26539	103.44811	0.04516	1	1	1
	-3	-2	4	0.98122	-7.88058	-2.49255	8.26538	103.44811	0.04516	1	1	1
	3	2	-4	0.98122	-7.88059	-2.49255	8.26538	103.44811	0.04516	1	1	1
	3	2	4	0.98122	-7.88059	-2.49254	8.26537	103.44811	0.04516	1	1	1
	3	-2	4	0.98122	7.88060	2.49256	8.26539	103.44811	0.04516	1	1	1
	3	-2	-4	0.98122	7.88059	2.49256	8.26538	103.44811	0.04516	1	1	1
	-3	2	4	0.98122	7.88059	2.49254	8.26538	103.44811	0.04516	1	1	1
	-3	-3	-3	0.97809	10.11050	-4.12182	10.91840	103.91521	0.07899	1	1	1
	-3	-3	3	0.97809	10.11051	-4.12186	10.91840	103.91521	0.07899	1	1	1
	3	3	-3	0.97809	10.11051	-4.12183	10.91840	103.91521	0.07899	1	1	1
	3	3	3	0.97809	10.11050	-4.12187	10.91840	103.91521	0.07899	1	1	1
	-3	3	-3	0.97809	-10.11050	4.12182	10.91840	103.91521	0.07899	1	1	1
	-3	3	3	0.97809	-10.11051	4.12185	10.91840	103.91521	0.07899	1	1	1
	3	-3	-3	0.97809	-10.11051	4.12184	10.91840	103.91521	0.07899	1	1	1
	3	-3	3	0.97809	-10.11050	4.12187	10.91840	103.91521	0.07899	1	1	1
	-1	-6	-2	0.97035	38.01697	5.22602	38.37450	105.09062	0.98233	1	1	1
	-1	-6	2	0.97035	38.01698	5.22593	38.37450	105.09062	0.98233	1	1	1
	-1	6	-2	0.97035	-38.01699	-5.22605	38.37450	105.09062	0.98233	1	1	1
	-1	6	2	0.97035	-38.01698	-5.22595	38.37450	105.09062	0.98233	1	1	1
	1	-6	2	0.97035	-38.01700	-5.22593	38.37450	105.09062	0.98233	1	1	1
	1	-6	-2	0.97035	-38.01698	-5.22602	38.37450	105.09062	0.98233	1	1	1
	1	6	-2	0.97035	38.01698	5.22604	38.37450	105.09062	0.98233	1	1	1
	1	6	2	0.97035	38.01697	5.22595	38.37450	105.09062	0.98233	1	1	1
	-3	4	0	0.96742	-14.86121	-6.95401	16.40770	105.54480	0.18011	1	1	1
	3	-4	0	0.96742	-14.86121	-6.95401	16.40770	105.54480	0.18011	1	1	1
	-3	-4	0	0.96742	14.86122	6.95401	16.40780	105.54480	0.18011	1	1	1
	3	4	0	0.96742	14.86123	6.95401	16.40770	105.54480	0.18011	1	1	1
	0	-5	-5	0.96634	-3.21020	0.39208	3.23405	105.71405	0.00701	1	1	1
	0	-5	5	0.96634	-3.21020	0.39207	3.23405	105.71405	0.00701	1	1	1
	0	5	5	0.96634	-3.21019	0.39205	3.23405	105.71405	0.00701	1	1	1
	0	5	-5	0.96634	-3.21020	0.39206	3.23405	105.71405	0.00701	1	1	1
	0	-6	-3	0.96440	27.87337	1.82207	27.93290	106.01868	0.52370	1	1	1
	0	-6	3	0.96440	-27.87336	-1.82196	27.93280	106.01868	0.52370	1	1	1
	0	6	3	0.96440	27.87338	1.82198	27.93290	106.01868	0.52370	1	1	1
	0	6	-3	0.96440	-27.87335	-1.82209	27.93280	106.01868	0.52370	1	1	1
	0	-3	-7	0.96350	-14.29195	2.13316	14.45030	106.16007	0.14029	1	1	1
	0	-3	7	0.96350	-14.29196	2.13316	14.45030	106.16007	0.14029	1	1	1
	0	3	-7	0.96350	-14.29196	2.13313	14.45030	106.16007	0.14029	1	1	1
	0	3	7	0.96350	-14.29195	2.13313	14.45030	106.16007	0.14029	1	1	1
	-3	-4	-1	0.95969	12.06670	-1.64980	12.17900	106.76891	0.10011	1	1	1
	3	-4	-1	0.95969	-12.06672	1.64983	12.17900	106.76891	0.10011	1	1	1
	3	-4	1	0.95969	12.06671	-1.64981	12.17900	106.76891	0.10011	1	1	1
	-3	4	1	0.95969	-12.06672	1.64980	12.17900	106.76891	0.10011	1	1	1
	-3	4	-1	0.95969	12.06671	-1.64982	12.17900	106.76891	0.10011	1	1	1
	-3	-4	1	0.95969	-12.06669	1.64982	12.17900	106.76891	0.10011	1	1	1
	3	4	-1	0.95969	-12.06669	1.64982	12.17900	106.76891	0.10011	1	1	1
	3	4	1	0.95969	12.06671	-1.64982	12.17900	106.76891	0.10011	1	1	1
	-2	5	3	0.95895	2.50877	1.54472	2.94620	106.88798	0.00586	1	1	1
	2	-5	-3	0.95895	2.50878	1.54468	2.94618	106.88798	0.00586	1	1	1
	2	5	-3	0.95895	2.50877	1.54470	2.94619	106.88798	0.00586	1	1	1
	2	-5	3	0.95895	2.50877	1.54471	2.94619	106.88798	0.00586	1	1	1
	-2	-5	3	0.95895	2.50877	1.54469	2.94618	106.88798	0.00586	1	1	1
	-2	5	-3	0.95895	2.50877	1.54468	2.94618	106.88798	0.00586	1	1	1
	-2	-5	-3	0.95895	2.50879	1.54469	2.94619	106.88798	0.00586	1	1	1
	2	5	3	0.95895	2.50879	1.54471	2.94620	106.88798	0.00586	1	1	1
	-3	0	-5	0.95691	16.48200	6.65444	17.77460	107.21736	0.21398	1	1	1
	-3	0	5	0.95691	-16.48200	-6.65449	17.77470	107.21736	0.21398	1	1	1
	3	0	5	0.95691	16.48200	6.65449	17.77470	107.21736	0.21398	1	1	1
	3	0	-5	0.95691	-16.48200	-6.65444	17.77460	107.21736	0.21398	1	1	1
	-1	4	6	0.95151	30.79989	7.72808	31.75460	108.10407	0.68807	1	1	1
	1	-4	-6	0.95151	30.79990	7.72802	31.75460	108.10407	0.68807	1	1	1
	-1	4	-6	0.95151	30.79990	7.72806	31.75460	108.10407	0.68807	1	1	1
	-1	-4	6	0.95151	-30.79991	-7.72804	31.75460	108.10407	0.68807	1	1	1
	-1	-4	-6	0.95151	-30.79991	-7.72805	31.75460	108.10407	0.68807	1	1	1
	1	-4	6	0.95151	30.79990	7.72805	31.75460	108.10407	0.68807	1	1	1
	1	4	-6	0.95151	-30.79991	-7.72806	31.75460	108.10407	0.68807	1	1	1
	1	4	6	0.95151	-30.79990	-7.72806	31.75460	108.10407	0.68807	1	1	1
	0	0	8	0.95058	-4.98570	-2.28946	5.48624	108.25900	0.02057	1	1	1
	0	0	-8	0.95058	-4.98570	-2.28945	5.48624	108.25900	0.02057	1	1	1
	-3	-1	-5	0.94591	-8.10875	0.11349	8.10954	109.04499	0.04526	1	1	1
	-3	-1	5	0.94591	-8.10873	0.11352	8.10952	109.04499	0.04526	1	1	1
	-3	1	5	0.94591	8.10874	-0.11353	8.10953	109.04499	0.04526	1	1	1
	-3	1	-5	0.94591	8.10871	-0.11351	8.10951	109.04499	0.04526	1	1	1
	3	-1	-5	0.94591	8.10873	-0.11349	8.10952	109.04499	0.04526	1	1	1
	3	-1	5	0.94591	8.10871	-0.11352	8.10950	109.04499	0.04526	1	1	1
	3	1	-5	0.94591	-8.10873	0.11350	8.10952	109.04499	0.04526	1	1	1
	3	1	5	0.94591	-8.10875	0.11353	8.10954	109.04499	0.04526	1	1	1
	0	-1	-8	0.93980	-14.48305	0.64856	14.49760	110.09794	0.14619	1	1	1
	0	-1	8	0.93980	14.48305	-0.64856	14.49760	110.09794	0.14619	1	1	1
	0	1	-8	0.93980	14.48304	-0.64850	14.49760	110.09794	0.14618	1	1	1
	0	1	8	0.93980	-14.48304	0.64850	14.49760	110.09794	0.14618	1	1	1
	-2	-4	-5	0.93896	17.29927	6.51398	18.48500	110.24366	0.23802	1	1	1
	-2	-4	5	0.93896	-17.29930	-6.51398	18.48510	110.24366	0.23802	1	1	1
	-2	4	-5	0.93896	-17.29931	-6.51400	18.48510	110.24366	0.23802	1	1	1
	-2	4	5	0.93896	17.29928	6.51397	18.48500	110.24366	0.23802	1	1	1
	2	-4	-5	0.93896	17.29927	6.51401	18.48510	110.24366	0.23802	1	1	1
	2	4	-5	0.93896	-17.29929	-6.51399	18.48510	110.24366	0.23802	1	1	1
	2	-4	5	0.93896	-17.29931	-6.51398	18.48510	110.24366	0.23802	1	1	1
	2	4	5	0.93896	17.29927	6.51400	18.48500	110.24366	0.23802	1	1	1
	-3	-4	2	0.93755	-18.21396	-3.81889	18.61000	110.49183	0.24188	1	1	1
	-3	4	-2	0.93755	18.21394	3.81887	18.61000	110.49183	0.24188	1	1	1
	-3	-4	-2	0.93755	-18.21396	-3.81890	18.61000	110.49183	0.24188	1	1	1
	-3	4	2	0.93755	18.21396	3.81889	18.61000	110.49183	0.24188	1	1	1
	3	-4	-2	0.93755	18.21396	3.81888	18.61000	110.49183	0.24188	1	1	1
	3	-4	2	0.93755	18.21394	3.81889	18.61000	110.49183	0.24188	1	1	1
	3	4	2	0.93755	-18.21397	-3.81887	18.61000	110.49183	0.24188	1	1	1
	3	4	-2	0.93755	-18.21396	-3.81888	18.61000	110.49183	0.24188	1	1	1
	-1	-5	-5	0.93487	15.49245	-1.72501	15.58820	110.96729	0.17059	1	1	1
	-1	-5	5	0.93487	15.49249	-1.72502	15.58820	110.96729	0.17059	1	1	1
	-1	5	-5	0.93487	-15.49249	1.72501	15.58820	110.96729	0.17059	1	1	1
	-1	5	5	0.93487	-15.49247	1.72503	15.58820	110.96729	0.17059	1	1	1
	1	-5	5	0.93487	-15.49249	1.72502	15.58820	110.96729	0.17059	1	1	1
	1	-5	-5	0.93487	-15.49247	1.72500	15.58820	110.96729	0.17059	1	1	1
	1	5	-5	0.93487	15.49249	-1.72501	15.58820	110.96729	0.17059	1	1	1
	1	5	5	0.93487	15.49245	-1.72502	15.58820	110.96729	0.17059	1	1	1
	-2	-3	6	0.93428	-29.72430	-2.67870	29.84480	111.07245	0.62603	1	1	1
	-2	-3	-6	0.93428	29.72427	2.67875	29.84470	111.07245	0.62603	1	1	1
	-2	3	-6	0.93428	-29.72431	-2.67869	29.84480	111.07245	0.62603	1	1	1
	-2	3	6	0.93428	29.72430	2.67867	29.84480	111.07245	0.62603	1	1	1
	2	-3	-6	0.93428	29.72430	2.67872	29.84480	111.07245	0.62603	1	1	1
	2	3	-6	0.93428	-29.72431	-2.67869	29.84480	111.07245	0.62603	1	1	1
	2	-3	6	0.93428	-29.72430	-2.67869	29.84480	111.07245	0.62603	1	1	1
	2	3	6	0.93428	29.72428	2.67864	29.84470	111.07245	0.62603	1	1	1
	1	-6	-3	0.93311	-12.31260	-0.93072	12.34770	111.28142	0.10741	1	1	1
	1	6	3	0.93311	12.31263	0.93060	12.34770	111.28142	0.10741	1	1	1
	-1	6	3	0.93311	-12.31261	-0.93060	12.34770	111.28142	0.10741	1	1	1
	-1	-6	-3	0.93311	12.31262	0.93072	12.34770	111.28142	0.10741	1	1	1
	-1	-6	3	0.93311	-12.31265	-0.93062	12.34780	111.28142	0.10741	1	1	1
	-1	6	-3	0.93311	12.31264	0.93069	12.34780	111.28142	0.10741	1	1	1
	1	-6	3	0.93311	12.31265	0.93064	12.34780	111.28142	0.10741	1	1	1
	1	6	-3	0.93311	-12.31263	-0.93071	12.34780	111.28142	0.10741	1	1	1
	-1	-3	7	0.93230	15.48441	-1.69467	15.57690	111.42728	0.17122	1	1	1
	-1	3	-7	0.93230	-15.48443	1.69467	15.57690	111.42728	0.17122	1	1	1
	1	-3	-7	0.93230	-15.48442	1.69464	15.57690	111.42728	0.17122	1	1	1
	-1	3	7	0.93230	-15.48443	1.69468	15.57690	111.42728	0.17122	1	1	1
	-1	-3	-7	0.93230	15.48442	-1.69464	15.57690	111.42728	0.17122	1	1	1
	1	-3	7	0.93230	-15.48442	1.69465	15.57690	111.42728	0.17122	1	1	1
	1	3	-7	0.93230	15.48441	-1.69465	15.57690	111.42728	0.17122	1	1	1
	1	3	7	0.93230	15.48443	-1.69468	15.57690	111.42728	0.17122	1	1	1
	-2	-1	7	0.92605	-35.60950	-5.95092	36.10330	112.56997	0.93226	1	1	1
	-2	-1	-7	0.92605	-35.60949	-5.95089	36.10330	112.56997	0.93226	1	1	1
	2	-1	7	0.92605	-35.60950	-5.95092	36.10330	112.56997	0.93226	1	1	1
	2	1	-7	0.92605	-35.60951	-5.95086	36.10330	112.56997	0.93226	1	1	1
	2	-1	-7	0.92605	-35.60951	-5.95091	36.10330	112.56997	0.93226	1	1	1
	-2	1	7	0.92605	-35.60952	-5.95087	36.10330	112.56997	0.93226	1	1	1
	-2	1	-7	0.92605	-35.60950	-5.95086	36.10330	112.56997	0.93226	1	1	1
	2	1	7	0.92605	-35.60949	-5.95089	36.10330	112.56997	0.93226	1	1	1
	3	-3	-4	0.92594	-43.31137	-6.18404	43.75060	112.58970	1.36935	1	1	1
	3	-3	4	0.92594	43.31137	6.18399	43.75060	112.58970	1.36935	1	1	1
	3	3	4	0.92594	43.31137	6.18398	43.75060	112.58970	1.36935	1	1	1
	3	3	-4	0.92594	-43.31137	-6.18402	43.75060	112.58970	1.36935	1	1	1
	-3	3	-4	0.92594	43.31138	6.18402	43.75060	112.58970	1.36935	1	1	1
	-3	3	4	0.92594	-43.31138	-6.18396	43.75060	112.58970	1.36935	1	1	1
	-3	-3	4	0.92594	-43.31136	-6.18398	43.75060	112.58970	1.36935	1	1	1
	-3	-3	-4	0.92594	43.31137	6.18403	43.75060	112.58970	1.36935	1	1	1
	-4	0	0	0.92333	105.00652	13.06919	105.81700	113.07730	8.05902	1	1	1
	4	0	0	0.92333	105.00652	13.06919	105.81700	113.07730	8.05902	1	1	1
	-3	-2	-5	0.91506	57.89935	8.92829	58.58370	114.66105	2.52211	1	1	1
	-3	-2	5	0.91506	-57.89935	-8.92829	58.58370	114.66105	2.52211	1	1	1
	-3	2	-5	0.91506	57.89934	8.92835	58.58370	114.66105	2.52211	1	1	1
	3	-2	-5	0.91506	-57.89935	-8.92832	58.58370	114.66105	2.52211	1	1	1
	-3	2	5	0.91506	-57.89935	-8.92830	58.58370	114.66105	2.52211	1	1	1
	3	-2	5	0.91506	57.89935	8.92827	58.58370	114.66105	2.52211	1	1	1
	3	2	-5	0.91506	-57.89934	-8.92834	58.58370	114.66105	2.52211	1	1	1
	3	2	5	0.91506	57.89934	8.92833	58.58370	114.66105	2.52211	1	1	1
	0	-6	-4	0.91430	44.19122	3.23193	44.30920	114.80898	1.44571	1	1	1
	0	6	4	0.91430	44.19121	3.23199	44.30920	114.80898	1.44571	1	1	1
	0	-6	4	0.91430	44.19123	3.23196	44.30930	114.80898	1.44572	1	1	1
	0	6	-4	0.91430	44.19124	3.23196	44.30930	114.80898	1.44572	1	1	1
	-1	-1	8	0.91077	-27.53356	-7.56711	28.55450	115.50718	0.60631	1	1	1
	1	1	-8	0.91077	-27.53357	-7.56713	28.55450	115.50718	0.60631	1	1	1
	-1	-1	-8	0.91077	27.53356	7.56715	28.55450	115.50718	0.60631	1	1	1
	1	1	8	0.91077	27.53357	7.56709	28.55450	115.50718	0.60631	1	1	1
	-1	1	-8	0.91077	27.53355	7.56712	28.55450	115.50718	0.60631	1	1	1
	-1	1	8	0.91077	-27.53356	-7.56712	28.55450	115.50718	0.60631	1	1	1
	1	-1	8	0.91077	27.53355	7.56711	28.55450	115.50718	0.60631	1	1	1
	1	-1	-8	0.91077	-27.53355	-7.56712	28.55450	115.50718	0.60631	1	1	1
	-2	-5	-4	0.90965	37.80651	7.38785	38.52160	115.73091	1.10701	1	1	1
	-2	-5	4	0.90965	-37.80645	-7.38787	38.52150	115.73091	1.10700	1	1	1
	-2	5	4	0.90965	37.80649	7.38787	38.52160	115.73091	1.10700	1	1	1
	-2	5	-4	0.90965	-37.80644	-7.38786	38.52150	115.73091	1.10700	1	1	1
	2	-5	-4	0.90965	37.80649	7.38787	38.52160	115.73091	1.10701	1	1	1
	2	-5	4	0.90965	-37.80644	-7.38787	38.52150	115.73091	1.10700	1	1	1
	2	5	-4	0.90965	-37.80645	-7.38786	38.52150	115.73091	1.10700	1	1	1
	2	5	4	0.90965	37.80650	7.38790	38.52160	115.73091	1.10701	1	1	1
	0	-2	-8	0.90952	-40.72688	-4.78019	41.00640	115.75760	1.25491	1	1	1
	0	-2	8	0.90952	-40.72686	-4.78021	41.00640	115.75760	1.25491	1	1	1
	0	2	-8	0.90952	-40.72687	-4.78016	41.00640	115.75760	1.25491	1	1	1
	0	2	8	0.90952	-40.72688	-4.78020	41.00640	115.75760	1.25491	1	1	1
	-2	-6	0	0.90804	33.04406	2.86366	33.16790	116.05663	0.82458	1	1	1
	-2	6	0	0.90804	33.04404	2.86366	33.16790	116.05663	0.82458	1	1	1
	2	-6	0	0.90804	33.04404	2.86366	33.16790	116.05663	0.82458	1	1	1
	2	6	0	0.90804	33.04406	2.86367	33.16790	116.05663	0.82458	1	1	1
	-4	-1	-1	0.90692	-4.80101	3.07789	5.70291	116.28306	0.02446	1	1	1
	4	-1	1	0.90692	-4.80102	3.07788	5.70290	116.28306	0.02446	1	1	1
	-4	1	-1	0.90692	-4.80102	3.07789	5.70291	116.28306	0.02446	1	1	1
	4	1	1	0.90692	-4.80101	3.07788	5.70290	116.28306	0.02446	1	1	1
	-4	-1	1	0.90692	-4.80102	3.07789	5.70291	116.28306	0.02446	1	1	1
	4	-1	-1	0.90692	-4.80102	3.07788	5.70290	116.28306	0.02446	1	1	1
	-4	1	1	0.90692	-4.80102	3.07789	5.70291	116.28306	0.02446	1	1	1
	4	1	-1	0.90692	-4.80102	3.07788	5.70291	116.28306	0.02446	1	1	1
	-3	-4	-3	0.90383	-4.18470	-0.12886	4.18668	116.91553	0.01331	1	1	1
	-3	-4	3	0.90383	4.18475	0.12885	4.18673	116.91553	0.01331	1	1	1
	-3	4	3	0.90383	4.18474	0.12887	4.18672	116.91553	0.01331	1	1	1
	-3	4	-3	0.90383	-4.18473	-0.12886	4.18671	116.91553	0.01331	1	1	1
	3	-4	-3	0.90383	4.18475	0.12884	4.18673	116.91553	0.01331	1	1	1
	3	-4	3	0.90383	-4.18473	-0.12886	4.18671	116.91553	0.01331	1	1	1
	3	4	-3	0.90383	4.18475	0.12887	4.18673	116.91553	0.01331	1	1	1
	3	4	3	0.90383	-4.18470	-0.12885	4.18668	116.91553	0.01331	1	1	1
	-2	-6	-1	0.90163	-30.77238	-7.40580	31.65100	117.37290	0.76592	1	1	1
	-2	-6	1	0.90163	30.77239	7.40587	31.65100	117.37290	0.76592	1	1	1
	-2	6	-1	0.90163	30.77240	7.40579	31.65100	117.37290	0.76592	1	1	1
	-2	6	1	0.90163	-30.77240	-7.40583	31.65100	117.37290	0.76592	1	1	1
	2	-6	1	0.90163	30.77239	7.40585	31.65100	117.37290	0.76592	1	1	1
	2	-6	-1	0.90163	-30.77239	-7.40580	31.65100	117.37290	0.76592	1	1	1
	2	6	-1	0.90163	30.77240	7.40577	31.65100	117.37290	0.76592	1	1	1
	2	6	1	0.90163	-30.77239	-7.40583	31.65100	117.37290	0.76592	1	1	1
	-4	0	2	0.89726	3.32763	-2.99954	4.48000	118.29782	0.01557	1	1	1
	-4	0	-2	0.89726	3.32763	-2.99955	4.48000	118.29782	0.01557	1	1	1
	4	0	-2	0.89726	3.32763	-2.99954	4.48000	118.29782	0.01557	1	1	1
	4	0	2	0.89726	3.32763	-2.99954	4.48000	118.29782	0.01557	1	1	1
	-2	-2	-7	0.89704	3.47149	-2.55917	4.31284	118.34309	0.01444	1	1	1
	-2	2	-7	0.89704	-3.47147	2.55913	4.31280	118.34309	0.01444	1	1	1
	-2	-2	7	0.89704	-3.47148	2.55914	4.31281	118.34309	0.01444	1	1	1
	2	2	-7	0.89704	-3.47148	2.55914	4.31281	118.34309	0.01444	1	1	1
	2	2	7	0.89704	3.47149	-2.55910	4.31280	118.34309	0.01444	1	1	1
	2	-2	7	0.89704	-3.47147	2.55915	4.31282	118.34309	0.01444	1	1	1
	2	-2	-7	0.89704	3.47149	-2.55917	4.31284	118.34309	0.01444	1	1	1
	-2	2	7	0.89704	3.47148	-2.55911	4.31280	118.34309	0.01444	1	1	1
	0	-4	-7	0.89229	22.35671	5.93913	23.13210	119.37427	0.42253	1	1	1
	0	4	-7	0.89229	-22.35669	-5.93907	23.13210	119.37427	0.42253	1	1	1
	0	-4	7	0.89229	-22.35669	-5.93910	23.13210	119.37427	0.42253	1	1	1
	0	4	7	0.89229	22.35671	5.93904	23.13210	119.37427	0.42253	1	1	1
	0	-5	6	0.89048	-14.07546	-0.51579	14.08490	119.77282	0.15771	1	1	1
	0	5	-6	0.89048	-14.07546	-0.51581	14.08490	119.77282	0.15771	1	1	1
	0	-5	-6	0.89048	14.07547	0.51577	14.08490	119.77282	0.15771	1	1	1
	0	5	6	0.89048	14.07547	0.51583	14.08490	119.77282	0.15771	1	1	1
	-4	-1	-2	0.88817	-20.07256	-0.06283	20.07270	120.28939	0.32315	1	1	1
	-4	-1	2	0.88817	20.07256	0.06283	20.07270	120.28939	0.32315	1	1	1
	-4	1	2	0.88817	-20.07256	-0.06287	20.07270	120.28939	0.32315	1	1	1
	-4	1	-2	0.88817	20.07256	0.06286	20.07270	120.28939	0.32315	1	1	1
	4	-1	-2	0.88817	-20.07257	-0.06283	20.07270	120.28939	0.32315	1	1	1
	4	-1	2	0.88817	20.07256	0.06283	20.07270	120.28939	0.32315	1	1	1
	4	1	-2	0.88817	20.07256	0.06286	20.07270	120.28939	0.32315	1	1	1
	4	1	2	0.88817	-20.07256	-0.06287	20.07270	120.28939	0.32315	1	1	1
	0	-7	-1	0.88773	-33.89938	-3.13528	34.04410	120.38812	0.93115	1	1	1
	0	-7	1	0.88773	-33.89935	-3.13535	34.04400	120.38812	0.93115	1	1	1
	0	7	-1	0.88773	-33.89935	-3.13531	34.04400	120.38812	0.93115	1	1	1
	0	7	1	0.88773	-33.89937	-3.13538	34.04410	120.38812	0.93115	1	1	1
	-1	6	-4	0.88751	-20.42308	-4.93731	21.01140	120.43713	0.35499	1	1	1
	-1	6	4	0.88751	-20.42308	-4.93738	21.01140	120.43713	0.35499	1	1	1
	1	-6	4	0.88751	-20.42307	-4.93736	21.01140	120.43713	0.35499	1	1	1
	1	-6	-4	0.88751	-20.42308	-4.93731	21.01140	120.43713	0.35499	1	1	1
	-1	-6	-4	0.88751	20.42311	4.93730	21.01140	120.43713	0.35499	1	1	1
	-1	-6	4	0.88751	20.42307	4.93737	21.01140	120.43713	0.35499	1	1	1
	1	6	-4	0.88751	20.42308	4.93730	21.01140	120.43713	0.35499	1	1	1
	1	6	4	0.88751	20.42310	4.93739	21.01140	120.43713	0.35499	1	1	1
	-4	-2	0	0.88557	-23.46090	3.79200	23.76540	120.87885	0.45767	1	1	1
	4	-2	0	0.88557	-23.46090	3.79199	23.76540	120.87885	0.45767	1	1	1
	-4	2	0	0.88557	-23.46090	3.79199	23.76540	120.87885	0.45767	1	1	1
	4	2	0	0.88557	-23.46091	3.79199	23.76540	120.87885	0.45767	1	1	1
	-2	6	-2	0.88320	-15.74704	-1.20593	15.79310	121.42227	0.20408	1	1	1
	-2	6	2	0.88320	-15.74703	-1.20591	15.79310	121.42227	0.20408	1	1	1
	-2	-6	2	0.88320	-15.74703	-1.20589	15.79310	121.42227	0.20408	1	1	1
	-2	-6	-2	0.88320	-15.74703	-1.20591	15.79310	121.42227	0.20408	1	1	1
	2	-6	-2	0.88320	-15.74703	-1.20591	15.79310	121.42227	0.20408	1	1	1
	2	-6	2	0.88320	-15.74705	-1.20589	15.79320	121.42227	0.20408	1	1	1
	2	6	-2	0.88320	-15.74702	-1.20593	15.79310	121.42227	0.20408	1	1	1
	2	6	2	0.88320	-15.74702	-1.20592	15.79310	121.42227	0.20408	1	1	1
	-1	-2	-8	0.88314	32.89928	3.12150	33.04700	121.43715	0.89383	1	1	1
	-1	2	-8	0.88314	-32.89921	-3.12156	33.04700	121.43715	0.89382	1	1	1
	1	-2	-8	0.88314	-32.89926	-3.12151	33.04700	121.43715	0.89383	1	1	1
	-1	2	8	0.88314	-32.89926	-3.12150	33.04700	121.43715	0.89383	1	1	1
	-1	-2	8	0.88314	32.89925	3.12146	33.04700	121.43715	0.89383	1	1	1
	1	-2	8	0.88314	-32.89924	-3.12145	33.04700	121.43715	0.89383	1	1	1
	1	2	-8	0.88314	32.89923	3.12154	33.04700	121.43715	0.89383	1	1	1
	1	2	8	0.88314	32.89928	3.12152	33.04700	121.43715	0.89383	1	1	1
	-4	-2	1	0.87962	-0.22123	-2.93911	2.94743	122.25884	0.00722	1	1	1
	-4	2	-1	0.87962	-0.22128	-2.93914	2.94746	122.25884	0.00722	1	1	1
	-4	-2	-1	0.87962	0.22127	2.93914	2.94746	122.25884	0.00722	1	1	1
	-4	2	1	0.87962	0.22128	2.93914	2.94746	122.25884	0.00722	1	1	1
	4	-2	-1	0.87962	0.22129	2.93914	2.94746	122.25884	0.00722	1	1	1
	4	-2	1	0.87962	-0.22128	-2.93914	2.94746	122.25884	0.00722	1	1	1
	4	2	1	0.87962	0.22127	2.93913	2.94745	122.25884	0.00722	1	1	1
	4	2	-1	0.87962	-0.22123	-2.93915	2.94746	122.25884	0.00722	1	1	1
	-3	-1	-6	0.87442	-12.49916	-0.00809	12.49920	123.50681	0.13288	1	1	1
	-3	-1	6	0.87442	12.49915	0.00808	12.49910	123.50681	0.13288	1	1	1
	-3	1	-6	0.87442	-12.49915	-0.00807	12.49920	123.50681	0.13288	1	1	1
	3	-1	-6	0.87442	12.49916	0.00808	12.49920	123.50681	0.13288	1	1	1
	-3	1	6	0.87442	12.49917	0.00807	12.49920	123.50681	0.13288	1	1	1
	3	1	-6	0.87442	12.49915	0.00807	12.49920	123.50681	0.13288	1	1	1
	3	-1	6	0.87442	-12.49915	-0.00808	12.49920	123.50681	0.13288	1	1	1
	3	1	6	0.87442	-12.49917	-0.00807	12.49920	123.50681	0.13288	1	1	1
	-3	-5	-1	0.87182	64.09805	7.36855	64.52020	124.14775	3.58490	1	1	1
	-3	5	-1	0.87182	-64.09801	-7.36854	64.52020	124.14775	3.58490	1	1	1
	-3	5	1	0.87182	-64.09802	-7.36856	64.52020	124.14775	3.58490	1	1	1
	3	-5	-1	0.87182	-64.09802	-7.36853	64.52020	124.14775	3.58490	1	1	1
	3	-5	1	0.87182	-64.09801	-7.36855	64.52020	124.14775	3.58490	1	1	1
	3	5	1	0.87182	64.09805	7.36855	64.52020	124.14775	3.58490	1	1	1
	-3	-5	1	0.87182	64.09804	7.36855	64.52020	124.14775	3.58490	1	1	1
	3	5	-1	0.87182	64.09803	7.36855	64.52020	124.14775	3.58490	1	1	1
	0	-7	2	0.87012	-55.90295	-9.17981	56.65160	124.57027	2.78688	1	1	1
	0	7	-2	0.87012	-55.90295	-9.17976	56.65160	124.57027	2.78688	1	1	1
	0	-7	-2	0.87012	55.90295	9.17975	56.65160	124.57027	2.78688	1	1	1
	0	7	2	0.87012	55.90295	9.17982	56.65160	124.57027	2.78689	1	1	1
	-3	-3	-5	0.86974	29.05248	3.88219	29.31070	124.66757	0.74745	1	1	1
	-3	-3	5	0.86974	29.05251	3.88216	29.31070	124.66757	0.74745	1	1	1
	3	3	5	0.86974	29.05248	3.88215	29.31070	124.66757	0.74745	1	1	1
	3	3	-5	0.86974	29.05251	3.88218	29.31070	124.66757	0.74745	1	1	1
	-3	3	-5	0.86974	-29.05251	-3.88219	29.31070	124.66757	0.74745	1	1	1
	-3	3	5	0.86974	-29.05250	-3.88217	29.31070	124.66757	0.74745	1	1	1
	3	-3	-5	0.86974	-29.05250	-3.88218	29.31070	124.66757	0.74745	1	1	1
	3	-3	5	0.86974	-29.05252	-3.88216	29.31080	124.66757	0.74745	1	1	1
	-2	-4	-6	0.86893	-46.25090	-5.87440	46.62250	124.87157	1.89882	1	1	1
	-2	-4	6	0.86893	-46.25089	-5.87440	46.62250	124.87157	1.89882	1	1	1
	-2	4	-6	0.86893	-46.25090	-5.87440	46.62250	124.87157	1.89882	1	1	1
	-2	4	6	0.86893	-46.25089	-5.87439	46.62250	124.87157	1.89882	1	1	1
	2	-4	6	0.86893	-46.25090	-5.87440	46.62250	124.87157	1.89882	1	1	1
	2	-4	-6	0.86893	-46.25089	-5.87441	46.62250	124.87157	1.89882	1	1	1
	2	4	-6	0.86893	-46.25089	-5.87439	46.62250	124.87157	1.89882	1	1	1
	2	4	6	0.86893	-46.25091	-5.87440	46.62250	124.87157	1.89882	1	1	1
	-1	4	-7	0.86733	33.83285	4.46902	34.12670	125.27565	1.02566	1	1	1
	-1	4	7	0.86733	-33.83283	-4.46901	34.12670	125.27565	1.02566	1	1	1
	-1	-4	7	0.86733	-33.83285	-4.46902	34.12670	125.27565	1.02566	1	1	1
	-1	-4	-7	0.86733	33.83282	4.46901	34.12670	125.27565	1.02566	1	1	1
	1	-4	-7	0.86733	-33.83282	-4.46902	34.12670	125.27565	1.02566	1	1	1
	1	-4	7	0.86733	33.83285	4.46901	34.12670	125.27565	1.02566	1	1	1
	1	4	-7	0.86733	-33.83285	-4.46901	34.12670	125.27565	1.02566	1	1	1
	1	4	7	0.86733	33.83282	4.46901	34.12670	125.27565	1.02566	1	1	1
	-1	-5	6	0.86568	7.42554	0.55371	7.44615	125.70136	0.04925	1	1	1
	-1	5	6	0.86568	7.42548	0.55377	7.44610	125.70136	0.04925	1	1	1
	1	-5	-6	0.86568	7.42550	0.55369	7.44611	125.70136	0.04925	1	1	1
	-1	5	-6	0.86568	-7.42553	-0.55375	7.44615	125.70136	0.04925	1	1	1
	-1	-5	-6	0.86568	-7.42551	-0.55370	7.44612	125.70136	0.04925	1	1	1
	1	-5	6	0.86568	-7.42554	-0.55372	7.44616	125.70136	0.04925	1	1	1
	1	5	-6	0.86568	7.42552	0.55376	7.44614	125.70136	0.04925	1	1	1
	1	5	6	0.86568	-7.42549	-0.55376	7.44611	125.70136	0.04925	1	1	1
	0	-3	8	0.86498	-42.14133	-7.19142	42.75050	125.88282	1.62952	1	1	1
	0	-3	-8	0.86498	42.14133	7.19138	42.75050	125.88282	1.62952	1	1	1
	0	3	8	0.86498	42.14132	7.19148	42.75050	125.88282	1.62952	1	1	1
	0	3	-8	0.86498	-42.14133	-7.19145	42.75050	125.88282	1.62952	1	1	1
	-1	-7	1	0.86315	6.07157	-2.47847	6.55795	126.35975	0.03872	1	1	1
	-1	7	-1	0.86315	-6.07157	2.47844	6.55794	126.35975	0.03872	1	1	1
	-1	-7	-1	0.86315	6.07156	-2.47846	6.55794	126.35975	0.03872	1	1	1
	-1	7	1	0.86315	-6.07156	2.47844	6.55793	126.35975	0.03872	1	1	1
	1	-7	-1	0.86315	-6.07157	2.47846	6.55795	126.35975	0.03872	1	1	1
	1	-7	1	0.86315	-6.07157	2.47846	6.55795	126.35975	0.03872	1	1	1
	1	7	-1	0.86315	6.07157	-2.47844	6.55794	126.35975	0.03872	1	1	1
	1	7	1	0.86315	6.07155	-2.47844	6.55793	126.35975	0.03872	1	1	1
	-4	-2	-2	0.86248	-7.09497	-2.93076	7.67646	126.53449	0.05325	1	1	1
	-4	-2	2	0.86248	-7.09496	-2.93077	7.67645	126.53449	0.05325	1	1	1
	-4	2	2	0.86248	-7.09497	-2.93074	7.67645	126.53449	0.05325	1	1	1
	-4	2	-2	0.86248	-7.09495	-2.93074	7.67643	126.53449	0.05325	1	1	1
	4	-2	-2	0.86248	-7.09496	-2.93076	7.67645	126.53449	0.05325	1	1	1
	4	-2	2	0.86248	-7.09495	-2.93076	7.67643	126.53449	0.05325	1	1	1
	4	2	-2	0.86248	-7.09496	-2.93074	7.67644	126.53449	0.05325	1	1	1
	4	2	2	0.86248	-7.09497	-2.93075	7.67646	126.53449	0.05325	1	1	1
	-3	-4	-4	0.86221	-11.16726	-3.89370	11.82660	126.60679	0.12659	1	1	1
	3	-4	-4	0.86221	11.16728	3.89372	11.82660	126.60679	0.12659	1	1	1
	3	-4	4	0.86221	11.16727	3.89368	11.82660	126.60679	0.12659	1	1	1
	-3	4	4	0.86221	11.16729	3.89366	11.82660	126.60679	0.12659	1	1	1
	-3	4	-4	0.86221	11.16727	3.89370	11.82660	126.60679	0.12659	1	1	1
	-3	-4	4	0.86221	-11.16727	-3.89370	11.82660	126.60679	0.12659	1	1	1
	3	4	-4	0.86221	-11.16728	-3.89367	11.82660	126.60679	0.12659	1	1	1
	3	4	4	0.86221	-11.16727	-3.89367	11.82660	126.60679	0.12659	1	1	1
	0	-6	-5	0.86007	4.67683	-5.56137	7.26647	127.17698	0.04837	1	1	1
	0	6	5	0.86007	4.67680	-5.56124	7.26636	127.17698	0.04837	1	1	1
	0	-6	5	0.86007	-4.67687	5.56133	7.26646	127.17698	0.04837	1	1	1
	0	6	-5	0.86007	-4.67687	5.56127	7.26642	127.17698	0.04837	1	1	1
	-4	1	-3	0.85935	-32.76068	-8.16760	33.76350	127.37075	1.04854	1	1	1
	4	-1	3	0.85935	-32.76067	-8.16757	33.76350	127.37075	1.04854	1	1	1
	-4	-1	-3	0.85935	-32.76067	-8.16757	33.76350	127.37075	1.04854	1	1	1
	4	1	3	0.85935	-32.76067	-8.16760	33.76350	127.37075	1.04854	1	1	1
	-4	-1	3	0.85935	-32.76067	-8.16759	33.76350	127.37075	1.04854	1	1	1
	-4	1	3	0.85935	-32.76068	-8.16759	33.76350	127.37075	1.04854	1	1	1
	4	1	-3	0.85935	-32.76067	-8.16758	33.76350	127.37075	1.04854	1	1	1
	4	-1	-3	0.85935	-32.76069	-8.16758	33.76350	127.37075	1.04854	1	1	1
	-2	5	5	0.85619	2.57940	-0.36435	2.60501	128.23073	0.00636	1	1	1
	2	-5	-5	0.85619	2.57940	-0.36435	2.60501	128.23073	0.00636	1	1	1
	-2	5	-5	0.85619	2.57941	-0.36435	2.60501	128.23073	0.00636	1	1	1
	-2	-5	5	0.85619	2.57941	-0.36435	2.60502	128.23073	0.00636	1	1	1
	-2	-5	-5	0.85619	2.57941	-0.36436	2.60501	128.23073	0.00636	1	1	1
	2	-5	5	0.85619	2.57941	-0.36435	2.60502	128.23073	0.00636	1	1	1
	2	5	-5	0.85619	2.57941	-0.36435	2.60501	128.23073	0.00636	1	1	1
	2	5	5	0.85619	2.57940	-0.36434	2.60501	128.23073	0.00636	1	1	1
	-3	5	-2	0.85512	6.40830	-0.71729	6.44832	128.52751	0.03921	1	1	1
	-3	5	2	0.85512	-6.40829	0.71729	6.44831	128.52751	0.03921	1	1	1
	3	-5	2	0.85512	6.40830	-0.71727	6.44832	128.52751	0.03921	1	1	1
	3	-5	-2	0.85512	-6.40829	0.71728	6.44831	128.52751	0.03921	1	1	1
	-3	-5	-2	0.85512	6.40828	-0.71727	6.44830	128.52751	0.03921	1	1	1
	-3	-5	2	0.85512	-6.40828	0.71727	6.44830	128.52751	0.03921	1	1	1
	3	5	2	0.85512	6.40829	-0.71729	6.44831	128.52751	0.03921	1	1	1
	3	5	-2	0.85512	-6.40829	0.71730	6.44831	128.52751	0.03921	1	1	1
	-2	-6	-3	0.85484	-22.54346	-1.69326	22.60700	128.60472	0.48281	1	1	1
	-2	6	3	0.85484	-22.54345	-1.69320	22.60690	128.60472	0.48281	1	1	1
	-2	6	-3	0.85484	22.54342	1.69328	22.60690	128.60472	0.48281	1	1	1
	2	-6	-3	0.85484	-22.54345	-1.69327	22.60690	128.60472	0.48281	1	1	1
	2	-6	3	0.85484	22.54343	1.69317	22.60690	128.60472	0.48281	1	1	1
	2	6	3	0.85484	-22.54346	-1.69321	22.60700	128.60472	0.48281	1	1	1
	-2	-6	3	0.85484	22.54347	1.69321	22.60700	128.60472	0.48281	1	1	1
	2	6	-3	0.85484	22.54347	1.69326	22.60700	128.60472	0.48281	1	1	1
	2	-3	-7	0.85422	11.35841	-1.98237	11.53010	128.77876	0.12607	1	1	1
	2	-3	7	0.85422	11.35839	-1.98237	11.53010	128.77876	0.12607	1	1	1
	2	3	7	0.85422	11.35839	-1.98234	11.53010	128.77876	0.12607	1	1	1
	2	3	-7	0.85422	11.35840	-1.98235	11.53010	128.77876	0.12607	1	1	1
	-2	-3	-7	0.85422	11.35839	-1.98237	11.53010	128.77876	0.12607	1	1	1
	-2	-3	7	0.85422	11.35840	-1.98237	11.53010	128.77876	0.12607	1	1	1
	-2	3	7	0.85422	11.35841	-1.98234	11.53010	128.77876	0.12607	1	1	1
	-2	3	-7	0.85422	11.35839	-1.98235	11.53010	128.77876	0.12607	1	1	1
