# 	h	k	l	d (Å)	F(real)		F(imag)		|F|			2θ			I			M	ID(λ)	Phase
	0	-1	-1	3.26894	-2.75380	-18.93977	19.13890	27.25884	10.29741	1	1	1
	0	-1	1	3.26894	2.75378	18.93977	19.13890	27.25884	10.29741	1	1	1
	-1	0	1	3.26894	-2.75378	-18.93977	19.13890	27.25884	10.29741	1	1	1
	-1	0	-1	3.26894	2.75379	18.93977	19.13890	27.25884	10.29741	1	1	1
	0	1	-1	3.26894	-2.75379	-18.93977	19.13890	27.25884	10.29741	1	1	1
	0	1	1	3.26894	2.75377	18.93977	19.13890	27.25884	10.29741	1	1	1
	1	0	-1	3.26894	2.75378	18.93977	19.13890	27.25884	10.29741	1	1	1
	1	0	1	3.26894	-2.75378	-18.93977	19.13890	27.25884	10.29741	1	1	1
	0	0	-2	3.15900	-23.16448	-3.27804	23.39530	28.22680	14.28732	1	1	1
	0	0	2	3.15900	-23.16448	-3.27805	23.39530	28.22680	14.28732	1	1	1
	-1	-1	0	2.70115	-43.96074	-6.21082	44.39730	33.13847	36.45358	1	1	1
	-1	1	0	2.70115	-43.96074	-6.21082	44.39730	33.13847	36.45358	1	1	1
	1	1	0	2.70115	-43.96074	-6.21082	44.39730	33.13847	36.45358	1	1	1
	1	-1	0	2.70115	-43.96074	-6.21082	44.39730	33.13847	36.45358	1	1	1
	-1	-1	-1	2.48368	-67.29730	-4.19796	67.42810	36.13572	69.61100	1	1	1
	1	1	1	2.48368	-67.29730	-4.19796	67.42810	36.13572	69.61100	1	1	1
	-1	1	-1	2.48368	-67.29729	-4.19796	67.42810	36.13572	69.61098	1	1	1
	1	-1	-1	2.48368	-67.29730	-4.19796	67.42810	36.13572	69.61101	1	1	1
	-1	1	1	2.48368	-67.29730	-4.19796	67.42810	36.13572	69.61101	1	1	1
	1	-1	1	2.48368	-67.29729	-4.19796	67.42810	36.13572	69.61098	1	1	1
	-1	-1	1	2.48368	-67.29729	-4.19796	67.42810	36.13572	69.61099	1	1	1
	1	1	-1	2.48368	-67.29729	-4.19796	67.42810	36.13572	69.61099	1	1	1
	-1	0	-2	2.43442	4.10670	-15.23179	15.77570	36.89298	3.64069	1	1	1
	-1	0	2	2.43442	-4.10668	15.23181	15.77570	36.89298	3.64070	1	1	1
	0	-1	-2	2.43442	-4.10669	15.23179	15.77570	36.89298	3.64069	1	1	1
	0	-1	2	2.43442	4.10668	-15.23181	15.77570	36.89298	3.64070	1	1	1
	0	1	-2	2.43442	-4.10669	15.23181	15.77570	36.89298	3.64070	1	1	1
	1	0	-2	2.43442	4.10669	-15.23181	15.77570	36.89298	3.64070	1	1	1
	0	1	2	2.43442	4.10668	-15.23179	15.77570	36.89298	3.64069	1	1	1
	1	0	2	2.43442	-4.10667	15.23180	15.77570	36.89298	3.64069	1	1	1
	0	0	-3	2.10600	-91.89385	-7.28018	92.18180	42.90907	88.85496	1	1	1
	0	0	3	2.10600	-91.89385	-7.28019	92.18180	42.90907	88.85496	1	1	1
	-1	-1	-2	2.05297	94.80389	5.36724	94.95570	44.07465	88.76966	1	1	1
	-1	-1	2	2.05297	94.80388	5.36725	94.95570	44.07465	88.76966	1	1	1
	-1	1	-2	2.05297	94.80389	5.36726	94.95570	44.07465	88.76967	1	1	1
	-1	1	2	2.05297	94.80388	5.36727	94.95570	44.07465	88.76965	1	1	1
	1	-1	-2	2.05297	94.80388	5.36723	94.95570	44.07465	88.76964	1	1	1
	1	1	-2	2.05297	94.80388	5.36725	94.95570	44.07465	88.76966	1	1	1
	1	-1	2	2.05297	94.80389	5.36725	94.95570	44.07465	88.76967	1	1	1
	1	1	2	2.05297	94.80389	5.36726	94.95570	44.07465	88.76966	1	1	1
	0	2	0	1.91000	109.55639	8.18107	109.86100	47.56885	100.00000	1	1	1
	2	0	0	1.91000	109.55639	8.18107	109.86100	47.56885	100.00000	1	1	1
	0	-2	0	1.91000	109.55639	8.18107	109.86100	47.56885	100.00000	1	1	1
	-2	0	0	1.91000	109.55639	8.18107	109.86100	47.56885	100.00000	1	1	1
	-1	0	-3	1.84429	1.89711	-38.69887	38.74530	49.37458	11.42838	1	1	1
	-1	0	3	1.84429	-1.89711	38.69887	38.74530	49.37458	11.42838	1	1	1
	0	-1	-3	1.84429	-1.89711	38.69887	38.74530	49.37458	11.42838	1	1	1
	0	1	-3	1.84429	-1.89711	38.69887	38.74530	49.37458	11.42838	1	1	1
	0	-1	3	1.84429	1.89711	-38.69887	38.74530	49.37458	11.42838	1	1	1
	0	1	3	1.84429	1.89711	-38.69887	38.74530	49.37458	11.42838	1	1	1
	1	0	-3	1.84429	1.89711	-38.69887	38.74530	49.37458	11.42838	1	1	1
	1	0	3	1.84429	-1.89711	38.69887	38.74530	49.37458	11.42838	1	1	1
	-2	0	1	1.82828	-12.70979	1.89071	12.84960	49.83625	1.23064	1	1	1
	-2	0	-1	1.82828	-12.70980	1.89071	12.84970	49.83625	1.23064	1	1	1
	0	-2	-1	1.82828	-12.70978	1.89071	12.84960	49.83625	1.23064	1	1	1
	0	-2	1	1.82828	-12.70979	1.89071	12.84960	49.83625	1.23064	1	1	1
	0	2	-1	1.82828	-12.70979	1.89071	12.84960	49.83625	1.23064	1	1	1
	2	0	-1	1.82828	-12.70979	1.89071	12.84960	49.83625	1.23064	1	1	1
	0	2	1	1.82828	-12.70979	1.89072	12.84960	49.83625	1.23064	1	1	1
	2	0	1	1.82828	-12.70980	1.89071	12.84970	49.83625	1.23064	1	1	1
	-1	-1	3	1.66085	14.01154	4.90315	14.84470	55.26463	1.29798	1	1	1
	-1	1	-3	1.66085	14.01154	4.90314	14.84470	55.26463	1.29798	1	1	1
	-1	1	3	1.66085	14.01154	4.90315	14.84470	55.26463	1.29798	1	1	1
	1	-1	3	1.66085	14.01154	4.90315	14.84470	55.26463	1.29798	1	1	1
	1	-1	-3	1.66085	14.01154	4.90314	14.84470	55.26463	1.29798	1	1	1
	-1	-1	-3	1.66085	14.01154	4.90314	14.84470	55.26463	1.29798	1	1	1
	1	1	-3	1.66085	14.01154	4.90314	14.84470	55.26463	1.29798	1	1	1
	1	1	3	1.66085	14.01154	4.90315	14.84470	55.26463	1.29798	1	1	1
	-2	-1	-1	1.64913	-2.57141	-15.46673	15.67900	55.69139	1.42291	1	1	1
	1	2	1	1.64913	-2.57138	-15.46673	15.67900	55.69139	1.42291	1	1	1
	-1	-2	-1	1.64913	2.57140	15.46673	15.67900	55.69139	1.42291	1	1	1
	2	1	1	1.64913	2.57137	15.46673	15.67900	55.69139	1.42291	1	1	1
	-2	1	1	1.64913	2.57138	15.46673	15.67900	55.69139	1.42291	1	1	1
	-1	-2	1	1.64913	-2.57139	-15.46673	15.67900	55.69139	1.42291	1	1	1
	-2	1	-1	1.64913	-2.57140	-15.46673	15.67900	55.69139	1.42291	1	1	1
	-2	-1	1	1.64913	2.57139	15.46673	15.67900	55.69139	1.42291	1	1	1
	-1	2	-1	1.64913	2.57139	15.46673	15.67900	55.69139	1.42291	1	1	1
	-1	2	1	1.64913	-2.57139	-15.46673	15.67900	55.69139	1.42291	1	1	1
	1	-2	-1	1.64913	2.57139	15.46673	15.67900	55.69139	1.42291	1	1	1
	1	2	-1	1.64913	2.57139	15.46673	15.67900	55.69139	1.42291	1	1	1
	1	-2	1	1.64913	-2.57139	-15.46673	15.67900	55.69139	1.42291	1	1	1
	2	-1	-1	1.64913	-2.57140	-15.46673	15.67900	55.69139	1.42291	1	1	1
	2	-1	1	1.64913	2.57138	15.46673	15.67900	55.69139	1.42291	1	1	1
	2	1	-1	1.64913	-2.57139	-15.46673	15.67900	55.69139	1.42291	1	1	1
	-2	0	2	1.63447	-18.02500	-3.06093	18.28300	56.23513	1.89262	1	1	1
	-2	0	-2	1.63447	-18.02500	-3.06093	18.28310	56.23513	1.89262	1	1	1
	0	-2	-2	1.63447	-18.02499	-3.06091	18.28300	56.23513	1.89262	1	1	1
	0	-2	2	1.63447	-18.02500	-3.06093	18.28300	56.23513	1.89262	1	1	1
	0	2	-2	1.63447	-18.02500	-3.06092	18.28300	56.23513	1.89262	1	1	1
	2	0	-2	1.63447	-18.02500	-3.06093	18.28300	56.23513	1.89262	1	1	1
	0	2	2	1.63447	-18.02499	-3.06094	18.28300	56.23513	1.89262	1	1	1
	2	0	2	1.63447	-18.02501	-3.06092	18.28310	56.23513	1.89262	1	1	1
	0	0	-4	1.57950	46.86210	-0.32686	46.86320	58.37691	11.42692	1	1	1
	0	0	4	1.57950	46.86209	-0.32685	46.86320	58.37691	11.42692	1	1	1
	-2	1	-2	1.50269	-3.83469	10.40052	11.08490	61.67568	0.56539	1	1	1
	-2	1	2	1.50269	3.83468	-10.40051	11.08490	61.67568	0.56539	1	1	1
	-1	-2	-2	1.50269	3.83470	-10.40051	11.08490	61.67568	0.56539	1	1	1
	-1	2	-2	1.50269	3.83469	-10.40052	11.08490	61.67568	0.56539	1	1	1
	-1	-2	2	1.50269	-3.83468	10.40053	11.08490	61.67568	0.56539	1	1	1
	1	2	-2	1.50269	3.83469	-10.40053	11.08490	61.67568	0.56539	1	1	1
	1	2	2	1.50269	-3.83467	10.40051	11.08490	61.67568	0.56539	1	1	1
	1	-2	2	1.50269	-3.83468	10.40052	11.08490	61.67568	0.56539	1	1	1
	1	-2	-2	1.50269	3.83469	-10.40052	11.08490	61.67568	0.56539	1	1	1
	-1	2	2	1.50269	-3.83468	10.40052	11.08490	61.67568	0.56539	1	1	1
	-2	-1	2	1.50269	3.83468	-10.40053	11.08490	61.67568	0.56539	1	1	1
	-2	-1	-2	1.50269	-3.83470	10.40051	11.08490	61.67568	0.56539	1	1	1
	2	-1	-2	1.50269	-3.83469	10.40051	11.08490	61.67568	0.56539	1	1	1
	2	-1	2	1.50269	3.83468	-10.40052	11.08490	61.67568	0.56539	1	1	1
	2	1	-2	1.50269	-3.83468	10.40053	11.08490	61.67568	0.56539	1	1	1
	2	1	2	1.50269	3.83467	-10.40051	11.08490	61.67568	0.56539	1	1	1
	-1	0	-4	1.45965	-3.03956	-1.73456	3.49966	63.70423	0.05248	1	1	1
	0	1	-4	1.45965	3.03956	1.73455	3.49966	63.70423	0.05248	1	1	1
	0	1	4	1.45965	-3.03955	-1.73455	3.49965	63.70423	0.05248	1	1	1
	0	-1	4	1.45965	-3.03955	-1.73455	3.49965	63.70423	0.05248	1	1	1
	0	-1	-4	1.45965	3.03956	1.73455	3.49966	63.70423	0.05248	1	1	1
	-1	0	4	1.45965	3.03955	1.73455	3.49965	63.70423	0.05248	1	1	1
	1	0	-4	1.45965	-3.03956	-1.73455	3.49966	63.70423	0.05248	1	1	1
	1	0	4	1.45965	3.03956	1.73456	3.49966	63.70423	0.05248	1	1	1
	2	0	3	1.41480	-69.14079	-6.79800	69.47420	65.97477	19.17621	1	1	1
	-2	0	3	1.41480	-69.14079	-6.79800	69.47420	65.97477	19.17621	1	1	1
	0	-2	3	1.41480	-69.14079	-6.79800	69.47420	65.97477	19.17621	1	1	1
	2	0	-3	1.41480	-69.14079	-6.79799	69.47420	65.97477	19.17621	1	1	1
	0	2	-3	1.41480	-69.14079	-6.79799	69.47420	65.97477	19.17621	1	1	1
	0	-2	-3	1.41480	-69.14079	-6.79799	69.47420	65.97477	19.17621	1	1	1
	0	2	3	1.41480	-69.14079	-6.79799	69.47420	65.97477	19.17621	1	1	1
	-2	0	-3	1.41480	-69.14079	-6.79799	69.47420	65.97477	19.17621	1	1	1
	-1	-1	-4	1.36350	12.77196	2.35622	12.98750	68.79653	0.61375	1	1	1
	-1	-1	4	1.36350	12.77196	2.35621	12.98750	68.79653	0.61375	1	1	1
	-1	1	-4	1.36350	12.77196	2.35622	12.98750	68.79653	0.61375	1	1	1
	1	-1	-4	1.36350	12.77196	2.35622	12.98750	68.79653	0.61375	1	1	1
	-1	1	4	1.36350	12.77196	2.35621	12.98750	68.79653	0.61375	1	1	1
	1	-1	4	1.36350	12.77196	2.35622	12.98750	68.79653	0.61375	1	1	1
	1	1	-4	1.36350	12.77196	2.35622	12.98750	68.79653	0.61375	1	1	1
	1	1	4	1.36350	12.77196	2.35622	12.98750	68.79653	0.61375	1	1	1
	-2	-2	0	1.35057	84.15767	7.63921	84.50370	69.54892	25.41113	1	1	1
	-2	2	0	1.35057	84.15767	7.63921	84.50370	69.54892	25.41113	1	1	1
	2	-2	0	1.35057	84.15767	7.63921	84.50370	69.54892	25.41113	1	1	1
	2	2	0	1.35057	84.15767	7.63921	84.50370	69.54892	25.41113	1	1	1
	-2	-1	-3	1.32673	-1.77146	30.84787	30.89870	70.98505	3.26064	1	1	1
	-2	1	-3	1.32673	-1.77146	30.84787	30.89870	70.98505	3.26064	1	1	1
	-2	-1	3	1.32673	1.77146	-30.84787	30.89870	70.98505	3.26064	1	1	1
	-1	-2	3	1.32673	-1.77146	30.84787	30.89870	70.98505	3.26064	1	1	1
	-1	2	-3	1.32673	1.77146	-30.84787	30.89870	70.98505	3.26064	1	1	1
	-1	-2	-3	1.32673	1.77146	-30.84787	30.89870	70.98505	3.26064	1	1	1
	-2	1	3	1.32673	1.77146	-30.84787	30.89870	70.98505	3.26064	1	1	1
	-1	2	3	1.32673	-1.77146	30.84787	30.89870	70.98505	3.26064	1	1	1
	1	-2	-3	1.32673	1.77146	-30.84787	30.89870	70.98505	3.26064	1	1	1
	1	-2	3	1.32673	-1.77146	30.84787	30.89870	70.98505	3.26064	1	1	1
	1	2	3	1.32673	-1.77146	30.84787	30.89870	70.98505	3.26064	1	1	1
	1	2	-3	1.32673	1.77146	-30.84787	30.89870	70.98505	3.26064	1	1	1
	2	-1	-3	1.32673	-1.77146	30.84787	30.89870	70.98505	3.26064	1	1	1
	2	-1	3	1.32673	1.77146	-30.84787	30.89870	70.98505	3.26064	1	1	1
	2	1	-3	1.32673	-1.77146	30.84787	30.89870	70.98505	3.26064	1	1	1
	2	1	3	1.32673	1.77146	-30.84787	30.89870	70.98505	3.26064	1	1	1
	-2	-2	-1	1.32073	-9.17826	1.76548	9.34652	71.35654	0.29528	1	1	1
	-2	-2	1	1.32073	-9.17825	1.76548	9.34651	71.35654	0.29528	1	1	1
	-2	2	-1	1.32073	-9.17826	1.76548	9.34652	71.35654	0.29528	1	1	1
	-2	2	1	1.32073	-9.17825	1.76549	9.34651	71.35654	0.29528	1	1	1
	2	-2	1	1.32073	-9.17826	1.76548	9.34652	71.35654	0.29528	1	1	1
	2	-2	-1	1.32073	-9.17825	1.76548	9.34651	71.35654	0.29528	1	1	1
	2	2	-1	1.32073	-9.17825	1.76548	9.34651	71.35654	0.29528	1	1	1
	2	2	1	1.32073	-9.17826	1.76548	9.34652	71.35654	0.29528	1	1	1
	0	0	-5	1.26360	7.90273	2.29803	8.23007	75.12185	0.20769	1	1	1
	0	0	5	1.26360	7.90273	2.29806	8.23008	75.12185	0.20769	1	1	1
	-3	0	1	1.24823	-2.40107	-13.43385	13.64670	76.21059	0.55655	1	1	1
	-3	0	-1	1.24823	2.40109	13.43385	13.64670	76.21059	0.55655	1	1	1
	0	3	1	1.24823	2.40108	13.43385	13.64670	76.21059	0.55655	1	1	1
	3	0	-1	1.24823	2.40108	13.43385	13.64670	76.21059	0.55655	1	1	1
	0	3	-1	1.24823	-2.40108	-13.43385	13.64670	76.21059	0.55655	1	1	1
	0	-3	1	1.24823	2.40108	13.43385	13.64670	76.21059	0.55655	1	1	1
	0	-3	-1	1.24823	-2.40108	-13.43385	13.64670	76.21059	0.55655	1	1	1
	3	0	1	1.24823	-2.40107	-13.43385	13.64670	76.21059	0.55655	1	1	1
	-2	-2	-2	1.24184	-15.53042	-2.85819	15.79120	76.67409	0.73737	1	1	1
	2	2	2	1.24184	-15.53042	-2.85820	15.79120	76.67409	0.73737	1	1	1
	-2	2	2	1.24184	-15.53041	-2.85820	15.79120	76.67409	0.73737	1	1	1
	-2	2	-2	1.24184	-15.53042	-2.85820	15.79120	76.67409	0.73737	1	1	1
	2	-2	-2	1.24184	-15.53041	-2.85818	15.79120	76.67409	0.73737	1	1	1
	2	-2	2	1.24184	-15.53042	-2.85819	15.79120	76.67409	0.73737	1	1	1
	-2	-2	2	1.24184	-15.53041	-2.85819	15.79120	76.67409	0.73737	1	1	1
	2	2	-2	1.24184	-15.53041	-2.85819	15.79120	76.67409	0.73737	1	1	1
	-2	0	-4	1.21721	37.14193	-0.30521	37.14320	78.51959	3.91947	1	1	1
	-2	0	4	1.21721	37.14192	-0.30520	37.14320	78.51959	3.91947	1	1	1
	0	-2	-4	1.21721	37.14191	-0.30523	37.14320	78.51959	3.91947	1	1	1
	0	-2	4	1.21721	37.14192	-0.30520	37.14320	78.51959	3.91947	1	1	1
	0	2	4	1.21721	37.14191	-0.30518	37.14320	78.51959	3.91947	1	1	1
	0	2	-4	1.21721	37.14192	-0.30521	37.14320	78.51959	3.91947	1	1	1
	2	0	-4	1.21721	37.14192	-0.30521	37.14320	78.51959	3.91947	1	1	1
	2	0	4	1.21721	37.14193	-0.30520	37.14320	78.51959	3.91947	1	1	1
	-3	1	0	1.20799	-27.67081	-5.41534	28.19570	79.23628	2.22579	1	1	1
	-1	-3	0	1.20799	-27.67081	-5.41534	28.19570	79.23628	2.22579	1	1	1
	-3	-1	0	1.20799	-27.67081	-5.41534	28.19570	79.23628	2.22579	1	1	1
	-1	3	0	1.20799	-27.67081	-5.41534	28.19570	79.23628	2.22579	1	1	1
	1	-3	0	1.20799	-27.67081	-5.41534	28.19570	79.23628	2.22579	1	1	1
	1	3	0	1.20799	-27.67081	-5.41534	28.19570	79.23628	2.22579	1	1	1
	3	1	0	1.20799	-27.67081	-5.41534	28.19570	79.23628	2.22579	1	1	1
	3	-1	0	1.20799	-27.67081	-5.41534	28.19570	79.23628	2.22579	1	1	1
	-1	0	-5	1.19967	-5.39416	39.15236	39.52220	79.89572	4.31671	1	1	1
	-1	0	5	1.19967	5.39420	-39.15235	39.52220	79.89572	4.31671	1	1	1
	0	-1	-5	1.19967	5.39414	-39.15234	39.52220	79.89572	4.31671	1	1	1
	0	1	-5	1.19967	5.39416	-39.15236	39.52220	79.89572	4.31671	1	1	1
	0	-1	5	1.19967	-5.39420	39.15235	39.52220	79.89572	4.31671	1	1	1
	0	1	5	1.19967	-5.39421	39.15233	39.52220	79.89572	4.31671	1	1	1
	1	0	-5	1.19967	-5.39416	39.15236	39.52220	79.89572	4.31671	1	1	1
	1	0	5	1.19967	5.39420	-39.15235	39.52220	79.89572	4.31671	1	1	1
	-3	-1	1	1.18650	-38.38536	-3.66029	38.55950	80.96546	4.02703	1	1	1
	-3	-1	-1	1.18650	-38.38536	-3.66029	38.55950	80.96546	4.02703	1	1	1
	-1	-3	1	1.18650	-38.38536	-3.66029	38.55950	80.96546	4.02703	1	1	1
	-1	3	-1	1.18650	-38.38535	-3.66029	38.55950	80.96546	4.02703	1	1	1
	-1	-3	-1	1.18650	-38.38536	-3.66029	38.55950	80.96546	4.02703	1	1	1
	-3	1	1	1.18650	-38.38536	-3.66029	38.55950	80.96546	4.02703	1	1	1
	-3	1	-1	1.18650	-38.38535	-3.66029	38.55950	80.96546	4.02702	1	1	1
	3	-1	-1	1.18650	-38.38536	-3.66029	38.55950	80.96546	4.02703	1	1	1
	3	-1	1	1.18650	-38.38535	-3.66029	38.55950	80.96546	4.02702	1	1	1
	3	1	1	1.18650	-38.38536	-3.66029	38.55950	80.96546	4.02703	1	1	1
	3	1	-1	1.18650	-38.38536	-3.66029	38.55950	80.96546	4.02703	1	1	1
	1	3	-1	1.18650	-38.38536	-3.66028	38.55950	80.96546	4.02703	1	1	1
	1	3	1	1.18650	-38.38536	-3.66029	38.55950	80.96546	4.02703	1	1	1
	1	-3	1	1.18650	-38.38535	-3.66029	38.55950	80.96546	4.02703	1	1	1
	1	-3	-1	1.18650	-38.38537	-3.66028	38.55950	80.96546	4.02703	1	1	1
	-1	3	1	1.18650	-38.38536	-3.66029	38.55950	80.96546	4.02703	1	1	1
	-3	0	-2	1.18100	3.58071	-7.65915	8.45483	81.42142	0.19203	1	1	1
	0	-3	-2	1.18100	-3.58071	7.65915	8.45482	81.42142	0.19202	1	1	1
	0	3	2	1.18100	3.58070	-7.65915	8.45482	81.42142	0.19202	1	1	1
	3	0	2	1.18100	-3.58069	7.65916	8.45482	81.42142	0.19202	1	1	1
	-3	0	2	1.18100	-3.58070	7.65916	8.45483	81.42142	0.19203	1	1	1
	0	-3	2	1.18100	3.58070	-7.65916	8.45483	81.42142	0.19203	1	1	1
	0	3	-2	1.18100	-3.58070	7.65916	8.45483	81.42142	0.19203	1	1	1
	3	0	-2	1.18100	3.58070	-7.65916	8.45483	81.42142	0.19203	1	1	1
	-2	-1	-4	1.15976	2.83825	2.12732	3.54699	83.24011	0.03278	1	1	1
	-2	-1	4	1.15976	-2.83823	-2.12732	3.54698	83.24011	0.03278	1	1	1
	-1	2	4	1.15976	2.83822	2.12733	3.54698	83.24011	0.03278	1	1	1
	1	-2	-4	1.15976	-2.83825	-2.12734	3.54701	83.24011	0.03278	1	1	1
	1	-2	4	1.15976	2.83824	2.12732	3.54698	83.24011	0.03278	1	1	1
	1	2	4	1.15976	2.83822	2.12734	3.54698	83.24011	0.03278	1	1	1
	1	2	-4	1.15976	-2.83824	-2.12732	3.54698	83.24011	0.03278	1	1	1
	-1	-2	4	1.15976	2.83823	2.12732	3.54698	83.24011	0.03278	1	1	1
	-1	2	-4	1.15976	-2.83824	-2.12732	3.54698	83.24011	0.03278	1	1	1
	-1	-2	-4	1.15976	-2.83825	-2.12734	3.54700	83.24011	0.03278	1	1	1
	-2	1	4	1.15976	-2.83823	-2.12732	3.54698	83.24011	0.03278	1	1	1
	-2	1	-4	1.15976	2.83825	2.12732	3.54699	83.24011	0.03278	1	1	1
	2	-1	-4	1.15976	2.83824	2.12732	3.54698	83.24011	0.03278	1	1	1
	2	-1	4	1.15976	-2.83823	-2.12731	3.54697	83.24011	0.03277	1	1	1
	2	1	-4	1.15976	2.83824	2.12732	3.54698	83.24011	0.03278	1	1	1
	2	1	4	1.15976	-2.83823	-2.12731	3.54697	83.24011	0.03277	1	1	1
	-1	-1	-5	1.14455	-51.75729	-4.14915	51.92330	84.59955	6.87984	1	1	1
	1	-1	-5	1.14455	-51.75729	-4.14915	51.92330	84.59955	6.87984	1	1	1
	1	-1	5	1.14455	-51.75727	-4.14919	51.92330	84.59955	6.87983	1	1	1
	-1	1	5	1.14455	-51.75728	-4.14921	51.92330	84.59955	6.87984	1	1	1
	-1	1	-5	1.14455	-51.75727	-4.14917	51.92330	84.59955	6.87983	1	1	1
	-1	-1	5	1.14455	-51.75727	-4.14919	51.92330	84.59955	6.87983	1	1	1
	1	1	-5	1.14455	-51.75727	-4.14917	51.92330	84.59955	6.87983	1	1	1
	1	1	5	1.14455	-51.75728	-4.14921	51.92330	84.59955	6.87984	1	1	1
	-2	-2	-3	1.13688	-54.60476	-6.34774	54.97250	85.30551	7.63516	1	1	1
	2	2	3	1.13688	-54.60476	-6.34774	54.97250	85.30551	7.63516	1	1	1
	-2	-2	3	1.13688	-54.60476	-6.34774	54.97250	85.30551	7.63516	1	1	1
	2	-2	3	1.13688	-54.60476	-6.34774	54.97250	85.30551	7.63516	1	1	1
	2	2	-3	1.13688	-54.60476	-6.34773	54.97250	85.30551	7.63516	1	1	1
	2	-2	-3	1.13688	-54.60476	-6.34774	54.97250	85.30551	7.63516	1	1	1
	-2	2	3	1.13688	-54.60476	-6.34774	54.97250	85.30551	7.63516	1	1	1
	-2	2	-3	1.13688	-54.60476	-6.34773	54.97250	85.30551	7.63516	1	1	1
	-3	-1	-2	1.12831	57.82210	4.67981	58.01120	86.10997	8.41205	1	1	1
	-3	1	-2	1.12831	57.82210	4.67982	58.01120	86.10997	8.41205	1	1	1
	-1	-3	-2	1.12831	57.82210	4.67981	58.01120	86.10997	8.41205	1	1	1
	1	-3	-2	1.12831	57.82209	4.67980	58.01120	86.10997	8.41205	1	1	1
	-1	3	2	1.12831	57.82209	4.67983	58.01120	86.10997	8.41205	1	1	1
	1	3	2	1.12831	57.82210	4.67982	58.01120	86.10997	8.41205	1	1	1
	3	-1	2	1.12831	57.82210	4.67981	58.01120	86.10997	8.41205	1	1	1
	3	1	2	1.12831	57.82210	4.67982	58.01120	86.10997	8.41205	1	1	1
	-3	-1	2	1.12831	57.82210	4.67981	58.01120	86.10997	8.41205	1	1	1
	-3	1	2	1.12831	57.82209	4.67982	58.01120	86.10997	8.41205	1	1	1
	-1	-3	2	1.12831	57.82210	4.67981	58.01120	86.10997	8.41205	1	1	1
	-1	3	-2	1.12831	57.82210	4.67982	58.01120	86.10997	8.41205	1	1	1
	1	-3	2	1.12831	57.82210	4.67981	58.01120	86.10997	8.41205	1	1	1
	3	-1	-2	1.12831	57.82209	4.67980	58.01120	86.10997	8.41205	1	1	1
	1	3	-2	1.12831	57.82210	4.67981	58.01120	86.10997	8.41205	1	1	1
	3	1	-2	1.12831	57.82210	4.67981	58.01120	86.10997	8.41205	1	1	1
	-3	0	-3	1.08965	1.65413	-25.34450	25.39840	89.97029	1.54651	1	1	1
	-3	0	3	1.08965	-1.65413	25.34448	25.39840	89.97029	1.54651	1	1	1
	0	-3	3	1.08965	1.65413	-25.34449	25.39840	89.97029	1.54651	1	1	1
	0	-3	-3	1.08965	-1.65413	25.34449	25.39840	89.97029	1.54651	1	1	1
	0	3	-3	1.08965	-1.65413	25.34449	25.39840	89.97029	1.54651	1	1	1
	0	3	3	1.08965	1.65413	-25.34449	25.39840	89.97029	1.54651	1	1	1
	3	0	-3	1.08965	1.65413	-25.34448	25.39840	89.97029	1.54651	1	1	1
	3	0	3	1.08965	-1.65413	25.34450	25.39840	89.97029	1.54651	1	1	1
	0	-2	5	1.05385	7.22497	2.14585	7.53690	93.92967	0.13264	1	1	1
	0	2	-5	1.05385	7.22497	2.14583	7.53689	93.92967	0.13264	1	1	1
	2	0	-5	1.05385	7.22497	2.14583	7.53689	93.92967	0.13264	1	1	1
	0	2	5	1.05385	7.22498	2.14587	7.53692	93.92967	0.13264	1	1	1
	-2	0	5	1.05385	7.22497	2.14585	7.53690	93.92967	0.13264	1	1	1
	0	-2	-5	1.05385	7.22499	2.14581	7.53690	93.92967	0.13264	1	1	1
	-2	0	-5	1.05385	7.22496	2.14582	7.53688	93.92967	0.13264	1	1	1
	2	0	5	1.05385	7.22496	2.14586	7.53689	93.92967	0.13264	1	1	1
	0	0	-6	1.05300	22.03804	4.49383	22.49160	94.02889	1.18069	1	1	1
	0	0	6	1.05300	22.03804	4.49384	22.49160	94.02889	1.18069	1	1	1
	-3	1	-3	1.04785	10.04430	4.27514	10.91630	94.63487	0.27743	1	1	1
	-3	-1	-3	1.04785	10.04430	4.27514	10.91630	94.63487	0.27743	1	1	1
	1	3	3	1.04785	10.04430	4.27515	10.91630	94.63487	0.27743	1	1	1
	3	-1	3	1.04785	10.04429	4.27517	10.91630	94.63487	0.27743	1	1	1
	1	-3	-3	1.04785	10.04430	4.27515	10.91630	94.63487	0.27743	1	1	1
	-1	3	3	1.04785	10.04430	4.27515	10.91630	94.63487	0.27743	1	1	1
	-1	-3	-3	1.04785	10.04430	4.27515	10.91630	94.63487	0.27743	1	1	1
	3	1	3	1.04785	10.04429	4.27517	10.91630	94.63487	0.27743	1	1	1
	-3	-1	3	1.04785	10.04430	4.27515	10.91630	94.63487	0.27743	1	1	1
	-3	1	3	1.04785	10.04430	4.27515	10.91630	94.63487	0.27743	1	1	1
	-1	3	-3	1.04785	10.04430	4.27515	10.91630	94.63487	0.27743	1	1	1
	-1	-3	3	1.04785	10.04430	4.27515	10.91630	94.63487	0.27743	1	1	1
	1	-3	3	1.04785	10.04430	4.27515	10.91630	94.63487	0.27743	1	1	1
	1	3	-3	1.04785	10.04430	4.27515	10.91630	94.63487	0.27743	1	1	1
	3	-1	-3	1.04785	10.04430	4.27515	10.91630	94.63487	0.27743	1	1	1
	3	1	-3	1.04785	10.04430	4.27515	10.91630	94.63487	0.27743	1	1	1
	-3	-2	-1	1.04489	2.24206	11.55935	11.77480	94.98772	0.32236	1	1	1
	-3	-2	1	1.04489	-2.24204	-11.55935	11.77480	94.98772	0.32236	1	1	1
	-3	2	-1	1.04489	2.24206	11.55935	11.77480	94.98772	0.32236	1	1	1
	-3	2	1	1.04489	-2.24204	-11.55935	11.77480	94.98772	0.32236	1	1	1
	-2	-3	1	1.04489	2.24205	11.55935	11.77480	94.98772	0.32236	1	1	1
	-2	-3	-1	1.04489	-2.24206	-11.55935	11.77480	94.98772	0.32236	1	1	1
	2	-3	1	1.04489	2.24204	11.55935	11.77480	94.98772	0.32236	1	1	1
	2	3	-1	1.04489	-2.24204	-11.55935	11.77480	94.98772	0.32236	1	1	1
	2	-3	-1	1.04489	-2.24205	-11.55935	11.77480	94.98772	0.32236	1	1	1
	-2	3	1	1.04489	2.24205	11.55935	11.77480	94.98772	0.32236	1	1	1
	-2	3	-1	1.04489	-2.24205	-11.55935	11.77480	94.98772	0.32236	1	1	1
	2	3	1	1.04489	2.24204	11.55935	11.77480	94.98772	0.32236	1	1	1
	3	-2	-1	1.04489	2.24205	11.55935	11.77480	94.98772	0.32236	1	1	1
	3	-2	1	1.04489	-2.24204	-11.55935	11.77480	94.98772	0.32236	1	1	1
	3	2	1	1.04489	-2.24204	-11.55935	11.77480	94.98772	0.32236	1	1	1
	3	2	-1	1.04489	2.24205	11.55935	11.77480	94.98772	0.32236	1	1	1
	-2	2	4	1.02649	30.17795	-0.28497	30.17930	97.25372	2.10661	1	1	1
	2	-2	-4	1.02649	30.17795	-0.28501	30.17930	97.25372	2.10661	1	1	1
	-2	2	-4	1.02649	30.17797	-0.28500	30.17930	97.25372	2.10661	1	1	1
	-2	-2	4	1.02649	30.17796	-0.28499	30.17930	97.25372	2.10661	1	1	1
	-2	-2	-4	1.02649	30.17796	-0.28501	30.17930	97.25372	2.10661	1	1	1
	2	-2	4	1.02649	30.17797	-0.28498	30.17930	97.25372	2.10661	1	1	1
	2	2	-4	1.02649	30.17796	-0.28500	30.17930	97.25372	2.10661	1	1	1
	2	2	4	1.02649	30.17795	-0.28497	30.17930	97.25372	2.10661	1	1	1
	-2	-1	5	1.01590	-5.03692	32.05992	32.45320	98.61858	2.43443	1	1	1
	-2	-1	-5	1.01590	5.03687	-32.05992	32.45320	98.61858	2.43443	1	1	1
	-1	-2	5	1.01590	5.03692	-32.05992	32.45320	98.61858	2.43443	1	1	1
	-1	2	-5	1.01590	-5.03689	32.05993	32.45320	98.61858	2.43443	1	1	1
	-1	-2	-5	1.01590	-5.03687	32.05992	32.45320	98.61858	2.43443	1	1	1
	-2	1	5	1.01590	-5.03693	32.05991	32.45320	98.61858	2.43443	1	1	1
	-2	1	-5	1.01590	5.03688	-32.05994	32.45320	98.61858	2.43443	1	1	1
	-1	2	5	1.01590	5.03693	-32.05991	32.45320	98.61858	2.43443	1	1	1
	1	-2	-5	1.01590	-5.03687	32.05992	32.45320	98.61858	2.43443	1	1	1
	1	-2	5	1.01590	5.03692	-32.05992	32.45320	98.61858	2.43443	1	1	1
	1	2	5	1.01590	5.03693	-32.05991	32.45320	98.61858	2.43443	1	1	1
	1	2	-5	1.01590	-5.03689	32.05993	32.45320	98.61858	2.43443	1	1	1
	2	-1	-5	1.01590	5.03687	-32.05992	32.45320	98.61858	2.43443	1	1	1
	2	-1	5	1.01590	-5.03693	32.05993	32.45320	98.61858	2.43443	1	1	1
	2	1	-5	1.01590	5.03689	-32.05993	32.45320	98.61858	2.43443	1	1	1
	2	1	5	1.01590	-5.03694	32.05991	32.45320	98.61858	2.43443	1	1	1
	-1	0	-6	1.01514	-1.75044	22.93293	22.99960	98.71870	1.22274	1	1	1
	-1	0	6	1.01514	1.75044	-22.93293	22.99960	98.71870	1.22274	1	1	1
	0	-1	-6	1.01514	1.75044	-22.93293	22.99960	98.71870	1.22274	1	1	1
	0	-1	6	1.01514	-1.75044	22.93293	22.99960	98.71870	1.22274	1	1	1
	0	1	6	1.01514	-1.75044	22.93293	22.99960	98.71870	1.22274	1	1	1
	0	1	-6	1.01514	1.75044	-22.93293	22.99960	98.71870	1.22274	1	1	1
	1	0	-6	1.01514	-1.75044	22.93293	22.99960	98.71870	1.22274	1	1	1
	1	0	6	1.01514	1.75044	-22.93293	22.99960	98.71870	1.22274	1	1	1
	-3	2	-2	1.00449	3.34354	-5.99069	6.86059	100.14446	0.10895	1	1	1
	-3	2	2	1.00449	-3.34354	5.99069	6.86058	100.14446	0.10895	1	1	1
	-3	-2	-2	1.00449	3.34355	-5.99068	6.86058	100.14446	0.10895	1	1	1
	2	3	2	1.00449	3.34353	-5.99069	6.86058	100.14446	0.10895	1	1	1
	3	-2	-2	1.00449	3.34354	-5.99069	6.86058	100.14446	0.10895	1	1	1
	3	-2	2	1.00449	-3.34353	5.99069	6.86059	100.14446	0.10895	1	1	1
	-3	-2	2	1.00449	-3.34354	5.99070	6.86059	100.14446	0.10895	1	1	1
	3	2	2	1.00449	-3.34353	5.99069	6.86058	100.14446	0.10895	1	1	1
	2	-3	-2	1.00449	-3.34354	5.99069	6.86058	100.14446	0.10895	1	1	1
	2	-3	2	1.00449	3.34353	-5.99069	6.86059	100.14446	0.10895	1	1	1
	-2	3	2	1.00449	3.34354	-5.99069	6.86058	100.14446	0.10895	1	1	1
	-2	3	-2	1.00449	-3.34354	5.99069	6.86059	100.14446	0.10895	1	1	1
	-2	-3	-2	1.00449	-3.34355	5.99068	6.86058	100.14446	0.10895	1	1	1
	-2	-3	2	1.00449	3.34354	-5.99070	6.86059	100.14446	0.10895	1	1	1
	2	3	-2	1.00449	-3.34354	5.99070	6.86059	100.14446	0.10895	1	1	1
	3	2	-2	1.00449	3.34354	-5.99070	6.86059	100.14446	0.10895	1	1	1
	-3	0	4	0.99132	2.65025	2.08537	3.37233	101.98101	0.02645	1	1	1
	-3	0	-4	0.99132	-2.65026	-2.08537	3.37234	101.98101	0.02645	1	1	1
	0	3	4	0.99132	-2.65024	-2.08539	3.37233	101.98101	0.02645	1	1	1
	3	0	-4	0.99132	-2.65025	-2.08537	3.37233	101.98101	0.02645	1	1	1
	0	3	-4	0.99132	2.65025	2.08537	3.37233	101.98101	0.02645	1	1	1
	0	-3	4	0.99132	-2.65025	-2.08537	3.37233	101.98101	0.02645	1	1	1
	0	-3	-4	0.99132	2.65027	2.08539	3.37235	101.98101	0.02645	1	1	1
	3	0	4	0.99132	2.65024	2.08537	3.37232	101.98101	0.02645	1	1	1
	-1	-1	-6	0.98109	15.62110	-2.54231	15.82660	103.46831	0.58613	1	1	1
	-1	-1	6	0.98109	15.62110	-2.54232	15.82660	103.46831	0.58613	1	1	1
	-1	1	6	0.98109	15.62110	-2.54232	15.82660	103.46831	0.58613	1	1	1
	-1	1	-6	0.98109	15.62110	-2.54231	15.82660	103.46831	0.58613	1	1	1
	1	-1	-6	0.98109	15.62110	-2.54231	15.82660	103.46831	0.58613	1	1	1
	1	-1	6	0.98109	15.62110	-2.54232	15.82660	103.46831	0.58613	1	1	1
	1	1	-6	0.98109	15.62110	-2.54231	15.82660	103.46831	0.58613	1	1	1
	1	1	6	0.98109	15.62110	-2.54232	15.82660	103.46831	0.58613	1	1	1
	-3	-1	-4	0.95954	6.67278	2.05443	6.98188	106.79280	0.11647	1	1	1
	-3	-1	4	0.95954	6.67279	2.05443	6.98189	106.79280	0.11647	1	1	1
	-3	1	-4	0.95954	6.67278	2.05443	6.98188	106.79280	0.11647	1	1	1
	-3	1	4	0.95954	6.67279	2.05443	6.98189	106.79280	0.11647	1	1	1
	-1	-3	4	0.95954	6.67279	2.05443	6.98189	106.79280	0.11647	1	1	1
	-1	-3	-4	0.95954	6.67280	2.05445	6.98191	106.79280	0.11647	1	1	1
	1	-3	4	0.95954	6.67279	2.05443	6.98189	106.79280	0.11647	1	1	1
	1	3	-4	0.95954	6.67279	2.05443	6.98189	106.79280	0.11647	1	1	1
	1	-3	-4	0.95954	6.67280	2.05445	6.98190	106.79280	0.11647	1	1	1
	-1	3	4	0.95954	6.67280	2.05442	6.98190	106.79280	0.11647	1	1	1
	-1	3	-4	0.95954	6.67279	2.05443	6.98189	106.79280	0.11647	1	1	1
	1	3	4	0.95954	6.67280	2.05442	6.98190	106.79280	0.11647	1	1	1
	3	-1	-4	0.95954	6.67279	2.05443	6.98189	106.79280	0.11647	1	1	1
	3	-1	4	0.95954	6.67278	2.05442	6.98188	106.79280	0.11647	1	1	1
	3	1	4	0.95954	6.67278	2.05442	6.98188	106.79280	0.11647	1	1	1
	3	1	-4	0.95954	6.67279	2.05443	6.98189	106.79280	0.11647	1	1	1
	-4	0	0	0.95500	55.28580	6.66078	55.68560	107.52879	7.45252	1	1	1
	0	-4	0	0.95500	55.28580	6.66078	55.68560	107.52879	7.45252	1	1	1
	0	4	0	0.95500	55.28580	6.66078	55.68560	107.52879	7.45252	1	1	1
	4	0	0	0.95500	55.28580	6.66078	55.68560	107.52879	7.45252	1	1	1
	-3	-2	-3	0.94646	1.54457	-21.15706	21.21340	108.95211	1.09530	1	1	1
	-3	-2	3	0.94646	-1.54457	21.15705	21.21340	108.95211	1.09529	1	1	1
	-3	2	-3	0.94646	1.54457	-21.15706	21.21340	108.95211	1.09530	1	1	1
	-3	2	3	0.94646	-1.54457	21.15705	21.21340	108.95211	1.09529	1	1	1
	-2	-3	3	0.94646	1.54457	-21.15705	21.21340	108.95211	1.09529	1	1	1
	-2	-3	-3	0.94646	-1.54457	21.15705	21.21340	108.95211	1.09529	1	1	1
	2	-3	3	0.94646	1.54457	-21.15705	21.21340	108.95211	1.09529	1	1	1
	2	3	-3	0.94646	-1.54457	21.15705	21.21340	108.95211	1.09529	1	1	1
	2	-3	-3	0.94646	-1.54457	21.15705	21.21340	108.95211	1.09529	1	1	1
	-2	3	3	0.94646	1.54457	-21.15705	21.21340	108.95211	1.09529	1	1	1
	-2	3	-3	0.94646	-1.54457	21.15705	21.21340	108.95211	1.09529	1	1	1
	2	3	3	0.94646	1.54457	-21.15705	21.21340	108.95211	1.09529	1	1	1
	3	-2	-3	0.94646	1.54457	-21.15705	21.21340	108.95211	1.09529	1	1	1
	3	-2	3	0.94646	-1.54458	21.15706	21.21340	108.95211	1.09530	1	1	1
	3	2	3	0.94646	-1.54458	21.15706	21.21340	108.95211	1.09530	1	1	1
	3	2	-3	0.94646	1.54457	-21.15705	21.21340	108.95211	1.09529	1	1	1
	-4	0	-1	0.94427	-5.24517	1.53936	5.46640	109.32429	0.07299	1	1	1
	-4	0	1	0.94427	-5.24518	1.53936	5.46640	109.32429	0.07299	1	1	1
	0	-4	-1	0.94427	-5.24517	1.53936	5.46639	109.32429	0.07299	1	1	1
	0	4	-1	0.94427	-5.24517	1.53936	5.46639	109.32429	0.07299	1	1	1
	0	-4	1	0.94427	-5.24517	1.53936	5.46640	109.32429	0.07299	1	1	1
	0	4	1	0.94427	-5.24517	1.53936	5.46640	109.32429	0.07299	1	1	1
	4	0	-1	0.94427	-5.24518	1.53936	5.46640	109.32429	0.07299	1	1	1
	4	0	1	0.94427	-5.24517	1.53936	5.46639	109.32429	0.07299	1	1	1
	-2	-2	-5	0.92272	6.51625	2.00368	6.81735	113.19291	0.11857	1	1	1
	-2	-2	5	0.92272	6.51623	2.00372	6.81735	113.19291	0.11857	1	1	1
	-2	2	5	0.92272	6.51625	2.00373	6.81736	113.19291	0.11857	1	1	1
	-2	2	-5	0.92272	6.51623	2.00370	6.81734	113.19291	0.11857	1	1	1
	2	2	-5	0.92272	6.51624	2.00370	6.81734	113.19291	0.11857	1	1	1
	2	2	5	0.92272	6.51624	2.00374	6.81736	113.19291	0.11857	1	1	1
	2	-2	5	0.92272	6.51623	2.00373	6.81734	113.19291	0.11857	1	1	1
	2	-2	-5	0.92272	6.51625	2.00369	6.81735	113.19291	0.11857	1	1	1
	-2	0	-6	0.92214	17.70620	4.19619	18.19660	113.30064	0.84590	1	1	1
	-2	0	6	0.92214	17.70620	4.19620	18.19660	113.30064	0.84590	1	1	1
	0	-2	-6	0.92214	17.70620	4.19619	18.19660	113.30064	0.84590	1	1	1
	0	2	-6	0.92214	17.70620	4.19619	18.19660	113.30064	0.84590	1	1	1
	0	-2	6	0.92214	17.70620	4.19620	18.19660	113.30064	0.84590	1	1	1
	0	2	6	0.92214	17.70620	4.19620	18.19660	113.30064	0.84590	1	1	1
	2	0	-6	0.92214	17.70620	4.19619	18.19660	113.30064	0.84590	1	1	1
	2	0	6	0.92214	17.70620	4.19620	18.19660	113.30064	0.84590	1	1	1
	-4	-1	-1	0.91668	-2.09355	-9.84513	10.06530	114.34553	0.26238	1	1	1
	-4	-1	1	0.91668	2.09354	9.84513	10.06530	114.34553	0.26238	1	1	1
	-1	4	1	0.91668	-2.09355	-9.84513	10.06530	114.34553	0.26238	1	1	1
	1	-4	-1	0.91668	2.09355	9.84513	10.06530	114.34553	0.26238	1	1	1
	1	-4	1	0.91668	-2.09355	-9.84512	10.06530	114.34553	0.26238	1	1	1
	1	4	1	0.91668	-2.09355	-9.84512	10.06530	114.34553	0.26238	1	1	1
	1	4	-1	0.91668	2.09355	9.84513	10.06530	114.34553	0.26238	1	1	1
	-1	-4	1	0.91668	-2.09355	-9.84513	10.06530	114.34553	0.26238	1	1	1
	-1	4	-1	0.91668	2.09355	9.84512	10.06530	114.34553	0.26238	1	1	1
	-1	-4	-1	0.91668	2.09355	9.84512	10.06530	114.34553	0.26238	1	1	1
	-4	1	1	0.91668	2.09354	9.84513	10.06530	114.34553	0.26238	1	1	1
	-4	1	-1	0.91668	-2.09355	-9.84513	10.06530	114.34553	0.26238	1	1	1
	4	-1	-1	0.91668	-2.09356	-9.84513	10.06530	114.34553	0.26238	1	1	1
	4	-1	1	0.91668	2.09355	9.84513	10.06530	114.34553	0.26238	1	1	1
	4	1	-1	0.91668	-2.09355	-9.84513	10.06530	114.34553	0.26238	1	1	1
	4	1	1	0.91668	2.09355	9.84512	10.06530	114.34553	0.26238	1	1	1
	-4	0	-2	0.91414	-11.75506	-2.49211	12.01630	114.84107	0.37650	1	1	1
	0	4	-2	0.91414	-11.75505	-2.49211	12.01630	114.84107	0.37650	1	1	1
	0	4	2	0.91414	-11.75505	-2.49213	12.01630	114.84107	0.37650	1	1	1
	0	-4	2	0.91414	-11.75505	-2.49212	12.01630	114.84107	0.37650	1	1	1
	0	-4	-2	0.91414	-11.75505	-2.49210	12.01630	114.84107	0.37650	1	1	1
	-4	0	2	0.91414	-11.75505	-2.49211	12.01630	114.84107	0.37650	1	1	1
	4	0	-2	0.91414	-11.75505	-2.49211	12.01630	114.84107	0.37650	1	1	1
	4	0	2	0.91414	-11.75506	-2.49212	12.01630	114.84107	0.37650	1	1	1
	0	0	-7	0.90257	-26.96369	0.25020	26.96490	117.17707	1.96167	1	1	1
	0	0	7	0.90257	-26.96369	0.25020	26.96490	117.17707	1.96167	1	1	1
	-3	-3	0	0.90038	-19.90757	-4.72174	20.45990	117.63473	1.13741	1	1	1
	-3	3	0	0.90038	-19.90757	-4.72174	20.45990	117.63473	1.13741	1	1	1
	3	-3	0	0.90038	-19.90757	-4.72174	20.45990	117.63473	1.13741	1	1	1
	3	3	0	0.90038	-19.90757	-4.72174	20.45990	117.63473	1.13741	1	1	1
	-3	0	-5	0.89692	-4.70327	26.79473	27.20440	118.36927	2.03451	1	1	1
	-3	0	5	0.89692	4.70330	-26.79472	27.20440	118.36927	2.03451	1	1	1
	0	-3	-5	0.89692	4.70327	-26.79472	27.20440	118.36927	2.03451	1	1	1
	0	-3	5	0.89692	-4.70330	26.79472	27.20440	118.36927	2.03451	1	1	1
	0	3	-5	0.89692	4.70328	-26.79473	27.20440	118.36927	2.03451	1	1	1
	3	0	-5	0.89692	-4.70328	26.79473	27.20440	118.36927	2.03451	1	1	1
	0	3	5	0.89692	-4.70332	26.79471	27.20440	118.36927	2.03451	1	1	1
	3	0	5	0.89692	4.70331	-26.79473	27.20440	118.36927	2.03451	1	1	1
	-2	1	-6	0.89640	1.63450	-19.24319	19.31250	118.48181	1.02719	1	1	1
	-2	1	6	0.89640	-1.63450	19.24319	19.31250	118.48181	1.02719	1	1	1
	-2	-1	6	0.89640	-1.63450	19.24319	19.31250	118.48181	1.02719	1	1	1
	-2	-1	-6	0.89640	1.63450	-19.24319	19.31250	118.48181	1.02719	1	1	1
	1	-2	6	0.89640	1.63450	-19.24319	19.31250	118.48181	1.02719	1	1	1
	1	2	-6	0.89640	-1.63450	19.24319	19.31250	118.48181	1.02719	1	1	1
	1	2	6	0.89640	1.63450	-19.24319	19.31250	118.48181	1.02719	1	1	1
	2	-1	6	0.89640	-1.63450	19.24319	19.31250	118.48181	1.02719	1	1	1
	2	-1	-6	0.89640	1.63450	-19.24319	19.31250	118.48181	1.02719	1	1	1
	-1	2	6	0.89640	1.63450	-19.24319	19.31250	118.48181	1.02719	1	1	1
	1	-2	-6	0.89640	-1.63450	19.24319	19.31250	118.48181	1.02719	1	1	1
	-1	2	-6	0.89640	-1.63450	19.24319	19.31250	118.48181	1.02719	1	1	1
	-1	-2	6	0.89640	1.63450	-19.24319	19.31250	118.48181	1.02719	1	1	1
	-1	-2	-6	0.89640	-1.63450	19.24319	19.31250	118.48181	1.02719	1	1	1
	2	1	-6	0.89640	1.63450	-19.24319	19.31250	118.48181	1.02719	1	1	1
	2	1	6	0.89640	-1.63450	19.24319	19.31250	118.48181	1.02719	1	1	1
	-3	-3	-1	0.89138	-25.37865	-3.19147	25.57850	119.57501	1.83474	1	1	1
	-3	3	-1	0.89138	-25.37864	-3.19148	25.57850	119.57501	1.83474	1	1	1
	-3	-3	1	0.89138	-25.37865	-3.19148	25.57850	119.57501	1.83474	1	1	1
	3	3	-1	0.89138	-25.37865	-3.19147	25.57850	119.57501	1.83474	1	1	1
	3	3	1	0.89138	-25.37865	-3.19148	25.57850	119.57501	1.83474	1	1	1
	3	-3	1	0.89138	-25.37864	-3.19148	25.57850	119.57501	1.83474	1	1	1
	3	-3	-1	0.89138	-25.37865	-3.19147	25.57850	119.57501	1.83474	1	1	1
	-3	3	1	0.89138	-25.37865	-3.19148	25.57850	119.57501	1.83474	1	1	1
	-4	-1	-2	0.88904	-3.12209	4.92944	5.83497	120.09444	0.09633	1	1	1
	-4	1	-2	0.88904	-3.12209	4.92945	5.83498	120.09444	0.09633	1	1	1
	-1	-4	-2	0.88904	3.12209	-4.92944	5.83496	120.09444	0.09633	1	1	1
	1	-4	-2	0.88904	3.12208	-4.92944	5.83496	120.09444	0.09633	1	1	1
	-1	4	2	0.88904	-3.12209	4.92944	5.83496	120.09444	0.09633	1	1	1
	1	4	2	0.88904	-3.12208	4.92944	5.83496	120.09444	0.09633	1	1	1
	4	-1	2	0.88904	3.12208	-4.92945	5.83497	120.09444	0.09633	1	1	1
	4	1	2	0.88904	3.12207	-4.92945	5.83496	120.09444	0.09633	1	1	1
	-4	-1	2	0.88904	3.12208	-4.92945	5.83497	120.09444	0.09633	1	1	1
	-4	1	2	0.88904	3.12208	-4.92944	5.83496	120.09444	0.09633	1	1	1
	-1	-4	2	0.88904	-3.12208	4.92945	5.83497	120.09444	0.09633	1	1	1
	-1	4	-2	0.88904	3.12209	-4.92945	5.83497	120.09444	0.09633	1	1	1
	1	4	-2	0.88904	3.12209	-4.92945	5.83497	120.09444	0.09633	1	1	1
	1	-4	2	0.88904	-3.12208	4.92945	5.83497	120.09444	0.09633	1	1	1
	4	-1	-2	0.88904	-3.12209	4.92944	5.83496	120.09444	0.09633	1	1	1
	4	1	-2	0.88904	-3.12208	4.92945	5.83497	120.09444	0.09633	1	1	1
	-3	-2	4	0.87987	2.47471	1.83514	3.08090	122.20050	0.02788	1	1	1
	-3	2	-4	0.87987	-2.47473	-1.83514	3.08091	122.20050	0.02788	1	1	1
	-3	-2	-4	0.87987	-2.47473	-1.83515	3.08092	122.20050	0.02788	1	1	1
	2	-3	-4	0.87987	2.47473	1.83515	3.08092	122.20050	0.02788	1	1	1
	2	-3	4	0.87987	-2.47471	-1.83513	3.08089	122.20050	0.02788	1	1	1
	2	3	-4	0.87987	2.47472	1.83514	3.08090	122.20050	0.02788	1	1	1
	3	-2	-4	0.87987	-2.47473	-1.83515	3.08092	122.20050	0.02788	1	1	1
	2	3	4	0.87987	-2.47470	-1.83514	3.08089	122.20050	0.02788	1	1	1
	-2	3	-4	0.87987	2.47473	1.83514	3.08091	122.20050	0.02788	1	1	1
	-2	3	4	0.87987	-2.47470	-1.83515	3.08090	122.20050	0.02788	1	1	1
	-2	-3	4	0.87987	-2.47471	-1.83514	3.08090	122.20050	0.02788	1	1	1
	-2	-3	-4	0.87987	2.47473	1.83515	3.08092	122.20050	0.02788	1	1	1
	-3	2	4	0.87987	2.47470	1.83515	3.08090	122.20050	0.02788	1	1	1
	3	-2	4	0.87987	2.47471	1.83513	3.08089	122.20050	0.02788	1	1	1
	3	2	-4	0.87987	-2.47472	-1.83514	3.08090	122.20050	0.02788	1	1	1
	3	2	4	0.87987	2.47470	1.83514	3.08089	122.20050	0.02788	1	1	1
	-1	0	7	0.87839	-3.82949	18.89666	19.28080	122.55209	1.09910	1	1	1
	-1	0	-7	0.87839	3.82949	-18.89666	19.28080	122.55209	1.09910	1	1	1
	0	1	7	0.87839	3.82949	-18.89666	19.28080	122.55209	1.09910	1	1	1
	1	0	-7	0.87839	3.82949	-18.89666	19.28080	122.55209	1.09910	1	1	1
	0	1	-7	0.87839	-3.82949	18.89666	19.28080	122.55209	1.09910	1	1	1
	0	-1	7	0.87839	3.82949	-18.89666	19.28080	122.55209	1.09910	1	1	1
	0	-1	-7	0.87839	-3.82949	18.89666	19.28080	122.55209	1.09910	1	1	1
	1	0	7	0.87839	-3.82949	18.89666	19.28080	122.55209	1.09910	1	1	1
	-3	-1	-5	0.87318	-35.06768	-3.61773	35.25380	123.81246	3.76356	1	1	1
	-3	-1	5	0.87318	-35.06767	-3.61776	35.25380	123.81246	3.76356	1	1	1
	-3	1	5	0.87318	-35.06768	-3.61777	35.25380	123.81246	3.76356	1	1	1
	-3	1	-5	0.87318	-35.06767	-3.61774	35.25380	123.81246	3.76356	1	1	1
	-1	3	5	0.87318	-35.06768	-3.61777	35.25380	123.81246	3.76356	1	1	1
	1	-3	-5	0.87318	-35.06768	-3.61773	35.25380	123.81246	3.76356	1	1	1
	-1	3	-5	0.87318	-35.06767	-3.61774	35.25380	123.81246	3.76356	1	1	1
	-1	-3	5	0.87318	-35.06767	-3.61776	35.25380	123.81246	3.76356	1	1	1
	-1	-3	-5	0.87318	-35.06768	-3.61773	35.25380	123.81246	3.76356	1	1	1
	1	-3	5	0.87318	-35.06767	-3.61776	35.25380	123.81246	3.76356	1	1	1
	1	3	-5	0.87318	-35.06767	-3.61774	35.25380	123.81246	3.76356	1	1	1
	1	3	5	0.87318	-35.06768	-3.61777	35.25380	123.81246	3.76356	1	1	1
	3	-1	5	0.87318	-35.06766	-3.61777	35.25380	123.81246	3.76356	1	1	1
	3	-1	-5	0.87318	-35.06768	-3.61773	35.25380	123.81246	3.76356	1	1	1
	3	1	-5	0.87318	-35.06767	-3.61774	35.25380	123.81246	3.76356	1	1	1
	3	1	5	0.87318	-35.06767	-3.61778	35.25380	123.81246	3.76356	1	1	1
	-4	0	3	0.86975	-36.91664	-5.53472	37.32920	124.66310	4.29065	1	1	1
	0	-4	3	0.86975	-36.91664	-5.53472	37.32920	124.66310	4.29065	1	1	1
	-4	0	-3	0.86975	-36.91664	-5.53471	37.32920	124.66310	4.29065	1	1	1
	0	-4	-3	0.86975	-36.91665	-5.53471	37.32920	124.66310	4.29066	1	1	1
	0	4	3	0.86975	-36.91665	-5.53473	37.32920	124.66310	4.29066	1	1	1
	0	4	-3	0.86975	-36.91664	-5.53472	37.32920	124.66310	4.29065	1	1	1
	4	0	3	0.86975	-36.91663	-5.53473	37.32920	124.66310	4.29065	1	1	1
	4	0	-3	0.86975	-36.91664	-5.53472	37.32920	124.66310	4.29065	1	1	1
	-3	-3	-2	0.86590	39.43640	4.08042	39.64690	125.64426	4.93641	1	1	1
	-3	-3	2	0.86590	39.43639	4.08042	39.64690	125.64426	4.93641	1	1	1
	-3	3	-2	0.86590	39.43640	4.08042	39.64690	125.64426	4.93641	1	1	1
	3	-3	-2	0.86590	39.43639	4.08041	39.64690	125.64426	4.93641	1	1	1
	-3	3	2	0.86590	39.43639	4.08043	39.64690	125.64426	4.93641	1	1	1
	3	-3	2	0.86590	39.43640	4.08042	39.64690	125.64426	4.93641	1	1	1
	3	3	-2	0.86590	39.43639	4.08042	39.64690	125.64426	4.93641	1	1	1
	3	3	2	0.86590	39.43640	4.08043	39.64690	125.64426	4.93641	1	1	1
	-1	-1	7	0.85605	-3.23736	-1.90117	3.75432	128.27161	0.04679	1	1	1
	-1	-1	-7	0.85605	-3.23736	-1.90117	3.75432	128.27161	0.04679	1	1	1
	1	-1	7	0.85605	-3.23736	-1.90117	3.75432	128.27161	0.04679	1	1	1
	1	1	-7	0.85605	-3.23736	-1.90117	3.75432	128.27161	0.04679	1	1	1
	1	-1	-7	0.85605	-3.23736	-1.90117	3.75432	128.27161	0.04679	1	1	1
	-1	1	-7	0.85605	-3.23736	-1.90117	3.75432	128.27161	0.04679	1	1	1
	-1	1	7	0.85605	-3.23736	-1.90117	3.75432	128.27161	0.04679	1	1	1
	1	1	7	0.85605	-3.23736	-1.90117	3.75432	128.27161	0.04679	1	1	1
	-4	-2	0	0.85418	46.21862	6.21961	46.63520	128.79099	7.30195	1	1	1
	-4	2	0	0.85418	46.21862	6.21961	46.63520	128.79099	7.30195	1	1	1
	-2	4	0	0.85418	46.21862	6.21961	46.63520	128.79099	7.30195	1	1	1
	-2	-4	0	0.85418	46.21862	6.21961	46.63520	128.79099	7.30195	1	1	1
	4	-2	0	0.85418	46.21862	6.21961	46.63520	128.79099	7.30195	1	1	1
	2	-4	0	0.85418	46.21862	6.21961	46.63520	128.79099	7.30195	1	1	1
	4	2	0	0.85418	46.21862	6.21961	46.63520	128.79099	7.30195	1	1	1
	2	4	0	0.85418	46.21862	6.21961	46.63520	128.79099	7.30195	1	1	1
