# 	h	k	l	d (Å)	F(real)		F(imag)		|F|			2θ			I			M	ID(λ)	Phase
	-2	-2	0	2.84116	6.46903	0.03411	6.46912	31.46195	0.03514	1	1	1
	-2	0	-2	2.84116	6.46903	0.03411	6.46912	31.46195	0.03514	1	1	1
	0	-2	-2	2.84116	6.46903	0.03411	6.46912	31.46195	0.03514	1	1	1
	2	0	2	2.84116	6.46903	0.03411	6.46912	31.46195	0.03514	1	1	1
	0	2	2	2.84116	6.46903	0.03411	6.46912	31.46195	0.03514	1	1	1
	-2	2	0	2.84116	6.46903	0.03411	6.46912	31.46195	0.03514	1	1	1
	-2	0	2	2.84116	6.46903	0.03411	6.46912	31.46195	0.03514	1	1	1
	2	2	0	2.84116	6.46903	0.03411	6.46912	31.46195	0.03514	1	1	1
	0	-2	2	2.84116	6.46903	0.03411	6.46912	31.46195	0.03514	1	1	1
	0	2	-2	2.84116	6.46903	0.03411	6.46912	31.46195	0.03514	1	1	1
	2	0	-2	2.84116	6.46903	0.03411	6.46912	31.46195	0.03514	1	1	1
	2	-2	0	2.84116	6.46903	0.03411	6.46912	31.46195	0.03514	1	1	1
	-3	-1	-1	2.42294	107.79942	-77.55748	132.80000	37.07405	10.35910	1	1	1
	-1	-3	-1	2.42294	107.79942	-77.55748	132.80000	37.07405	10.35910	1	1	1
	-1	-1	-3	2.42294	107.79942	-77.55748	132.80000	37.07405	10.35910	1	1	1
	-1	-1	3	2.42294	77.55745	107.79939	132.80000	37.07405	10.35910	1	1	1
	1	1	-3	2.42294	107.79939	-77.55745	132.80000	37.07405	10.35910	1	1	1
	1	3	1	2.42294	77.55748	107.79942	132.80000	37.07405	10.35910	1	1	1
	1	1	3	2.42294	77.55748	107.79942	132.80000	37.07405	10.35910	1	1	1
	3	1	1	2.42294	77.55748	107.79942	132.80000	37.07405	10.35910	1	1	1
	-3	1	-1	2.42294	77.55745	107.79939	132.80000	37.07405	10.35910	1	1	1
	-3	-1	1	2.42294	77.55747	107.79941	132.80000	37.07405	10.35910	1	1	1
	-1	1	3	2.42294	107.79939	-77.55745	132.80000	37.07405	10.35910	1	1	1
	-1	3	-1	2.42294	77.55747	107.79941	132.80000	37.07405	10.35910	1	1	1
	-1	3	1	2.42294	107.79939	-77.55745	132.80000	37.07405	10.35910	1	1	1
	-1	1	-3	2.42294	77.55745	107.79939	132.80000	37.07405	10.35910	1	1	1
	-1	-3	1	2.42294	77.55747	107.79941	132.80000	37.07405	10.35910	1	1	1
	-3	1	1	2.42294	107.79941	-77.55747	132.80000	37.07405	10.35910	1	1	1
	1	-3	-1	2.42294	77.55745	107.79939	132.80000	37.07405	10.35910	1	1	1
	1	-3	1	2.42294	107.79941	-77.55747	132.80000	37.07405	10.35910	1	1	1
	1	-1	3	2.42294	107.79939	-77.55745	132.80000	37.07405	10.35910	1	1	1
	1	-1	-3	2.42294	77.55745	107.79939	132.80000	37.07405	10.35910	1	1	1
	3	-1	1	2.42294	107.79939	-77.55745	132.80000	37.07405	10.35910	1	1	1
	3	-1	-1	2.42294	77.55747	107.79941	132.80000	37.07405	10.35910	1	1	1
	1	3	-1	2.42294	107.79941	-77.55747	132.80000	37.07405	10.35910	1	1	1
	3	1	-1	2.42294	107.79941	-77.55747	132.80000	37.07405	10.35910	1	1	1
	-2	-2	-2	2.31979	-41.76994	116.28440	123.55900	38.78697	8.11623	1	1	1
	2	2	2	2.31979	41.76996	-116.28440	123.55900	38.78697	8.11623	1	1	1
	-2	2	-2	2.31979	41.76996	-116.28440	123.55900	38.78697	8.11623	1	1	1
	-2	2	2	2.31979	-41.76995	116.28440	123.55900	38.78697	8.11623	1	1	1
	2	-2	-2	2.31979	41.76996	-116.28440	123.55900	38.78697	8.11623	1	1	1
	-2	-2	2	2.31979	41.76996	-116.28440	123.55900	38.78697	8.11623	1	1	1
	2	-2	2	2.31979	-41.76995	116.28440	123.55900	38.78697	8.11623	1	1	1
	2	2	-2	2.31979	-41.76995	116.28440	123.55900	38.78697	8.11623	1	1	1
	0	0	4	2.00900	-388.87890	-42.94079	391.24300	45.09172	58.09953	1	1	1
	0	4	0	2.00900	-388.87890	-42.94079	391.24300	45.09172	58.09953	1	1	1
	4	0	0	2.00900	-388.87890	-42.94079	391.24300	45.09172	58.09953	1	1	1
	0	-4	0	2.00900	-388.87890	-42.94080	391.24300	45.09172	58.09953	1	1	1
	0	0	-4	2.00900	-388.87890	-42.94080	391.24300	45.09172	58.09953	1	1	1
	-4	0	0	2.00900	-388.87890	-42.94080	391.24300	45.09172	58.09953	1	1	1
	-3	-1	3	1.84359	-78.28517	49.19266	92.45800	49.39473	2.63894	1	1	1
	-3	1	-3	1.84359	-78.28517	49.19266	92.45800	49.39473	2.63894	1	1	1
	-3	1	3	1.84359	-49.19265	-78.28516	92.45800	49.39473	2.63894	1	1	1
	-1	-3	-3	1.84359	-49.19265	-78.28517	92.45800	49.39473	2.63894	1	1	1
	-3	3	1	1.84359	-49.19264	-78.28516	92.45800	49.39473	2.63894	1	1	1
	-3	3	-1	1.84359	-78.28515	49.19264	92.45800	49.39473	2.63894	1	1	1
	-3	-3	-1	1.84359	-49.19265	-78.28516	92.45800	49.39473	2.63894	1	1	1
	-3	-3	1	1.84359	-78.28516	49.19265	92.45800	49.39473	2.63894	1	1	1
	-3	-1	-3	1.84359	-49.19265	-78.28517	92.45800	49.39473	2.63894	1	1	1
	-1	-3	3	1.84359	-78.28517	49.19266	92.45800	49.39473	2.63894	1	1	1
	-1	3	-3	1.84359	-78.28516	49.19265	92.45800	49.39473	2.63894	1	1	1
	1	-3	-3	1.84359	-78.28517	49.19266	92.45800	49.39473	2.63894	1	1	1
	-1	3	3	1.84359	-49.19266	-78.28518	92.45800	49.39473	2.63894	1	1	1
	1	3	3	1.84359	-78.28516	49.19265	92.45800	49.39473	2.63894	1	1	1
	1	3	-3	1.84359	-49.19266	-78.28518	92.45800	49.39473	2.63894	1	1	1
	1	-3	3	1.84359	-49.19265	-78.28516	92.45800	49.39473	2.63894	1	1	1
	3	1	-3	1.84359	-49.19266	-78.28518	92.45800	49.39473	2.63894	1	1	1
	3	1	3	1.84359	-78.28516	49.19265	92.45800	49.39473	2.63894	1	1	1
	3	3	-1	1.84359	-49.19264	-78.28516	92.45800	49.39473	2.63894	1	1	1
	3	-1	-3	1.84359	-78.28516	49.19265	92.45800	49.39473	2.63894	1	1	1
	3	-1	3	1.84359	-49.19266	-78.28518	92.45800	49.39473	2.63894	1	1	1
	3	-3	1	1.84359	-49.19264	-78.28516	92.45800	49.39473	2.63894	1	1	1
	3	-3	-1	1.84359	-78.28515	49.19264	92.45800	49.39473	2.63894	1	1	1
	3	3	1	1.84359	-78.28517	49.19265	92.45800	49.39473	2.63894	1	1	1
	-2	4	-2	1.64034	-3.79414	-0.02987	3.79426	56.01604	0.00334	1	1	1
	-2	4	2	1.64034	-3.79414	-0.02987	3.79426	56.01604	0.00334	1	1	1
	2	-4	2	1.64034	-3.79414	-0.02986	3.79426	56.01604	0.00334	1	1	1
	2	-4	-2	1.64034	-3.79414	-0.02986	3.79426	56.01604	0.00334	1	1	1
	2	2	-4	1.64034	-3.79414	-0.02987	3.79426	56.01604	0.00334	1	1	1
	2	-2	4	1.64034	-3.79414	-0.02987	3.79426	56.01604	0.00334	1	1	1
	2	-2	-4	1.64034	-3.79414	-0.02986	3.79426	56.01604	0.00334	1	1	1
	4	-2	-2	1.64034	-3.79414	-0.02987	3.79426	56.01604	0.00334	1	1	1
	4	-2	2	1.64034	-3.79414	-0.02987	3.79426	56.01604	0.00334	1	1	1
	4	2	-2	1.64034	-3.79413	-0.02987	3.79425	56.01604	0.00334	1	1	1
	2	4	2	1.64034	-3.79415	-0.02987	3.79427	56.01604	0.00334	1	1	1
	2	4	-2	1.64034	-3.79413	-0.02987	3.79425	56.01604	0.00334	1	1	1
	2	2	4	1.64034	-3.79414	-0.02984	3.79426	56.01604	0.00334	1	1	1
	-4	2	2	1.64034	-3.79414	-0.02986	3.79426	56.01604	0.00334	1	1	1
	-2	-4	-2	1.64034	-3.79415	-0.02986	3.79427	56.01604	0.00334	1	1	1
	-2	-2	-4	1.64034	-3.79414	-0.02989	3.79426	56.01604	0.00334	1	1	1
	-2	-4	2	1.64034	-3.79413	-0.02986	3.79425	56.01604	0.00334	1	1	1
	-2	2	4	1.64034	-3.79414	-0.02987	3.79426	56.01604	0.00334	1	1	1
	-2	2	-4	1.64034	-3.79414	-0.02986	3.79426	56.01604	0.00334	1	1	1
	-2	-2	4	1.64034	-3.79414	-0.02986	3.79426	56.01604	0.00334	1	1	1
	-4	-2	-2	1.64034	-3.79415	-0.02986	3.79427	56.01604	0.00334	1	1	1
	-4	-2	2	1.64034	-3.79413	-0.02986	3.79425	56.01604	0.00334	1	1	1
	-4	2	-2	1.64034	-3.79414	-0.02986	3.79426	56.01604	0.00334	1	1	1
	4	2	2	1.64034	-3.79415	-0.02987	3.79427	56.01604	0.00334	1	1	1
	-3	3	-3	1.54653	29.10491	57.08121	64.07310	59.74622	0.82298	1	1	1
	-3	3	3	1.54653	57.08121	-29.10491	64.07310	59.74622	0.82298	1	1	1
	3	-3	-3	1.54653	29.10491	57.08121	64.07310	59.74622	0.82298	1	1	1
	-3	-3	3	1.54653	29.10491	57.08121	64.07310	59.74622	0.82298	1	1	1
	-3	-3	-3	1.54653	57.08121	-29.10491	64.07310	59.74622	0.82298	1	1	1
	3	-3	3	1.54653	57.08121	-29.10491	64.07310	59.74622	0.82298	1	1	1
	3	3	-3	1.54653	57.08121	-29.10491	64.07310	59.74622	0.82298	1	1	1
	3	3	3	1.54653	29.10491	57.08121	64.07310	59.74622	0.82298	1	1	1
	-5	-1	-1	1.54653	83.43646	112.32737	139.92500	59.74622	3.92493	1	1	1
	-5	1	1	1.54653	83.43649	112.32739	139.92500	59.74622	3.92494	1	1	1
	-5	1	-1	1.54653	112.32741	-83.43650	139.92500	59.74622	3.92494	1	1	1
	-5	-1	1	1.54653	112.32740	-83.43649	139.92500	59.74622	3.92494	1	1	1
	-1	1	-5	1.54653	112.32739	-83.43649	139.92500	59.74622	3.92493	1	1	1
	-1	1	5	1.54653	83.43649	112.32739	139.92500	59.74622	3.92493	1	1	1
	-1	5	-1	1.54653	112.32740	-83.43649	139.92500	59.74622	3.92494	1	1	1
	-1	-1	-5	1.54653	83.43649	112.32739	139.92500	59.74622	3.92494	1	1	1
	-1	-1	5	1.54653	112.32740	-83.43650	139.92500	59.74622	3.92494	1	1	1
	-1	-5	1	1.54653	112.32740	-83.43649	139.92500	59.74622	3.92494	1	1	1
	-1	-5	-1	1.54653	83.43646	112.32737	139.92500	59.74622	3.92493	1	1	1
	1	5	-1	1.54653	83.43650	112.32740	139.92500	59.74622	3.92494	1	1	1
	1	5	1	1.54653	112.32737	-83.43646	139.92500	59.74622	3.92493	1	1	1
	5	-1	-1	1.54653	112.32740	-83.43649	139.92500	59.74622	3.92494	1	1	1
	5	1	1	1.54653	112.32737	-83.43646	139.92500	59.74622	3.92493	1	1	1
	5	1	-1	1.54653	83.43650	112.32740	139.92500	59.74622	3.92494	1	1	1
	5	-1	1	1.54653	83.43650	112.32740	139.92500	59.74622	3.92494	1	1	1
	1	-1	5	1.54653	83.43649	112.32739	139.92500	59.74622	3.92493	1	1	1
	1	1	-5	1.54653	83.43650	112.32741	139.92500	59.74622	3.92494	1	1	1
	1	1	5	1.54653	112.32739	-83.43649	139.92500	59.74622	3.92494	1	1	1
	1	-5	1	1.54653	83.43649	112.32739	139.92500	59.74622	3.92494	1	1	1
	1	-1	-5	1.54653	112.32739	-83.43649	139.92500	59.74622	3.92493	1	1	1
	1	-5	-1	1.54653	112.32741	-83.43650	139.92500	59.74622	3.92494	1	1	1
	-1	5	1	1.54653	83.43650	112.32740	139.92500	59.74622	3.92494	1	1	1
	-4	-4	0	1.42058	279.47105	40.30378	282.36200	65.67275	12.98339	1	1	1
	-4	0	-4	1.42058	279.47105	40.30378	282.36200	65.67275	12.98339	1	1	1
	0	4	4	1.42058	279.47105	40.30378	282.36200	65.67275	12.98339	1	1	1
	0	-4	-4	1.42058	279.47105	40.30378	282.36200	65.67275	12.98339	1	1	1
	-4	0	4	1.42058	279.47105	40.30378	282.36200	65.67275	12.98339	1	1	1
	4	4	0	1.42058	279.47105	40.30378	282.36200	65.67275	12.98339	1	1	1
	4	0	4	1.42058	279.47105	40.30378	282.36200	65.67275	12.98339	1	1	1
	-4	4	0	1.42058	279.47105	40.30378	282.36200	65.67275	12.98339	1	1	1
	0	-4	4	1.42058	279.47105	40.30378	282.36200	65.67275	12.98339	1	1	1
	0	4	-4	1.42058	279.47105	40.30378	282.36200	65.67275	12.98339	1	1	1
	4	-4	0	1.42058	279.47105	40.30378	282.36200	65.67275	12.98339	1	1	1
	4	0	-4	1.42058	279.47105	40.30378	282.36200	65.67275	12.98339	1	1	1
	-5	-3	-1	1.35833	-87.63814	59.85743	106.12900	69.09510	1.64871	1	1	1
	-5	-1	-3	1.35833	-87.63815	59.85744	106.12900	69.09510	1.64871	1	1	1
	-5	-3	1	1.35833	-59.85744	-87.63815	106.12900	69.09510	1.64871	1	1	1
	-3	-5	1	1.35833	-59.85744	-87.63815	106.12900	69.09510	1.64871	1	1	1
	-3	-5	-1	1.35833	-87.63814	59.85743	106.12900	69.09510	1.64871	1	1	1
	-5	1	-3	1.35833	-59.85744	-87.63815	106.12900	69.09510	1.64871	1	1	1
	-3	1	5	1.35833	-87.63815	59.85745	106.12900	69.09510	1.64871	1	1	1
	-3	5	-1	1.35833	-59.85745	-87.63816	106.12900	69.09510	1.64871	1	1	1
	-3	5	1	1.35833	-87.63815	59.85745	106.12900	69.09510	1.64871	1	1	1
	-3	1	-5	1.35833	-59.85743	-87.63815	106.12900	69.09510	1.64871	1	1	1
	-3	-1	5	1.35833	-59.85745	-87.63816	106.12900	69.09510	1.64871	1	1	1
	-3	-1	-5	1.35833	-87.63814	59.85744	106.12900	69.09510	1.64871	1	1	1
	-1	-5	-3	1.35833	-87.63815	59.85744	106.12900	69.09510	1.64871	1	1	1
	-1	-3	-5	1.35833	-87.63814	59.85744	106.12900	69.09510	1.64871	1	1	1
	-1	3	-5	1.35833	-59.85744	-87.63816	106.12900	69.09510	1.64871	1	1	1
	-1	-3	5	1.35833	-59.85745	-87.63816	106.12900	69.09510	1.64871	1	1	1
	1	-5	-3	1.35833	-59.85744	-87.63815	106.12900	69.09510	1.64871	1	1	1
	-1	5	3	1.35833	-87.63815	59.85744	106.12900	69.09510	1.64871	1	1	1
	-1	3	5	1.35833	-87.63814	59.85744	106.12900	69.09510	1.64871	1	1	1
	1	5	3	1.35833	-59.85744	-87.63815	106.12900	69.09510	1.64871	1	1	1
	3	-5	-1	1.35833	-59.85744	-87.63816	106.12900	69.09510	1.64871	1	1	1
	3	-5	1	1.35833	-87.63816	59.85745	106.12900	69.09510	1.64871	1	1	1
	1	3	-5	1.35833	-87.63816	59.85745	106.12900	69.09510	1.64871	1	1	1
	1	3	5	1.35833	-59.85743	-87.63815	106.12900	69.09510	1.64871	1	1	1
	1	-3	5	1.35833	-87.63815	59.85745	106.12900	69.09510	1.64871	1	1	1
	1	-3	-5	1.35833	-59.85743	-87.63815	106.12900	69.09510	1.64871	1	1	1
	5	1	3	1.35833	-59.85744	-87.63815	106.12900	69.09510	1.64871	1	1	1
	5	3	-1	1.35833	-87.63815	59.85744	106.12900	69.09510	1.64871	1	1	1
	5	3	1	1.35833	-59.85742	-87.63814	106.12900	69.09510	1.64871	1	1	1
	-5	3	-1	1.35833	-59.85744	-87.63816	106.12900	69.09510	1.64871	1	1	1
	-5	1	3	1.35833	-87.63816	59.85745	106.12900	69.09510	1.64871	1	1	1
	-5	-1	3	1.35833	-59.85744	-87.63815	106.12900	69.09510	1.64871	1	1	1
	3	5	-1	1.35833	-87.63815	59.85744	106.12900	69.09510	1.64871	1	1	1
	3	5	1	1.35833	-59.85742	-87.63814	106.12900	69.09510	1.64871	1	1	1
	5	-1	3	1.35833	-87.63815	59.85744	106.12900	69.09510	1.64871	1	1	1
	3	1	-5	1.35833	-87.63816	59.85745	106.12900	69.09510	1.64871	1	1	1
	3	1	5	1.35833	-59.85743	-87.63815	106.12900	69.09510	1.64871	1	1	1
	3	-1	5	1.35833	-87.63814	59.85744	106.12900	69.09510	1.64871	1	1	1
	3	-1	-5	1.35833	-59.85744	-87.63816	106.12900	69.09510	1.64871	1	1	1
	-5	3	1	1.35833	-87.63816	59.85745	106.12900	69.09510	1.64871	1	1	1
	-1	-5	3	1.35833	-59.85744	-87.63815	106.12900	69.09510	1.64871	1	1	1
	1	-5	3	1.35833	-87.63816	59.85745	106.12900	69.09510	1.64871	1	1	1
	-1	5	-3	1.35833	-59.85745	-87.63816	106.12900	69.09510	1.64871	1	1	1
	5	-3	1	1.35833	-87.63815	59.85745	106.12900	69.09510	1.64871	1	1	1
	5	-3	-1	1.35833	-59.85745	-87.63816	106.12900	69.09510	1.64871	1	1	1
	1	5	-3	1.35833	-87.63815	59.85744	106.12900	69.09510	1.64871	1	1	1
	5	-1	-3	1.35833	-59.85745	-87.63816	106.12900	69.09510	1.64871	1	1	1
	5	1	-3	1.35833	-87.63815	59.85744	106.12900	69.09510	1.64871	1	1	1
	-4	2	4	1.33933	0.11619	-11.94640	11.94700	70.21806	0.02022	1	1	1
	-4	4	-2	1.33933	-0.11619	11.94641	11.94700	70.21806	0.02022	1	1	1
	-4	4	2	1.33933	0.11620	-11.94641	11.94700	70.21806	0.02022	1	1	1
	-4	-4	-2	1.33933	0.11619	-11.94642	11.94700	70.21806	0.02022	1	1	1
	-4	-2	4	1.33933	-0.11619	11.94640	11.94700	70.21806	0.02022	1	1	1
	-2	-4	4	1.33933	-0.11619	11.94640	11.94700	70.21806	0.02022	1	1	1
	-2	4	-4	1.33933	-0.11620	11.94640	11.94700	70.21806	0.02022	1	1	1
	2	4	-4	1.33933	0.11620	-11.94640	11.94700	70.21806	0.02022	1	1	1
	2	-4	4	1.33933	0.11619	-11.94640	11.94700	70.21806	0.02022	1	1	1
	4	-2	-4	1.33933	-0.11620	11.94640	11.94700	70.21806	0.02022	1	1	1
	4	-4	2	1.33933	0.11620	-11.94641	11.94700	70.21806	0.02022	1	1	1
	4	-4	-2	1.33933	-0.11619	11.94641	11.94700	70.21806	0.02022	1	1	1
	4	2	-4	1.33933	0.11620	-11.94640	11.94700	70.21806	0.02022	1	1	1
	4	4	2	1.33933	-0.11619	11.94642	11.94700	70.21806	0.02022	1	1	1
	-4	-4	2	1.33933	-0.11618	11.94641	11.94700	70.21806	0.02022	1	1	1
	-4	-2	-4	1.33933	0.11619	-11.94641	11.94700	70.21806	0.02022	1	1	1
	-4	2	-4	1.33933	-0.11620	11.94641	11.94700	70.21806	0.02022	1	1	1
	-2	-4	-4	1.33933	0.11619	-11.94641	11.94700	70.21806	0.02022	1	1	1
	-2	4	4	1.33933	0.11618	-11.94641	11.94700	70.21806	0.02022	1	1	1
	2	-4	-4	1.33933	-0.11620	11.94641	11.94700	70.21806	0.02022	1	1	1
	2	4	4	1.33933	-0.11619	11.94641	11.94700	70.21806	0.02022	1	1	1
	4	-2	4	1.33933	0.11618	-11.94641	11.94700	70.21806	0.02022	1	1	1
	4	4	-2	1.33933	0.11621	-11.94641	11.94700	70.21806	0.02022	1	1	1
	4	2	4	1.33933	-0.11619	11.94641	11.94700	70.21806	0.02022	1	1	1
	-6	-2	0	1.27060	-8.36737	-0.08629	8.36782	74.63692	0.00882	1	1	1
	-6	0	-2	1.27060	-8.36737	-0.08629	8.36782	74.63692	0.00882	1	1	1
	-6	2	0	1.27060	-8.36736	-0.08628	8.36781	74.63692	0.00882	1	1	1
	-6	0	2	1.27060	-8.36736	-0.08628	8.36781	74.63692	0.00882	1	1	1
	-2	0	6	1.27060	-8.36736	-0.08628	8.36781	74.63692	0.00882	1	1	1
	-2	0	-6	1.27060	-8.36737	-0.08629	8.36782	74.63692	0.00882	1	1	1
	-2	-6	0	1.27060	-8.36737	-0.08629	8.36782	74.63692	0.00882	1	1	1
	0	-2	6	1.27060	-8.36736	-0.08628	8.36781	74.63692	0.00882	1	1	1
	0	2	-6	1.27060	-8.36736	-0.08628	8.36781	74.63692	0.00882	1	1	1
	0	2	6	1.27060	-8.36737	-0.08628	8.36782	74.63692	0.00882	1	1	1
	0	-6	2	1.27060	-8.36736	-0.08628	8.36781	74.63692	0.00882	1	1	1
	0	-2	-6	1.27060	-8.36737	-0.08629	8.36782	74.63692	0.00882	1	1	1
	0	-6	-2	1.27060	-8.36737	-0.08629	8.36782	74.63692	0.00882	1	1	1
	-2	6	0	1.27060	-8.36736	-0.08628	8.36781	74.63692	0.00882	1	1	1
	0	6	-2	1.27060	-8.36736	-0.08628	8.36781	74.63692	0.00882	1	1	1
	0	6	2	1.27060	-8.36737	-0.08628	8.36782	74.63692	0.00882	1	1	1
	2	0	-6	1.27060	-8.36736	-0.08628	8.36781	74.63692	0.00882	1	1	1
	2	-6	0	1.27060	-8.36736	-0.08628	8.36781	74.63692	0.00882	1	1	1
	6	-2	0	1.27060	-8.36736	-0.08628	8.36781	74.63692	0.00882	1	1	1
	2	6	0	1.27060	-8.36737	-0.08628	8.36782	74.63692	0.00882	1	1	1
	2	0	6	1.27060	-8.36737	-0.08628	8.36782	74.63692	0.00882	1	1	1
	6	0	-2	1.27060	-8.36736	-0.08628	8.36781	74.63692	0.00882	1	1	1
	6	0	2	1.27060	-8.36737	-0.08628	8.36782	74.63692	0.00882	1	1	1
	6	2	0	1.27060	-8.36737	-0.08628	8.36782	74.63692	0.00882	1	1	1
	-3	-5	-3	1.22548	44.41907	71.18220	83.90450	77.88908	0.82264	1	1	1
	-3	-3	-5	1.22548	44.41907	71.18221	83.90450	77.88908	0.82264	1	1	1
	-3	-3	5	1.22548	71.18221	-44.41907	83.90450	77.88908	0.82264	1	1	1
	-5	-3	3	1.22548	71.18220	-44.41906	83.90450	77.88908	0.82264	1	1	1
	-5	3	-3	1.22548	71.18221	-44.41906	83.90450	77.88908	0.82264	1	1	1
	-5	-3	-3	1.22548	44.41907	71.18220	83.90450	77.88908	0.82264	1	1	1
	-3	3	-5	1.22548	71.18221	-44.41906	83.90450	77.88908	0.82264	1	1	1
	-3	3	5	1.22548	44.41906	71.18221	83.90450	77.88908	0.82264	1	1	1
	3	-5	-3	1.22548	71.18221	-44.41906	83.90450	77.88908	0.82264	1	1	1
	-3	5	3	1.22548	44.41906	71.18221	83.90450	77.88908	0.82264	1	1	1
	3	3	-5	1.22548	44.41906	71.18221	83.90450	77.88908	0.82264	1	1	1
	3	-3	5	1.22548	44.41906	71.18221	83.90450	77.88908	0.82264	1	1	1
	3	-3	-5	1.22548	71.18221	-44.41906	83.90450	77.88908	0.82264	1	1	1
	3	3	5	1.22548	71.18222	-44.41907	83.90450	77.88908	0.82264	1	1	1
	3	5	3	1.22548	71.18222	-44.41906	83.90450	77.88908	0.82264	1	1	1
	5	-3	3	1.22548	44.41906	71.18221	83.90450	77.88908	0.82264	1	1	1
	5	3	-3	1.22548	44.41906	71.18221	83.90450	77.88908	0.82264	1	1	1
	5	3	3	1.22548	71.18222	-44.41906	83.90450	77.88908	0.82264	1	1	1
	-5	3	3	1.22548	44.41906	71.18221	83.90450	77.88908	0.82264	1	1	1
	-3	-5	3	1.22548	71.18220	-44.41906	83.90450	77.88908	0.82264	1	1	1
	-3	5	-3	1.22548	71.18221	-44.41907	83.90450	77.88908	0.82264	1	1	1
	3	5	-3	1.22548	44.41906	71.18221	83.90450	77.88908	0.82264	1	1	1
	3	-5	3	1.22548	44.41906	71.18221	83.90450	77.88908	0.82264	1	1	1
	5	-3	-3	1.22548	71.18221	-44.41907	83.90450	77.88908	0.82264	1	1	1
	-2	-6	-2	1.21147	37.01571	-98.19191	104.93700	78.96385	1.25823	1	1	1
	-6	-2	-2	1.21147	37.01571	-98.19191	104.93700	78.96385	1.25823	1	1	1
	-2	-2	-6	1.21147	37.01571	-98.19191	104.93700	78.96385	1.25823	1	1	1
	-2	-2	6	1.21147	-37.01572	98.19190	104.93700	78.96385	1.25823	1	1	1
	2	2	6	1.21147	-37.01573	98.19191	104.93700	78.96385	1.25823	1	1	1
	2	2	-6	1.21147	37.01572	-98.19190	104.93700	78.96385	1.25823	1	1	1
	2	6	2	1.21147	-37.01573	98.19191	104.93700	78.96385	1.25823	1	1	1
	6	2	2	1.21147	-37.01573	98.19191	104.93700	78.96385	1.25823	1	1	1
	-6	2	-2	1.21147	-37.01571	98.19190	104.93700	78.96385	1.25823	1	1	1
	-6	2	2	1.21147	37.01571	-98.19190	104.93700	78.96385	1.25823	1	1	1
	-2	2	-6	1.21147	-37.01572	98.19189	104.93700	78.96385	1.25823	1	1	1
	-2	-6	2	1.21147	-37.01572	98.19190	104.93700	78.96385	1.25823	1	1	1
	-2	6	2	1.21147	37.01572	-98.19190	104.93700	78.96385	1.25823	1	1	1
	-2	6	-2	1.21147	-37.01572	98.19190	104.93700	78.96385	1.25823	1	1	1
	-2	2	6	1.21147	37.01572	-98.19189	104.93700	78.96385	1.25823	1	1	1
	2	-2	6	1.21147	37.01572	-98.19189	104.93700	78.96385	1.25823	1	1	1
	2	6	-2	1.21147	37.01572	-98.19190	104.93700	78.96385	1.25823	1	1	1
	6	-2	-2	1.21147	-37.01572	98.19190	104.93700	78.96385	1.25823	1	1	1
	2	-2	-6	1.21147	-37.01572	98.19189	104.93700	78.96385	1.25823	1	1	1
	2	-6	2	1.21147	37.01571	-98.19190	104.93700	78.96385	1.25823	1	1	1
	2	-6	-2	1.21147	-37.01571	98.19190	104.93700	78.96385	1.25823	1	1	1
	-6	-2	2	1.21147	-37.01572	98.19190	104.93700	78.96385	1.25823	1	1	1
	6	-2	2	1.21147	37.01572	-98.19190	104.93700	78.96385	1.25823	1	1	1
	6	2	-2	1.21147	37.01572	-98.19190	104.93700	78.96385	1.25823	1	1	1
	-4	-4	-4	1.15990	-215.27841	-37.83237	218.57700	83.22783	5.05266	1	1	1
	4	4	4	1.15990	-215.27841	-37.83235	218.57700	83.22783	5.05266	1	1	1
	-4	-4	4	1.15990	-215.27841	-37.83236	218.57700	83.22783	5.05266	1	1	1
	4	-4	-4	1.15990	-215.27842	-37.83235	218.57700	83.22783	5.05266	1	1	1
	-4	4	4	1.15990	-215.27842	-37.83236	218.57700	83.22783	5.05266	1	1	1
	-4	4	-4	1.15990	-215.27842	-37.83235	218.57700	83.22783	5.05266	1	1	1
	4	-4	4	1.15990	-215.27842	-37.83236	218.57700	83.22783	5.05266	1	1	1
	4	4	-4	1.15990	-215.27841	-37.83236	218.57700	83.22783	5.05266	1	1	1
	-7	-1	-1	1.12526	-54.05584	28.36776	61.04720	86.39993	0.37671	1	1	1
	-7	1	-1	1.12526	-28.36777	-54.05586	61.04720	86.39993	0.37671	1	1	1
	-7	-1	1	1.12526	-28.36775	-54.05584	61.04720	86.39993	0.37671	1	1	1
	-5	-5	1	1.12526	-88.50162	62.00892	108.06300	86.39993	1.18040	1	1	1
	-5	-5	-1	1.12526	-62.00892	-88.50162	108.06300	86.39993	1.18040	1	1	1
	-7	1	1	1.12526	-54.05583	28.36775	61.04720	86.39993	0.37671	1	1	1
	-5	5	-1	1.12526	-88.50163	62.00894	108.06300	86.39993	1.18040	1	1	1
	-5	5	1	1.12526	-62.00893	-88.50163	108.06300	86.39993	1.18040	1	1	1
	-1	-7	-1	1.12526	-54.05584	28.36776	61.04720	86.39993	0.37671	1	1	1
	-5	1	-5	1.12526	-88.50163	62.00895	108.06300	86.39993	1.18040	1	1	1
	-5	1	5	1.12526	-62.00893	-88.50163	108.06300	86.39993	1.18040	1	1	1
	-5	-1	5	1.12526	-88.50163	62.00894	108.06300	86.39993	1.18040	1	1	1
	-5	-1	-5	1.12526	-62.00893	-88.50162	108.06300	86.39993	1.18040	1	1	1
	-1	5	-5	1.12526	-88.50163	62.00893	108.06300	86.39993	1.18040	1	1	1
	-1	5	5	1.12526	-62.00894	-88.50165	108.06300	86.39993	1.18040	1	1	1
	-1	7	-1	1.12526	-28.36775	-54.05584	61.04720	86.39993	0.37671	1	1	1
	1	-7	1	1.12526	-54.05583	28.36775	61.04720	86.39993	0.37671	1	1	1
	1	-7	-1	1.12526	-28.36777	-54.05586	61.04720	86.39993	0.37671	1	1	1
	-1	7	1	1.12526	-54.05585	28.36778	61.04720	86.39993	0.37671	1	1	1
	-1	-1	7	1.12526	-28.36778	-54.05586	61.04720	86.39993	0.37671	1	1	1
	-1	1	-7	1.12526	-28.36779	-54.05587	61.04730	86.39993	0.37671	1	1	1
	-1	1	7	1.12526	-54.05587	28.36779	61.04730	86.39993	0.37671	1	1	1
	-1	-5	5	1.12526	-88.50163	62.00894	108.06300	86.39993	1.18040	1	1	1
	-1	-1	-7	1.12526	-54.05587	28.36778	61.04730	86.39993	0.37671	1	1	1
	-1	-5	-5	1.12526	-62.00893	-88.50162	108.06300	86.39993	1.18040	1	1	1
	-1	-7	1	1.12526	-28.36775	-54.05584	61.04720	86.39993	0.37671	1	1	1
	1	-5	-5	1.12526	-88.50163	62.00895	108.06300	86.39993	1.18040	1	1	1
	1	-5	5	1.12526	-62.00893	-88.50163	108.06300	86.39993	1.18040	1	1	1
	1	-1	7	1.12526	-54.05587	28.36779	61.04730	86.39993	0.37671	1	1	1
	1	-1	-7	1.12526	-28.36779	-54.05587	61.04730	86.39993	0.37671	1	1	1
	1	5	-5	1.12526	-62.00893	-88.50163	108.06300	86.39993	1.18040	1	1	1
	1	1	7	1.12526	-28.36779	-54.05586	61.04730	86.39993	0.37671	1	1	1
	1	1	-7	1.12526	-54.05586	28.36778	61.04730	86.39993	0.37671	1	1	1
	5	-5	1	1.12526	-62.00893	-88.50163	108.06300	86.39993	1.18040	1	1	1
	5	-1	-5	1.12526	-88.50163	62.00893	108.06300	86.39993	1.18040	1	1	1
	5	-1	5	1.12526	-62.00894	-88.50165	108.06300	86.39993	1.18040	1	1	1
	1	7	1	1.12526	-28.36776	-54.05584	61.04720	86.39993	0.37671	1	1	1
	5	-5	-1	1.12526	-88.50163	62.00894	108.06300	86.39993	1.18040	1	1	1
	1	7	-1	1.12526	-54.05583	28.36776	61.04720	86.39993	0.37671	1	1	1
	1	5	5	1.12526	-88.50162	62.00892	108.06300	86.39993	1.18040	1	1	1
	5	1	-5	1.12526	-62.00893	-88.50163	108.06300	86.39993	1.18040	1	1	1
	5	1	5	1.12526	-88.50162	62.00892	108.06300	86.39993	1.18040	1	1	1
	5	5	1	1.12526	-88.50162	62.00893	108.06300	86.39993	1.18040	1	1	1
	5	5	-1	1.12526	-62.00893	-88.50161	108.06300	86.39993	1.18040	1	1	1
	7	1	-1	1.12526	-54.05583	28.36776	61.04720	86.39993	0.37671	1	1	1
	7	-1	1	1.12526	-54.05585	28.36778	61.04720	86.39993	0.37671	1	1	1
	7	-1	-1	1.12526	-28.36775	-54.05584	61.04720	86.39993	0.37671	1	1	1
	7	1	1	1.12526	-28.36776	-54.05584	61.04720	86.39993	0.37671	1	1	1
	-2	-4	6	1.07386	6.06839	0.07553	6.06886	91.66705	0.00354	1	1	1
	-2	4	-6	1.07386	6.06839	0.07555	6.06886	91.66705	0.00354	1	1	1
	-2	6	4	1.07386	6.06840	0.07554	6.06887	91.66705	0.00354	1	1	1
	-2	4	6	1.07386	6.06838	0.07553	6.06885	91.66705	0.00354	1	1	1
	2	-4	6	1.07386	6.06839	0.07552	6.06886	91.66705	0.00354	1	1	1
	2	-4	-6	1.07386	6.06838	0.07554	6.06885	91.66705	0.00354	1	1	1
	2	-6	-4	1.07386	6.06840	0.07553	6.06887	91.66705	0.00354	1	1	1
	4	-6	-2	1.07386	6.06840	0.07553	6.06887	91.66705	0.00354	1	1	1
	4	-6	2	1.07386	6.06839	0.07554	6.06886	91.66705	0.00354	1	1	1
	4	-2	-6	1.07386	6.06839	0.07555	6.06886	91.66705	0.00354	1	1	1
	2	6	4	1.07386	6.06841	0.07553	6.06888	91.66705	0.00354	1	1	1
	2	4	6	1.07386	6.06839	0.07554	6.06886	91.66705	0.00354	1	1	1
	2	4	-6	1.07386	6.06839	0.07554	6.06886	91.66705	0.00354	1	1	1
	-4	-2	6	1.07386	6.06839	0.07553	6.06886	91.66705	0.00354	1	1	1
	-4	2	-6	1.07386	6.06838	0.07554	6.06885	91.66705	0.00354	1	1	1
	-4	6	-2	1.07386	6.06839	0.07553	6.06886	91.66705	0.00354	1	1	1
	-4	2	6	1.07386	6.06839	0.07552	6.06886	91.66705	0.00354	1	1	1
	-2	-4	-6	1.07386	6.06839	0.07553	6.06886	91.66705	0.00354	1	1	1
	-2	-6	-4	1.07386	6.06841	0.07554	6.06888	91.66705	0.00354	1	1	1
	-4	6	2	1.07386	6.06840	0.07554	6.06887	91.66705	0.00354	1	1	1
	-4	-6	-2	1.07386	6.06840	0.07553	6.06887	91.66705	0.00354	1	1	1
	-4	-6	2	1.07386	6.06840	0.07552	6.06887	91.66705	0.00354	1	1	1
	-4	-2	-6	1.07386	6.06839	0.07553	6.06886	91.66705	0.00354	1	1	1
	-6	-2	-4	1.07386	6.06841	0.07554	6.06888	91.66705	0.00354	1	1	1
	-6	2	-4	1.07386	6.06840	0.07553	6.06887	91.66705	0.00354	1	1	1
	-6	-4	2	1.07386	6.06840	0.07552	6.06887	91.66705	0.00354	1	1	1
	-6	-4	-2	1.07386	6.06840	0.07553	6.06887	91.66705	0.00354	1	1	1
	4	-2	6	1.07386	6.06838	0.07553	6.06885	91.66705	0.00354	1	1	1
	4	2	-6	1.07386	6.06839	0.07554	6.06886	91.66705	0.00354	1	1	1
	4	6	-2	1.07386	6.06840	0.07555	6.06887	91.66705	0.00354	1	1	1
	4	2	6	1.07386	6.06839	0.07554	6.06886	91.66705	0.00354	1	1	1
	6	2	4	1.07386	6.06841	0.07553	6.06888	91.66705	0.00354	1	1	1
	6	-2	4	1.07386	6.06840	0.07554	6.06887	91.66705	0.00354	1	1	1
	4	6	2	1.07386	6.06840	0.07554	6.06887	91.66705	0.00354	1	1	1
	-6	4	-2	1.07386	6.06840	0.07553	6.06887	91.66705	0.00354	1	1	1
	-6	4	2	1.07386	6.06839	0.07554	6.06886	91.66705	0.00354	1	1	1
	-2	-6	4	1.07386	6.06841	0.07553	6.06888	91.66705	0.00354	1	1	1
	-6	-2	4	1.07386	6.06841	0.07553	6.06888	91.66705	0.00354	1	1	1
	-6	2	4	1.07386	6.06840	0.07554	6.06887	91.66705	0.00354	1	1	1
	6	4	2	1.07386	6.06840	0.07554	6.06887	91.66705	0.00354	1	1	1
	6	4	-2	1.07386	6.06840	0.07555	6.06887	91.66705	0.00354	1	1	1
	-2	6	-4	1.07386	6.06840	0.07553	6.06887	91.66705	0.00354	1	1	1
	2	-6	4	1.07386	6.06840	0.07554	6.06887	91.66705	0.00354	1	1	1
	6	-4	-2	1.07386	6.06839	0.07553	6.06886	91.66705	0.00354	1	1	1
	2	6	-4	1.07386	6.06841	0.07554	6.06888	91.66705	0.00354	1	1	1
	6	2	-4	1.07386	6.06841	0.07554	6.06888	91.66705	0.00354	1	1	1
	6	-2	-4	1.07386	6.06840	0.07553	6.06887	91.66705	0.00354	1	1	1
	6	-4	2	1.07386	6.06840	0.07554	6.06887	91.66705	0.00354	1	1	1
	-5	-3	-5	1.04620	71.86266	-46.40672	85.54430	94.83125	0.69098	1	1	1
	-5	-3	5	1.04620	46.40672	71.86266	85.54430	94.83125	0.69098	1	1	1
	-5	3	5	1.04620	71.86266	-46.40671	85.54430	94.83125	0.69098	1	1	1
	-5	3	-5	1.04620	46.40671	71.86266	85.54430	94.83125	0.69098	1	1	1
	-3	-5	-5	1.04620	71.86266	-46.40672	85.54430	94.83125	0.69098	1	1	1
	-5	5	3	1.04620	71.86266	-46.40671	85.54430	94.83125	0.69098	1	1	1
	-5	5	-3	1.04620	46.40671	71.86266	85.54430	94.83125	0.69098	1	1	1
	3	-5	-5	1.04620	46.40671	71.86266	85.54430	94.83125	0.69098	1	1	1
	3	-5	5	1.04620	71.86266	-46.40671	85.54430	94.83125	0.69098	1	1	1
	3	5	-5	1.04620	71.86266	-46.40672	85.54430	94.83125	0.69098	1	1	1
	-3	5	5	1.04620	71.86265	-46.40672	85.54430	94.83125	0.69098	1	1	1
	-3	5	-5	1.04620	46.40671	71.86266	85.54430	94.83125	0.69098	1	1	1
	-3	-5	5	1.04620	46.40672	71.86266	85.54430	94.83125	0.69098	1	1	1
	-5	-5	3	1.04620	46.40672	71.86266	85.54430	94.83125	0.69098	1	1	1
	-5	-5	-3	1.04620	71.86266	-46.40672	85.54430	94.83125	0.69098	1	1	1
	3	5	5	1.04620	46.40671	71.86267	85.54430	94.83125	0.69098	1	1	1
	5	-5	-3	1.04620	46.40671	71.86266	85.54430	94.83125	0.69098	1	1	1
	5	-3	-5	1.04620	46.40671	71.86266	85.54430	94.83125	0.69098	1	1	1
	5	-5	3	1.04620	71.86266	-46.40671	85.54430	94.83125	0.69098	1	1	1
	5	3	5	1.04620	46.40671	71.86267	85.54430	94.83125	0.69098	1	1	1
	5	3	-5	1.04620	71.86266	-46.40672	85.54430	94.83125	0.69098	1	1	1
	5	-3	5	1.04620	71.86265	-46.40672	85.54430	94.83125	0.69098	1	1	1
	5	5	-3	1.04620	71.86266	-46.40672	85.54430	94.83125	0.69098	1	1	1
	5	5	3	1.04620	46.40672	71.86266	85.54430	94.83125	0.69098	1	1	1
	-7	-1	-3	1.04620	19.54096	44.29975	48.41810	94.83125	0.22136	1	1	1
	-7	-1	3	1.04620	44.29975	-19.54096	48.41810	94.83125	0.22136	1	1	1
	-7	1	-3	1.04620	44.29975	-19.54095	48.41810	94.83125	0.22136	1	1	1
	-7	-3	-1	1.04620	19.54096	44.29976	48.41820	94.83125	0.22136	1	1	1
	-7	-3	1	1.04620	44.29975	-19.54096	48.41810	94.83125	0.22136	1	1	1
	-3	1	-7	1.04620	44.29977	-19.54096	48.41820	94.83125	0.22136	1	1	1
	-3	1	7	1.04620	19.54096	44.29975	48.41820	94.83125	0.22136	1	1	1
	-3	7	-1	1.04620	44.29977	-19.54097	48.41820	94.83125	0.22136	1	1	1
	-1	-7	3	1.04620	44.29975	-19.54096	48.41810	94.83125	0.22136	1	1	1
	-1	-7	-3	1.04620	19.54096	44.29975	48.41810	94.83125	0.22136	1	1	1
	-3	7	1	1.04620	19.54096	44.29975	48.41810	94.83125	0.22136	1	1	1
	-3	-7	1	1.04620	44.29975	-19.54096	48.41810	94.83125	0.22136	1	1	1
	-3	-1	-7	1.04620	19.54098	44.29979	48.41820	94.83125	0.22136	1	1	1
	-3	-1	7	1.04620	44.29978	-19.54098	48.41820	94.83125	0.22136	1	1	1
	-7	3	1	1.04620	19.54098	44.29977	48.41820	94.83125	0.22136	1	1	1
	-3	-7	-1	1.04620	19.54096	44.29976	48.41820	94.83125	0.22136	1	1	1
	-7	3	-1	1.04620	44.29975	-19.54096	48.41810	94.83125	0.22136	1	1	1
	-7	1	3	1.04620	19.54097	44.29977	48.41820	94.83125	0.22136	1	1	1
	1	7	3	1.04620	44.29976	-19.54095	48.41810	94.83125	0.22136	1	1	1
	3	-7	-1	1.04620	44.29975	-19.54096	48.41810	94.83125	0.22136	1	1	1
	3	-1	-7	1.04620	44.29976	-19.54096	48.41820	94.83125	0.22136	1	1	1
	3	-7	1	1.04620	19.54098	44.29977	48.41820	94.83125	0.22136	1	1	1
	3	1	7	1.04620	44.29977	-19.54099	48.41820	94.83125	0.22136	1	1	1
	3	1	-7	1.04620	19.54098	44.29977	48.41820	94.83125	0.22136	1	1	1
	3	-1	7	1.04620	19.54097	44.29976	48.41820	94.83125	0.22136	1	1	1
	7	-3	1	1.04620	19.54096	44.29975	48.41810	94.83125	0.22136	1	1	1
	7	-1	-3	1.04620	44.29976	-19.54097	48.41820	94.83125	0.22136	1	1	1
	7	-1	3	1.04620	19.54095	44.29975	48.41810	94.83125	0.22136	1	1	1
	7	-3	-1	1.04620	44.29977	-19.54097	48.41820	94.83125	0.22136	1	1	1
	3	7	1	1.04620	44.29975	-19.54096	48.41820	94.83125	0.22136	1	1	1
	3	7	-1	1.04620	19.54095	44.29976	48.41820	94.83125	0.22136	1	1	1
	1	-7	3	1.04620	19.54097	44.29977	48.41820	94.83125	0.22136	1	1	1
	1	-3	-7	1.04620	44.29977	-19.54096	48.41820	94.83125	0.22136	1	1	1
	1	-3	7	1.04620	19.54096	44.29975	48.41820	94.83125	0.22136	1	1	1
	1	7	-3	1.04620	19.54096	44.29975	48.41810	94.83125	0.22136	1	1	1
	1	3	7	1.04620	44.29977	-19.54099	48.41820	94.83125	0.22136	1	1	1
	1	3	-7	1.04620	19.54098	44.29977	48.41820	94.83125	0.22136	1	1	1
	-1	7	-3	1.04620	44.29976	-19.54097	48.41820	94.83125	0.22136	1	1	1
	-1	7	3	1.04620	19.54095	44.29975	48.41810	94.83125	0.22136	1	1	1
	1	-7	-3	1.04620	44.29975	-19.54095	48.41810	94.83125	0.22136	1	1	1
	-1	3	-7	1.04620	44.29976	-19.54096	48.41820	94.83125	0.22136	1	1	1
	-1	3	7	1.04620	19.54097	44.29976	48.41820	94.83125	0.22136	1	1	1
	-1	-3	7	1.04620	44.29978	-19.54098	48.41820	94.83125	0.22136	1	1	1
	-1	-3	-7	1.04620	19.54098	44.29979	48.41820	94.83125	0.22136	1	1	1
	7	1	-3	1.04620	19.54096	44.29975	48.41810	94.83125	0.22136	1	1	1
	7	1	3	1.04620	44.29976	-19.54095	48.41810	94.83125	0.22136	1	1	1
	7	3	1	1.04620	44.29975	-19.54096	48.41820	94.83125	0.22136	1	1	1
	7	3	-1	1.04620	19.54095	44.29976	48.41820	94.83125	0.22136	1	1	1
	-8	0	0	1.00450	172.18208	35.50164	175.80400	100.14293	2.90379	1	1	1
	0	-8	0	1.00450	172.18208	35.50164	175.80400	100.14293	2.90379	1	1	1
	0	0	-8	1.00450	172.18208	35.50164	175.80400	100.14293	2.90379	1	1	1
	0	0	8	1.00450	172.18208	35.50163	175.80400	100.14293	2.90379	1	1	1
	0	8	0	1.00450	172.18208	35.50163	175.80400	100.14293	2.90379	1	1	1
	8	0	0	1.00450	172.18208	35.50163	175.80400	100.14293	2.90379	1	1	1
	-7	3	3	0.98175	-34.80038	10.97337	36.48950	103.36975	0.12640	1	1	1
	-3	-7	-3	0.98175	-34.80038	10.97337	36.48950	103.36975	0.12640	1	1	1
	-3	-7	3	0.98175	-10.97337	-34.80038	36.48950	103.36975	0.12640	1	1	1
	-7	3	-3	0.98175	-10.97338	-34.80038	36.48950	103.36975	0.12640	1	1	1
	-7	-3	3	0.98175	-10.97337	-34.80038	36.48950	103.36975	0.12640	1	1	1
	-7	-3	-3	0.98175	-34.80038	10.97337	36.48950	103.36975	0.12640	1	1	1
	-3	-3	-7	0.98175	-34.80038	10.97337	36.48950	103.36975	0.12640	1	1	1
	-3	-3	7	0.98175	-10.97337	-34.80038	36.48950	103.36975	0.12640	1	1	1
	-3	3	7	0.98175	-34.80038	10.97338	36.48950	103.36975	0.12640	1	1	1
	-3	3	-7	0.98175	-10.97338	-34.80038	36.48950	103.36975	0.12640	1	1	1
	3	-7	-3	0.98175	-10.97338	-34.80038	36.48950	103.36975	0.12640	1	1	1
	-3	7	3	0.98175	-34.80038	10.97338	36.48950	103.36975	0.12640	1	1	1
	-3	7	-3	0.98175	-10.97337	-34.80038	36.48950	103.36975	0.12640	1	1	1
	3	3	7	0.98175	-10.97338	-34.80038	36.48950	103.36975	0.12640	1	1	1
	3	7	-3	0.98175	-34.80038	10.97337	36.48950	103.36975	0.12640	1	1	1
	3	7	3	0.98175	-10.97338	-34.80038	36.48950	103.36975	0.12640	1	1	1
	3	-3	7	0.98175	-34.80038	10.97338	36.48950	103.36975	0.12640	1	1	1
	3	3	-7	0.98175	-34.80038	10.97337	36.48950	103.36975	0.12640	1	1	1
	3	-3	-7	0.98175	-10.97338	-34.80038	36.48950	103.36975	0.12640	1	1	1
	3	-7	3	0.98175	-34.80038	10.97337	36.48950	103.36975	0.12640	1	1	1
	7	-3	-3	0.98175	-10.97337	-34.80038	36.48950	103.36975	0.12640	1	1	1
	7	-3	3	0.98175	-34.80038	10.97338	36.48950	103.36975	0.12640	1	1	1
	7	3	3	0.98175	-10.97338	-34.80038	36.48950	103.36975	0.12640	1	1	1
	7	3	-3	0.98175	-34.80038	10.97337	36.48950	103.36975	0.12640	1	1	1
	-6	-4	-4	0.97451	-0.08856	6.40964	6.41025	104.45449	0.00392	1	1	1
	6	4	4	0.97451	0.08857	-6.40964	6.41025	104.45449	0.00392	1	1	1
	-6	4	4	0.97451	-0.08857	6.40963	6.41025	104.45449	0.00392	1	1	1
	-6	4	-4	0.97451	0.08857	-6.40963	6.41024	104.45449	0.00392	1	1	1
	-6	-4	4	0.97451	0.08856	-6.40963	6.41025	104.45449	0.00392	1	1	1
	-4	-4	6	0.97451	0.08857	-6.40964	6.41025	104.45449	0.00392	1	1	1
	-4	4	-6	0.97451	0.08857	-6.40964	6.41025	104.45449	0.00392	1	1	1
	-4	4	6	0.97451	-0.08857	6.40964	6.41025	104.45449	0.00392	1	1	1
	-4	-4	-6	0.97451	-0.08856	6.40966	6.41027	104.45449	0.00392	1	1	1
	-4	-6	4	0.97451	0.08856	-6.40963	6.41025	104.45449	0.00392	1	1	1
	-4	-6	-4	0.97451	-0.08856	6.40964	6.41025	104.45449	0.00392	1	1	1
	-4	6	-4	0.97451	0.08857	-6.40963	6.41025	104.45449	0.00392	1	1	1
	-4	6	4	0.97451	-0.08856	6.40963	6.41024	104.45449	0.00392	1	1	1
	4	-6	4	0.97451	-0.08857	6.40963	6.41025	104.45449	0.00392	1	1	1
	4	-6	-4	0.97451	0.08857	-6.40963	6.41024	104.45449	0.00392	1	1	1
	4	4	-6	0.97451	-0.08857	6.40964	6.41025	104.45449	0.00392	1	1	1
	4	-4	6	0.97451	-0.08857	6.40964	6.41025	104.45449	0.00392	1	1	1
	4	-4	-6	0.97451	0.08857	-6.40964	6.41025	104.45449	0.00392	1	1	1
	4	4	6	0.97451	0.08857	-6.40966	6.41027	104.45449	0.00392	1	1	1
	4	6	-4	0.97451	-0.08857	6.40963	6.41025	104.45449	0.00392	1	1	1
	6	-4	-4	0.97451	0.08857	-6.40963	6.41025	104.45449	0.00392	1	1	1
	4	6	4	0.97451	0.08857	-6.40964	6.41025	104.45449	0.00392	1	1	1
	6	-4	4	0.97451	-0.08856	6.40963	6.41024	104.45449	0.00392	1	1	1
	6	4	-4	0.97451	-0.08857	6.40963	6.41025	104.45449	0.00392	1	1	1
	-8	-2	2	0.94705	1.37512	0.01957	1.37525	108.85156	0.00019	1	1	1
	-8	2	-2	0.94705	1.37511	0.01957	1.37525	108.85156	0.00019	1	1	1
	-8	2	2	0.94705	1.37511	0.01957	1.37525	108.85156	0.00019	1	1	1
	-8	-2	-2	0.94705	1.37510	0.01958	1.37524	108.85156	0.00019	1	1	1
	-2	-8	-2	0.94705	1.37510	0.01958	1.37524	108.85156	0.00019	1	1	1
	-2	-8	2	0.94705	1.37512	0.01957	1.37525	108.85156	0.00019	1	1	1
	-2	-2	8	0.94705	1.37510	0.01956	1.37524	108.85156	0.00019	1	1	1
	-2	-2	-8	0.94705	1.37510	0.01956	1.37524	108.85156	0.00019	1	1	1
	-2	8	-2	0.94705	1.37511	0.01957	1.37525	108.85156	0.00019	1	1	1
	-2	2	8	0.94705	1.37511	0.01957	1.37525	108.85156	0.00019	1	1	1
	-2	2	-8	0.94705	1.37511	0.01957	1.37525	108.85156	0.00019	1	1	1
	2	-2	8	0.94705	1.37511	0.01957	1.37525	108.85156	0.00019	1	1	1
	2	2	-8	0.94705	1.37510	0.01957	1.37524	108.85156	0.00019	1	1	1
	2	2	8	0.94705	1.37510	0.01958	1.37524	108.85156	0.00019	1	1	1
	2	-8	2	0.94705	1.37511	0.01957	1.37525	108.85156	0.00019	1	1	1
	2	-2	-8	0.94705	1.37511	0.01957	1.37525	108.85156	0.00019	1	1	1
	2	-8	-2	0.94705	1.37511	0.01957	1.37525	108.85156	0.00019	1	1	1
	-2	8	2	0.94705	1.37511	0.01957	1.37525	108.85156	0.00019	1	1	1
	2	8	-2	0.94705	1.37512	0.01957	1.37525	108.85156	0.00019	1	1	1
	2	8	2	0.94705	1.37510	0.01956	1.37524	108.85156	0.00019	1	1	1
	8	-2	2	0.94705	1.37511	0.01957	1.37525	108.85156	0.00019	1	1	1
	8	-2	-2	0.94705	1.37511	0.01957	1.37525	108.85156	0.00019	1	1	1
	8	2	-2	0.94705	1.37512	0.01957	1.37525	108.85156	0.00019	1	1	1
	8	2	2	0.94705	1.37510	0.01956	1.37524	108.85156	0.00019	1	1	1
	-6	0	-6	0.94705	15.33390	0.21823	15.33550	108.85156	0.02321	1	1	1
	-6	0	6	0.94705	15.33391	0.21823	15.33550	108.85156	0.02321	1	1	1
	-6	6	0	0.94705	15.33391	0.21823	15.33550	108.85156	0.02321	1	1	1
	0	6	-6	0.94705	15.33391	0.21823	15.33550	108.85156	0.02321	1	1	1
	0	-6	6	0.94705	15.33391	0.21823	15.33550	108.85156	0.02321	1	1	1
	0	-6	-6	0.94705	15.33390	0.21823	15.33550	108.85156	0.02321	1	1	1
	-6	-6	0	0.94705	15.33390	0.21823	15.33550	108.85156	0.02321	1	1	1
	0	6	6	0.94705	15.33390	0.21823	15.33550	108.85156	0.02321	1	1	1
	6	-6	0	0.94705	15.33391	0.21823	15.33550	108.85156	0.02321	1	1	1
	6	0	6	0.94705	15.33390	0.21823	15.33550	108.85156	0.02321	1	1	1
	6	0	-6	0.94705	15.33391	0.21823	15.33550	108.85156	0.02321	1	1	1
	6	6	0	0.94705	15.33390	0.21823	15.33550	108.85156	0.02321	1	1	1
	-5	-5	-5	0.92792	49.96919	74.25995	89.50680	112.22516	0.81974	1	1	1
	-5	-5	5	0.92792	74.25999	-49.96922	89.50680	112.22516	0.81974	1	1	1
	-5	5	-5	0.92792	74.25998	-49.96921	89.50680	112.22516	0.81974	1	1	1
	-5	5	5	0.92792	49.96921	74.25998	89.50680	112.22516	0.81974	1	1	1
	5	-5	5	0.92792	49.96921	74.25998	89.50680	112.22516	0.81974	1	1	1
	5	-5	-5	0.92792	74.25998	-49.96921	89.50680	112.22516	0.81974	1	1	1
	5	5	-5	0.92792	49.96921	74.26000	89.50680	112.22516	0.81974	1	1	1
	5	5	5	0.92792	74.25996	-49.96918	89.50680	112.22516	0.81974	1	1	1
	-7	-5	-1	0.92792	49.45132	-25.87111	55.80990	112.22516	0.31870	1	1	1
	-7	1	-5	0.92792	25.87112	49.45135	55.81000	112.22516	0.31870	1	1	1
	-7	1	5	0.92792	49.45135	-25.87112	55.80990	112.22516	0.31870	1	1	1
	-7	5	-1	0.92792	25.87112	49.45135	55.81000	112.22516	0.31870	1	1	1
	-7	-1	5	0.92792	25.87112	49.45135	55.81000	112.22516	0.31870	1	1	1
	-7	-1	-5	0.92792	49.45136	-25.87113	55.81000	112.22516	0.31870	1	1	1
	-7	-5	1	0.92792	25.87110	49.45134	55.80990	112.22516	0.31870	1	1	1
	-7	5	1	0.92792	49.45134	-25.87112	55.80990	112.22516	0.31870	1	1	1
	-5	-7	-1	0.92792	49.45132	-25.87111	55.80990	112.22516	0.31870	1	1	1
	-5	-1	-7	0.92792	49.45135	-25.87113	55.81000	112.22516	0.31870	1	1	1
	-5	-7	1	0.92792	25.87110	49.45134	55.80990	112.22516	0.31870	1	1	1
	-5	1	7	0.92792	49.45135	-25.87113	55.81000	112.22516	0.31870	1	1	1
	-5	1	-7	0.92792	25.87112	49.45135	55.81000	112.22516	0.31870	1	1	1
	-5	-1	7	0.92792	25.87111	49.45134	55.80990	112.22516	0.31870	1	1	1
	-1	-5	-7	0.92792	49.45135	-25.87113	55.81000	112.22516	0.31870	1	1	1
	-1	-5	7	0.92792	25.87111	49.45134	55.80990	112.22516	0.31870	1	1	1
	-1	5	-7	0.92792	25.87112	49.45136	55.81000	112.22516	0.31870	1	1	1
	-1	-7	-5	0.92792	49.45136	-25.87113	55.81000	112.22516	0.31870	1	1	1
	-1	-7	5	0.92792	25.87112	49.45135	55.81000	112.22516	0.31870	1	1	1
	-5	7	1	0.92792	49.45135	-25.87113	55.81000	112.22516	0.31870	1	1	1
	-5	7	-1	0.92792	25.87111	49.45135	55.81000	112.22516	0.31870	1	1	1
	1	5	-7	0.92792	49.45134	-25.87111	55.80990	112.22516	0.31870	1	1	1
	1	5	7	0.92792	25.87112	49.45136	55.81000	112.22516	0.31870	1	1	1
	1	7	-5	0.92792	49.45135	-25.87112	55.81000	112.22516	0.31870	1	1	1
	5	-7	1	0.92792	49.45134	-25.87112	55.80990	112.22516	0.31870	1	1	1
	5	-7	-1	0.92792	25.87112	49.45135	55.81000	112.22516	0.31870	1	1	1
	1	7	5	0.92792	25.87113	49.45136	55.81000	112.22516	0.31870	1	1	1
	1	-7	5	0.92792	49.45135	-25.87112	55.80990	112.22516	0.31870	1	1	1
	1	-5	-7	0.92792	25.87112	49.45135	55.81000	112.22516	0.31870	1	1	1
	1	-5	7	0.92792	49.45135	-25.87113	55.81000	112.22516	0.31870	1	1	1
	-1	7	5	0.92792	49.45135	-25.87112	55.81000	112.22516	0.31870	1	1	1
	1	-7	-5	0.92792	25.87112	49.45135	55.81000	112.22516	0.31870	1	1	1
	-1	7	-5	0.92792	25.87112	49.45135	55.80990	112.22516	0.31870	1	1	1
	-1	5	7	0.92792	49.45135	-25.87112	55.81000	112.22516	0.31870	1	1	1
	5	-1	-7	0.92792	25.87112	49.45136	55.81000	112.22516	0.31870	1	1	1
	5	-1	7	0.92792	49.45135	-25.87112	55.81000	112.22516	0.31870	1	1	1
	5	1	7	0.92792	25.87112	49.45136	55.81000	112.22516	0.31870	1	1	1
	5	1	-7	0.92792	49.45134	-25.87111	55.80990	112.22516	0.31870	1	1	1
	7	-5	-1	0.92792	25.87111	49.45135	55.81000	112.22516	0.31870	1	1	1
	5	7	1	0.92792	25.87109	49.45134	55.80990	112.22516	0.31870	1	1	1
	5	7	-1	0.92792	49.45133	-25.87111	55.80990	112.22516	0.31870	1	1	1
	7	1	-5	0.92792	49.45135	-25.87112	55.81000	112.22516	0.31870	1	1	1
	7	1	5	0.92792	25.87113	49.45136	55.81000	112.22516	0.31870	1	1	1
	7	5	-1	0.92792	49.45133	-25.87111	55.80990	112.22516	0.31870	1	1	1
	7	-1	5	0.92792	49.45135	-25.87112	55.81000	112.22516	0.31870	1	1	1
	7	-1	-5	0.92792	25.87112	49.45135	55.80990	112.22516	0.31870	1	1	1
	7	-5	1	0.92792	49.45135	-25.87113	55.81000	112.22516	0.31870	1	1	1
	7	5	1	0.92792	25.87109	49.45134	55.80990	112.22516	0.31870	1	1	1
	-6	-6	-2	0.92179	-32.78865	76.05387	82.82080	113.36730	0.71184	1	1	1
	-6	-2	-6	0.92179	-32.78865	76.05390	82.82080	113.36730	0.71184	1	1	1
	-6	-6	2	0.92179	32.78863	-76.05389	82.82080	113.36730	0.71184	1	1	1
	-6	2	6	0.92179	-32.78864	76.05389	82.82080	113.36730	0.71184	1	1	1
	-6	2	-6	0.92179	32.78865	-76.05388	82.82080	113.36730	0.71184	1	1	1
	-6	-2	6	0.92179	32.78864	-76.05389	82.82080	113.36730	0.71184	1	1	1
	-2	-6	6	0.92179	32.78864	-76.05389	82.82080	113.36730	0.71184	1	1	1
	-2	6	-6	0.92179	32.78865	-76.05389	82.82080	113.36730	0.71184	1	1	1
	-2	6	6	0.92179	-32.78864	76.05388	82.82080	113.36730	0.71184	1	1	1
	-2	-6	-6	0.92179	-32.78865	76.05390	82.82080	113.36730	0.71184	1	1	1
	-6	6	2	0.92179	-32.78864	76.05389	82.82080	113.36730	0.71184	1	1	1
	-6	6	-2	0.92179	32.78865	-76.05389	82.82080	113.36730	0.71184	1	1	1
	2	-6	-6	0.92179	32.78865	-76.05388	82.82080	113.36730	0.71184	1	1	1
	2	-6	6	0.92179	-32.78864	76.05389	82.82080	113.36730	0.71184	1	1	1
	2	6	6	0.92179	32.78865	-76.05390	82.82080	113.36730	0.71184	1	1	1
	2	6	-6	0.92179	-32.78865	76.05388	82.82080	113.36730	0.71184	1	1	1
	6	-2	-6	0.92179	32.78865	-76.05389	82.82080	113.36730	0.71184	1	1	1
	6	-6	2	0.92179	-32.78864	76.05389	82.82080	113.36730	0.71184	1	1	1
	6	-6	-2	0.92179	32.78865	-76.05389	82.82080	113.36730	0.71184	1	1	1
	6	-2	6	0.92179	-32.78864	76.05388	82.82080	113.36730	0.71184	1	1	1
	6	2	-6	0.92179	-32.78865	76.05388	82.82080	113.36730	0.71184	1	1	1
	6	6	-2	0.92179	-32.78866	76.05389	82.82080	113.36730	0.71184	1	1	1
	6	2	6	0.92179	32.78865	-76.05390	82.82080	113.36730	0.71184	1	1	1
	6	6	2	0.92179	32.78864	-76.05387	82.82080	113.36730	0.71184	1	1	1
	-8	0	4	0.89845	-142.91433	-33.33139	146.75000	118.04277	2.39036	1	1	1
	-8	4	0	0.89845	-142.91433	-33.33139	146.75000	118.04277	2.39036	1	1	1
	-4	-8	0	0.89845	-142.91433	-33.33139	146.75000	118.04277	2.39036	1	1	1
	-8	0	-4	0.89845	-142.91433	-33.33139	146.75000	118.04277	2.39036	1	1	1
	-8	-4	0	0.89845	-142.91433	-33.33139	146.75000	118.04277	2.39036	1	1	1
	-4	0	-8	0.89845	-142.91433	-33.33139	146.75000	118.04277	2.39036	1	1	1
	-4	0	8	0.89845	-142.91433	-33.33139	146.75000	118.04277	2.39036	1	1	1
	0	-8	-4	0.89845	-142.91433	-33.33139	146.75000	118.04277	2.39036	1	1	1
	-4	8	0	0.89845	-142.91433	-33.33139	146.75000	118.04277	2.39036	1	1	1
	0	-4	8	0.89845	-142.91433	-33.33139	146.75000	118.04277	2.39036	1	1	1
	0	-4	-8	0.89845	-142.91433	-33.33139	146.75000	118.04277	2.39036	1	1	1
	0	-8	4	0.89845	-142.91433	-33.33139	146.75000	118.04277	2.39036	1	1	1
	4	-8	0	0.89845	-142.91433	-33.33139	146.75000	118.04277	2.39036	1	1	1
	4	0	-8	0.89845	-142.91433	-33.33139	146.75000	118.04277	2.39036	1	1	1
	4	0	8	0.89845	-142.91433	-33.33139	146.75000	118.04277	2.39036	1	1	1
	0	8	-4	0.89845	-142.91433	-33.33139	146.75000	118.04277	2.39036	1	1	1
	0	8	4	0.89845	-142.91433	-33.33139	146.75000	118.04277	2.39036	1	1	1
	0	4	8	0.89845	-142.91433	-33.33139	146.75000	118.04277	2.39036	1	1	1
	0	4	-8	0.89845	-142.91433	-33.33139	146.75000	118.04277	2.39036	1	1	1
	4	8	0	0.89845	-142.91433	-33.33139	146.75000	118.04277	2.39036	1	1	1
	8	-4	0	0.89845	-142.91433	-33.33139	146.75000	118.04277	2.39036	1	1	1
	8	0	4	0.89845	-142.91433	-33.33139	146.75000	118.04277	2.39036	1	1	1
	8	0	-4	0.89845	-142.91433	-33.33139	146.75000	118.04277	2.39036	1	1	1
	8	4	0	0.89845	-142.91433	-33.33139	146.75000	118.04277	2.39036	1	1	1
	-9	1	-1	0.88207	-63.92843	40.53553	75.69660	121.68578	0.67674	1	1	1
	-9	1	1	0.88207	-40.53553	-63.92843	75.69660	121.68578	0.67674	1	1	1
	-1	-9	-1	0.88207	-40.53556	-63.92845	75.69660	121.68578	0.67674	1	1	1
	-9	-1	-1	0.88207	-40.53556	-63.92845	75.69660	121.68578	0.67674	1	1	1
	-9	-1	1	0.88207	-63.92843	40.53553	75.69660	121.68578	0.67674	1	1	1
	1	-9	-1	0.88207	-63.92843	40.53553	75.69660	121.68578	0.67674	1	1	1
	1	-9	1	0.88207	-40.53553	-63.92843	75.69660	121.68578	0.67674	1	1	1
	1	-1	-9	0.88207	-63.92844	40.53555	75.69660	121.68578	0.67674	1	1	1
	1	1	9	0.88207	-63.92843	40.53554	75.69660	121.68578	0.67674	1	1	1
	1	1	-9	0.88207	-40.53554	-63.92845	75.69660	121.68578	0.67674	1	1	1
	1	-1	9	0.88207	-40.53555	-63.92844	75.69660	121.68578	0.67674	1	1	1
	-1	1	9	0.88207	-40.53555	-63.92844	75.69660	121.68578	0.67674	1	1	1
	-1	9	-1	0.88207	-63.92843	40.53554	75.69660	121.68578	0.67674	1	1	1
	-1	9	1	0.88207	-40.53553	-63.92843	75.69660	121.68578	0.67674	1	1	1
	-1	-1	9	0.88207	-63.92844	40.53555	75.69660	121.68578	0.67674	1	1	1
	-1	1	-9	0.88207	-63.92844	40.53555	75.69660	121.68578	0.67674	1	1	1
	-1	-1	-9	0.88207	-40.53554	-63.92843	75.69660	121.68578	0.67674	1	1	1
	-1	-9	1	0.88207	-63.92843	40.53553	75.69660	121.68578	0.67674	1	1	1
	1	9	-1	0.88207	-40.53554	-63.92842	75.69660	121.68578	0.67674	1	1	1
	1	9	1	0.88207	-63.92845	40.53556	75.69660	121.68578	0.67674	1	1	1
	9	-1	1	0.88207	-40.53553	-63.92843	75.69660	121.68578	0.67674	1	1	1
	9	-1	-1	0.88207	-63.92843	40.53554	75.69660	121.68578	0.67674	1	1	1
	9	1	-1	0.88207	-40.53554	-63.92842	75.69660	121.68578	0.67674	1	1	1
	9	1	1	0.88207	-63.92845	40.53556	75.69660	121.68578	0.67674	1	1	1
	-5	-7	-3	0.88207	-20.75646	-43.53605	48.23090	121.68578	0.27474	1	1	1
	-5	-7	3	0.88207	-43.53603	20.75645	48.23090	121.68578	0.27474	1	1	1
	-5	-3	7	0.88207	-43.53605	20.75647	48.23090	121.68578	0.27474	1	1	1
	-5	-3	-7	0.88207	-20.75647	-43.53607	48.23090	121.68578	0.27474	1	1	1
	-5	7	-3	0.88207	-43.53605	20.75647	48.23090	121.68578	0.27474	1	1	1
	-5	3	7	0.88207	-20.75646	-43.53604	48.23090	121.68578	0.27474	1	1	1
	-5	3	-7	0.88207	-43.53605	20.75647	48.23090	121.68578	0.27474	1	1	1
	-3	-5	-7	0.88207	-20.75647	-43.53607	48.23090	121.68578	0.27474	1	1	1
	-3	-5	7	0.88207	-43.53605	20.75647	48.23090	121.68578	0.27474	1	1	1
	-3	5	7	0.88207	-20.75646	-43.53606	48.23090	121.68578	0.27474	1	1	1
	-3	-7	5	0.88207	-43.53605	20.75647	48.23090	121.68578	0.27474	1	1	1
	-3	-7	-5	0.88207	-20.75648	-43.53607	48.23090	121.68578	0.27474	1	1	1
	-5	7	3	0.88207	-20.75646	-43.53605	48.23090	121.68578	0.27474	1	1	1
	-7	-5	3	0.88207	-43.53603	20.75645	48.23090	121.68578	0.27474	1	1	1
	-7	-3	-5	0.88207	-20.75648	-43.53607	48.23090	121.68578	0.27474	1	1	1
	-7	3	-5	0.88207	-43.53605	20.75648	48.23090	121.68578	0.27474	1	1	1
	-7	-3	5	0.88207	-43.53605	20.75647	48.23090	121.68578	0.27474	1	1	1
	-7	5	3	0.88207	-20.75646	-43.53606	48.23090	121.68578	0.27474	1	1	1
	-7	5	-3	0.88207	-43.53605	20.75646	48.23090	121.68578	0.27474	1	1	1
	-7	3	5	0.88207	-20.75647	-43.53606	48.23090	121.68578	0.27474	1	1	1
	-7	-5	-3	0.88207	-20.75646	-43.53605	48.23090	121.68578	0.27474	1	1	1
	-3	5	-7	0.88207	-43.53605	20.75645	48.23090	121.68578	0.27474	1	1	1
	-3	7	-5	0.88207	-43.53605	20.75647	48.23090	121.68578	0.27474	1	1	1
	3	-7	-5	0.88207	-43.53605	20.75648	48.23090	121.68578	0.27474	1	1	1
	-3	7	5	0.88207	-20.75646	-43.53607	48.23090	121.68578	0.27474	1	1	1
	3	-5	7	0.88207	-20.75646	-43.53604	48.23090	121.68578	0.27474	1	1	1
	3	-5	-7	0.88207	-43.53605	20.75647	48.23090	121.68578	0.27474	1	1	1
	3	-7	5	0.88207	-20.75647	-43.53606	48.23090	121.68578	0.27474	1	1	1
	5	-7	-3	0.88207	-43.53605	20.75646	48.23090	121.68578	0.27474	1	1	1
	5	-7	3	0.88207	-20.75646	-43.53606	48.23090	121.68578	0.27474	1	1	1
	5	-3	-7	0.88207	-43.53605	20.75645	48.23090	121.68578	0.27474	1	1	1
	3	7	5	0.88207	-43.53607	20.75648	48.23090	121.68578	0.27474	1	1	1
	3	5	7	0.88207	-43.53606	20.75648	48.23090	121.68578	0.27474	1	1	1
	3	7	-5	0.88207	-20.75646	-43.53606	48.23090	121.68578	0.27474	1	1	1
	3	5	-7	0.88207	-20.75646	-43.53605	48.23090	121.68578	0.27474	1	1	1
	7	-3	-5	0.88207	-43.53605	20.75647	48.23090	121.68578	0.27474	1	1	1
	7	-3	5	0.88207	-20.75646	-43.53607	48.23090	121.68578	0.27474	1	1	1
	7	3	-5	0.88207	-20.75646	-43.53606	48.23090	121.68578	0.27474	1	1	1
	7	5	3	0.88207	-43.53605	20.75646	48.23090	121.68578	0.27474	1	1	1
	7	5	-3	0.88207	-20.75644	-43.53604	48.23090	121.68578	0.27474	1	1	1
	7	3	5	0.88207	-43.53607	20.75648	48.23090	121.68578	0.27474	1	1	1
	5	7	3	0.88207	-43.53605	20.75646	48.23090	121.68578	0.27474	1	1	1
	7	-5	-3	0.88207	-43.53605	20.75647	48.23090	121.68578	0.27474	1	1	1
	7	-5	3	0.88207	-20.75646	-43.53605	48.23090	121.68578	0.27474	1	1	1
	5	3	7	0.88207	-43.53606	20.75648	48.23090	121.68578	0.27474	1	1	1
	5	7	-3	0.88207	-20.75644	-43.53604	48.23090	121.68578	0.27474	1	1	1
	5	3	-7	0.88207	-20.75646	-43.53605	48.23090	121.68578	0.27474	1	1	1
	5	-3	7	0.88207	-20.75646	-43.53606	48.23090	121.68578	0.27474	1	1	1
	-4	2	-8	0.87680	0.17974	-11.70587	11.70730	122.93157	0.01656	1	1	1
	-4	8	-2	0.87680	0.17973	-11.70586	11.70720	122.93157	0.01656	1	1	1
	-2	-8	-4	0.87680	-0.17974	11.70587	11.70730	122.93157	0.01656	1	1	1
	-4	8	2	0.87680	-0.17974	11.70585	11.70720	122.93157	0.01656	1	1	1
	-2	-4	8	0.87680	0.17974	-11.70587	11.70720	122.93157	0.01656	1	1	1
	-2	-4	-8	0.87680	-0.17973	11.70588	11.70730	122.93157	0.01656	1	1	1
	-2	-8	4	0.87680	0.17974	-11.70587	11.70720	122.93157	0.01656	1	1	1
	-2	8	4	0.87680	-0.17973	11.70587	11.70730	122.93157	0.01656	1	1	1
	2	-8	-4	0.87680	0.17974	-11.70587	11.70730	122.93157	0.01656	1	1	1
	2	-8	4	0.87680	-0.17974	11.70586	11.70720	122.93157	0.01656	1	1	1
	-2	8	-4	0.87680	0.17974	-11.70586	11.70720	122.93157	0.01656	1	1	1
	-2	4	8	0.87680	-0.17973	11.70587	11.70730	122.93157	0.01656	1	1	1
	-2	4	-8	0.87680	0.17974	-11.70587	11.70730	122.93157	0.01656	1	1	1
	-8	4	2	0.87680	-0.17974	11.70586	11.70720	122.93157	0.01656	1	1	1
	-4	-8	-2	0.87680	-0.17973	11.70584	11.70720	122.93157	0.01656	1	1	1
	-4	-8	2	0.87680	0.17975	-11.70586	11.70720	122.93157	0.01656	1	1	1
	-4	2	8	0.87680	-0.17974	11.70587	11.70730	122.93157	0.01656	1	1	1
	-4	-2	8	0.87680	0.17974	-11.70587	11.70720	122.93157	0.01656	1	1	1
	-4	-2	-8	0.87680	-0.17973	11.70588	11.70730	122.93157	0.01656	1	1	1
	-8	2	4	0.87680	-0.17974	11.70586	11.70720	122.93157	0.01656	1	1	1
	-8	2	-4	0.87680	0.17974	-11.70587	11.70730	122.93157	0.01656	1	1	1
	-8	4	-2	0.87680	0.17974	-11.70585	11.70720	122.93157	0.01656	1	1	1
	-8	-2	-4	0.87680	-0.17974	11.70587	11.70730	122.93157	0.01656	1	1	1
	-8	-2	4	0.87680	0.17974	-11.70587	11.70720	122.93157	0.01656	1	1	1
	-8	-4	2	0.87680	0.17975	-11.70586	11.70720	122.93157	0.01656	1	1	1
	-8	-4	-2	0.87680	-0.17973	11.70584	11.70720	122.93157	0.01656	1	1	1
	2	-4	-8	0.87680	0.17974	-11.70587	11.70730	122.93157	0.01656	1	1	1
	2	-4	8	0.87680	-0.17974	11.70587	11.70730	122.93157	0.01656	1	1	1
	2	4	8	0.87680	0.17974	-11.70588	11.70730	122.93157	0.01656	1	1	1
	2	4	-8	0.87680	-0.17974	11.70587	11.70720	122.93157	0.01656	1	1	1
	4	-8	2	0.87680	-0.17974	11.70586	11.70720	122.93157	0.01656	1	1	1
	2	8	4	0.87680	0.17973	-11.70587	11.70730	122.93157	0.01656	1	1	1
	2	8	-4	0.87680	-0.17973	11.70587	11.70720	122.93157	0.01656	1	1	1
	4	2	8	0.87680	0.17974	-11.70588	11.70730	122.93157	0.01656	1	1	1
	4	8	-2	0.87680	-0.17972	11.70586	11.70720	122.93157	0.01656	1	1	1
	4	8	2	0.87680	0.17974	-11.70584	11.70720	122.93157	0.01656	1	1	1
	4	-2	8	0.87680	-0.17973	11.70587	11.70730	122.93157	0.01656	1	1	1
	4	2	-8	0.87680	-0.17974	11.70587	11.70720	122.93157	0.01656	1	1	1
	4	-2	-8	0.87680	0.17974	-11.70587	11.70730	122.93157	0.01656	1	1	1
	4	-8	-2	0.87680	0.17974	-11.70585	11.70720	122.93157	0.01656	1	1	1
	8	-4	-2	0.87680	0.17973	-11.70586	11.70720	122.93157	0.01656	1	1	1
	8	-4	2	0.87680	-0.17974	11.70585	11.70720	122.93157	0.01656	1	1	1
	8	-2	4	0.87680	-0.17973	11.70587	11.70730	122.93157	0.01656	1	1	1
	8	-2	-4	0.87680	0.17974	-11.70586	11.70720	122.93157	0.01656	1	1	1
	8	4	-2	0.87680	-0.17972	11.70586	11.70720	122.93157	0.01656	1	1	1
	8	2	4	0.87680	0.17973	-11.70587	11.70730	122.93157	0.01656	1	1	1
	8	2	-4	0.87680	-0.17973	11.70587	11.70720	122.93157	0.01656	1	1	1
	8	4	2	0.87680	0.17974	-11.70584	11.70720	122.93157	0.01656	1	1	1
	-6	-4	-6	0.85664	-12.17466	-0.19103	12.17620	128.10784	0.01990	1	1	1
	-6	-6	-4	0.85664	-12.17468	-0.19106	12.17620	128.10784	0.01990	1	1	1
	6	4	6	0.85664	-12.17466	-0.19106	12.17620	128.10784	0.01990	1	1	1
	6	4	-6	0.85664	-12.17467	-0.19104	12.17620	128.10784	0.01990	1	1	1
	-6	-4	6	0.85664	-12.17467	-0.19104	12.17620	128.10784	0.01990	1	1	1
	6	6	4	0.85664	-12.17468	-0.19103	12.17620	128.10784	0.01990	1	1	1
	-4	6	6	0.85664	-12.17468	-0.19104	12.17620	128.10784	0.01990	1	1	1
	-4	6	-6	0.85664	-12.17467	-0.19103	12.17620	128.10784	0.01990	1	1	1
	-4	-6	6	0.85664	-12.17467	-0.19104	12.17620	128.10784	0.01990	1	1	1
	-4	-6	-6	0.85664	-12.17466	-0.19103	12.17620	128.10784	0.01990	1	1	1
	4	6	6	0.85664	-12.17466	-0.19106	12.17620	128.10784	0.01990	1	1	1
	4	-6	-6	0.85664	-12.17468	-0.19105	12.17620	128.10784	0.01990	1	1	1
	4	-6	6	0.85664	-12.17467	-0.19106	12.17620	128.10784	0.01990	1	1	1
	6	-4	-6	0.85664	-12.17467	-0.19103	12.17620	128.10784	0.01990	1	1	1
	6	-4	6	0.85664	-12.17468	-0.19104	12.17620	128.10784	0.01990	1	1	1
	6	-6	-4	0.85664	-12.17467	-0.19103	12.17620	128.10784	0.01990	1	1	1
	6	-6	4	0.85664	-12.17467	-0.19105	12.17620	128.10784	0.01990	1	1	1
	6	6	-4	0.85664	-12.17467	-0.19106	12.17620	128.10784	0.01990	1	1	1
	4	6	-6	0.85664	-12.17467	-0.19104	12.17620	128.10784	0.01990	1	1	1
	-6	4	-6	0.85664	-12.17468	-0.19105	12.17620	128.10784	0.01990	1	1	1
	-6	6	-4	0.85664	-12.17467	-0.19103	12.17620	128.10784	0.01990	1	1	1
	-6	-6	4	0.85664	-12.17467	-0.19103	12.17620	128.10784	0.01990	1	1	1
	-6	6	4	0.85664	-12.17467	-0.19105	12.17620	128.10784	0.01990	1	1	1
	-6	4	6	0.85664	-12.17467	-0.19106	12.17620	128.10784	0.01990	1	1	1
