# 	h	k	l	d (Å)	F(real)		F(imag)		|F|			2θ			I			M	ID(λ)	Phase
	-1	-1	0	2.76134	39.89672	3.46380	40.04680	32.39594	100.00000	1	1	1
	0	-1	-1	2.76134	39.89672	3.46380	40.04680	32.39594	100.00000	1	1	1
	0	-1	1	2.76134	39.89672	3.46380	40.04680	32.39594	100.00000	1	1	1
	0	1	-1	2.76134	39.89672	3.46380	40.04680	32.39594	100.00000	1	1	1
	-1	1	0	2.76134	39.89672	3.46380	40.04680	32.39594	100.00000	1	1	1
	-1	0	1	2.76134	39.89672	3.46380	40.04680	32.39594	100.00000	1	1	1
	-1	0	-1	2.76134	39.89672	3.46380	40.04680	32.39594	100.00000	1	1	1
	0	1	1	2.76134	39.89672	3.46380	40.04680	32.39594	100.00000	1	1	1
	1	-1	0	2.76134	39.89672	3.46380	40.04680	32.39594	100.00000	1	1	1
	1	0	-1	2.76134	39.89672	3.46380	40.04680	32.39594	100.00000	1	1	1
	1	0	1	2.76134	39.89672	3.46380	40.04680	32.39594	100.00000	1	1	1
	1	1	0	2.76134	39.89672	3.46380	40.04680	32.39594	100.00000	1	1	1
	-1	-1	1	2.25463	27.64811	0.09427	27.64830	39.95502	30.09294	1	1	1
	-1	1	-1	2.25463	27.64811	0.09427	27.64830	39.95502	30.09294	1	1	1
	-1	1	1	2.25463	27.64811	0.09427	27.64830	39.95502	30.09294	1	1	1
	1	1	-1	2.25463	27.64811	0.09427	27.64830	39.95502	30.09294	1	1	1
	1	-1	1	2.25463	27.64811	0.09427	27.64830	39.95502	30.09294	1	1	1
	1	-1	-1	2.25463	27.64811	0.09427	27.64830	39.95502	30.09294	1	1	1
	-1	-1	-1	2.25463	27.64811	0.09427	27.64830	39.95502	30.09294	1	1	1
	1	1	1	2.25463	27.64811	0.09427	27.64830	39.95502	30.09294	1	1	1
	-2	0	0	1.95257	52.51256	3.47214	52.62720	46.47020	77.67010	1	1	1
	0	-2	0	1.95257	52.51256	3.47214	52.62720	46.47020	77.67010	1	1	1
	0	2	0	1.95257	52.51256	3.47214	52.62720	46.47020	77.67010	1	1	1
	0	0	2	1.95257	52.51256	3.47214	52.62720	46.47020	77.67010	1	1	1
	0	0	-2	1.95257	52.51256	3.47214	52.62720	46.47020	77.67010	1	1	1
	2	0	0	1.95257	52.51256	3.47214	52.62720	46.47020	77.67010	1	1	1
	-1	0	-2	1.74643	7.34401	-0.02688	7.34406	52.34433	1.15392	1	1	1
	-1	0	2	1.74643	7.34401	-0.02688	7.34406	52.34433	1.15392	1	1	1
	-1	2	0	1.74643	7.34401	-0.02688	7.34406	52.34433	1.15392	1	1	1
	0	-1	-2	1.74643	7.34401	-0.02688	7.34406	52.34433	1.15392	1	1	1
	0	-2	1	1.74643	7.34401	-0.02688	7.34406	52.34433	1.15392	1	1	1
	0	-2	-1	1.74643	7.34401	-0.02688	7.34406	52.34433	1.15392	1	1	1
	0	2	-1	1.74643	7.34401	-0.02688	7.34406	52.34433	1.15392	1	1	1
	0	2	1	1.74643	7.34401	-0.02688	7.34406	52.34433	1.15392	1	1	1
	1	-2	0	1.74643	7.34401	-0.02688	7.34406	52.34433	1.15392	1	1	1
	0	1	2	1.74643	7.34401	-0.02688	7.34406	52.34433	1.15392	1	1	1
	0	1	-2	1.74643	7.34401	-0.02688	7.34406	52.34433	1.15392	1	1	1
	0	-1	2	1.74643	7.34401	-0.02688	7.34406	52.34433	1.15392	1	1	1
	-2	-1	0	1.74643	7.34401	-0.02688	7.34406	52.34433	1.15392	1	1	1
	-2	0	-1	1.74643	7.34401	-0.02688	7.34406	52.34433	1.15392	1	1	1
	-1	-2	0	1.74643	7.34401	-0.02688	7.34406	52.34433	1.15392	1	1	1
	-2	1	0	1.74643	7.34401	-0.02688	7.34406	52.34433	1.15392	1	1	1
	-2	0	1	1.74643	7.34401	-0.02688	7.34406	52.34433	1.15392	1	1	1
	1	0	-2	1.74643	7.34401	-0.02688	7.34406	52.34433	1.15392	1	1	1
	1	0	2	1.74643	7.34401	-0.02688	7.34406	52.34433	1.15392	1	1	1
	1	2	0	1.74643	7.34401	-0.02688	7.34406	52.34433	1.15392	1	1	1
	2	0	1	1.74643	7.34401	-0.02688	7.34406	52.34433	1.15392	1	1	1
	2	0	-1	1.74643	7.34401	-0.02688	7.34406	52.34433	1.15392	1	1	1
	2	-1	0	1.74643	7.34401	-0.02688	7.34406	52.34433	1.15392	1	1	1
	2	1	0	1.74643	7.34401	-0.02688	7.34406	52.34433	1.15392	1	1	1
	-2	1	-1	1.59426	30.83060	3.24396	31.00080	57.78501	16.42526	1	1	1
	-2	1	1	1.59426	30.83060	3.24396	31.00080	57.78501	16.42526	1	1	1
	-1	-2	-1	1.59426	30.83060	3.24396	31.00080	57.78501	16.42526	1	1	1
	-2	-1	1	1.59426	30.83060	3.24396	31.00080	57.78501	16.42526	1	1	1
	-2	-1	-1	1.59426	30.83060	3.24396	31.00080	57.78501	16.42526	1	1	1
	-1	2	1	1.59426	30.83060	3.24396	31.00080	57.78501	16.42526	1	1	1
	1	-2	-1	1.59426	30.83060	3.24396	31.00080	57.78501	16.42526	1	1	1
	1	-2	1	1.59426	30.83060	3.24396	31.00080	57.78501	16.42526	1	1	1
	1	1	-2	1.59426	30.83060	3.24396	31.00080	57.78501	16.42526	1	1	1
	1	-1	2	1.59426	30.83060	3.24396	31.00080	57.78501	16.42526	1	1	1
	1	-1	-2	1.59426	30.83060	3.24396	31.00080	57.78501	16.42526	1	1	1
	-1	1	-2	1.59426	30.83060	3.24396	31.00080	57.78501	16.42526	1	1	1
	-1	1	2	1.59426	30.83060	3.24396	31.00080	57.78501	16.42526	1	1	1
	-1	2	-1	1.59426	30.83060	3.24396	31.00080	57.78501	16.42526	1	1	1
	-1	-1	2	1.59426	30.83060	3.24396	31.00080	57.78501	16.42526	1	1	1
	-1	-1	-2	1.59426	30.83060	3.24396	31.00080	57.78501	16.42526	1	1	1
	-1	-2	1	1.59426	30.83060	3.24396	31.00080	57.78501	16.42526	1	1	1
	1	1	2	1.59426	30.83060	3.24396	31.00080	57.78501	16.42526	1	1	1
	1	2	-1	1.59426	30.83060	3.24396	31.00080	57.78501	16.42526	1	1	1
	1	2	1	1.59426	30.83060	3.24396	31.00080	57.78501	16.42526	1	1	1
	2	1	-1	1.59426	30.83060	3.24396	31.00080	57.78501	16.42526	1	1	1
	2	-1	1	1.59426	30.83060	3.24396	31.00080	57.78501	16.42526	1	1	1
	2	-1	-1	1.59426	30.83060	3.24396	31.00080	57.78501	16.42526	1	1	1
	2	1	1	1.59426	30.83060	3.24396	31.00080	57.78501	16.42526	1	1	1
	-2	0	2	1.38067	39.76676	3.25176	39.89950	67.82334	19.15248	1	1	1
	-2	2	0	1.38067	39.76676	3.25176	39.89950	67.82334	19.15248	1	1	1
	0	-2	-2	1.38067	39.76676	3.25176	39.89950	67.82334	19.15248	1	1	1
	-2	0	-2	1.38067	39.76676	3.25176	39.89950	67.82334	19.15248	1	1	1
	-2	-2	0	1.38067	39.76676	3.25176	39.89950	67.82334	19.15248	1	1	1
	0	-2	2	1.38067	39.76676	3.25176	39.89950	67.82334	19.15248	1	1	1
	0	2	-2	1.38067	39.76676	3.25176	39.89950	67.82334	19.15248	1	1	1
	0	2	2	1.38067	39.76676	3.25176	39.89950	67.82334	19.15248	1	1	1
	2	0	2	1.38067	39.76676	3.25176	39.89950	67.82334	19.15248	1	1	1
	2	0	-2	1.38067	39.76676	3.25176	39.89950	67.82334	19.15248	1	1	1
	2	-2	0	1.38067	39.76676	3.25176	39.89950	67.82334	19.15248	1	1	1
	2	2	0	1.38067	39.76676	3.25176	39.89950	67.82334	19.15248	1	1	1
	-3	0	0	1.30171	6.95252	-0.02517	6.95257	72.56363	0.50763	1	1	1
	-2	-2	-1	1.30171	6.95252	-0.02517	6.95257	72.56363	0.50763	1	1	1
	-2	-1	2	1.30171	6.95252	-0.02517	6.95257	72.56363	0.50763	1	1	1
	-2	-1	-2	1.30171	6.95252	-0.02517	6.95257	72.56363	0.50763	1	1	1
	-2	-2	1	1.30171	6.95252	-0.02517	6.95257	72.56363	0.50763	1	1	1
	-2	1	-2	1.30171	6.95252	-0.02517	6.95257	72.56363	0.50763	1	1	1
	-2	1	2	1.30171	6.95252	-0.02517	6.95257	72.56363	0.50763	1	1	1
	-2	2	1	1.30171	6.95252	-0.02517	6.95257	72.56363	0.50763	1	1	1
	-2	2	-1	1.30171	6.95252	-0.02517	6.95257	72.56363	0.50763	1	1	1
	-1	2	-2	1.30171	6.95252	-0.02517	6.95257	72.56363	0.50763	1	1	1
	-1	-2	2	1.30171	6.95252	-0.02517	6.95257	72.56363	0.50763	1	1	1
	-1	-2	-2	1.30171	6.95252	-0.02517	6.95257	72.56363	0.50763	1	1	1
	0	0	3	1.30171	6.95252	-0.02517	6.95257	72.56363	0.50763	1	1	1
	0	3	0	1.30171	6.95252	-0.02517	6.95257	72.56363	0.50763	1	1	1
	1	-2	-2	1.30171	6.95252	-0.02517	6.95257	72.56363	0.50763	1	1	1
	0	0	-3	1.30171	6.95252	-0.02517	6.95257	72.56363	0.50763	1	1	1
	0	-3	0	1.30171	6.95252	-0.02517	6.95257	72.56363	0.50763	1	1	1
	-1	2	2	1.30171	6.95252	-0.02517	6.95257	72.56363	0.50763	1	1	1
	2	-1	2	1.30171	6.95252	-0.02517	6.95257	72.56363	0.50763	1	1	1
	2	1	-2	1.30171	6.95252	-0.02517	6.95257	72.56363	0.50763	1	1	1
	2	1	2	1.30171	6.95252	-0.02517	6.95257	72.56363	0.50763	1	1	1
	3	0	0	1.30171	6.95252	-0.02517	6.95257	72.56363	0.50763	1	1	1
	2	2	1	1.30171	6.95252	-0.02517	6.95257	72.56363	0.50763	1	1	1
	2	2	-1	1.30171	6.95252	-0.02517	6.95257	72.56363	0.50763	1	1	1
	2	-2	-1	1.30171	6.95252	-0.02517	6.95257	72.56363	0.50763	1	1	1
	2	-2	1	1.30171	6.95252	-0.02517	6.95257	72.56363	0.50763	1	1	1
	2	-1	-2	1.30171	6.95252	-0.02517	6.95257	72.56363	0.50763	1	1	1
	1	2	2	1.30171	6.95252	-0.02517	6.95257	72.56363	0.50763	1	1	1
	1	2	-2	1.30171	6.95252	-0.02517	6.95257	72.56363	0.50763	1	1	1
	1	-2	2	1.30171	6.95252	-0.02517	6.95257	72.56363	0.50763	1	1	1
	0	1	-3	1.23491	25.36542	3.03806	25.54670	77.18349	6.12489	1	1	1
	0	1	3	1.23491	25.36542	3.03806	25.54670	77.18349	6.12489	1	1	1
	0	3	-1	1.23491	25.36542	3.03806	25.54670	77.18349	6.12489	1	1	1
	1	0	-3	1.23491	25.36542	3.03806	25.54670	77.18349	6.12489	1	1	1
	1	-3	0	1.23491	25.36542	3.03806	25.54670	77.18349	6.12489	1	1	1
	0	3	1	1.23491	25.36542	3.03806	25.54670	77.18349	6.12489	1	1	1
	3	0	-1	1.23491	25.36542	3.03806	25.54670	77.18349	6.12489	1	1	1
	3	0	1	1.23491	25.36542	3.03806	25.54670	77.18349	6.12489	1	1	1
	3	1	0	1.23491	25.36542	3.03806	25.54670	77.18349	6.12489	1	1	1
	3	-1	0	1.23491	25.36542	3.03806	25.54670	77.18349	6.12489	1	1	1
	1	3	0	1.23491	25.36542	3.03806	25.54670	77.18349	6.12489	1	1	1
	1	0	3	1.23491	25.36542	3.03806	25.54670	77.18349	6.12489	1	1	1
	-1	0	3	1.23491	25.36542	3.03806	25.54670	77.18349	6.12489	1	1	1
	-1	3	0	1.23491	25.36542	3.03806	25.54670	77.18349	6.12489	1	1	1
	0	-3	-1	1.23491	25.36542	3.03806	25.54670	77.18349	6.12489	1	1	1
	0	-1	3	1.23491	25.36542	3.03806	25.54670	77.18349	6.12489	1	1	1
	0	-1	-3	1.23491	25.36542	3.03806	25.54670	77.18349	6.12489	1	1	1
	0	-3	1	1.23491	25.36542	3.03806	25.54670	77.18349	6.12489	1	1	1
	-3	1	0	1.23491	25.36542	3.03806	25.54670	77.18349	6.12489	1	1	1
	-1	-3	0	1.23491	25.36542	3.03806	25.54670	77.18349	6.12489	1	1	1
	-1	0	-3	1.23491	25.36542	3.03806	25.54670	77.18349	6.12489	1	1	1
	-3	0	1	1.23491	25.36542	3.03806	25.54670	77.18349	6.12489	1	1	1
	-3	0	-1	1.23491	25.36542	3.03806	25.54670	77.18349	6.12489	1	1	1
	-3	-1	0	1.23491	25.36542	3.03806	25.54670	77.18349	6.12489	1	1	1
	-3	-1	-1	1.17744	16.24234	0.08268	16.24250	81.71991	2.26302	1	1	1
	-3	-1	1	1.17744	16.24234	0.08268	16.24250	81.71991	2.26302	1	1	1
	-3	1	-1	1.17744	16.24234	0.08268	16.24250	81.71991	2.26302	1	1	1
	-1	-3	1	1.17744	16.24234	0.08268	16.24250	81.71991	2.26302	1	1	1
	-1	-3	-1	1.17744	16.24234	0.08268	16.24250	81.71991	2.26302	1	1	1
	-3	1	1	1.17744	16.24234	0.08268	16.24250	81.71991	2.26302	1	1	1
	-1	1	3	1.17744	16.24234	0.08268	16.24250	81.71991	2.26302	1	1	1
	-1	3	-1	1.17744	16.24234	0.08268	16.24250	81.71991	2.26302	1	1	1
	-1	3	1	1.17744	16.24234	0.08268	16.24250	81.71991	2.26302	1	1	1
	-1	1	-3	1.17744	16.24234	0.08268	16.24250	81.71991	2.26302	1	1	1
	-1	-1	3	1.17744	16.24234	0.08268	16.24250	81.71991	2.26302	1	1	1
	-1	-1	-3	1.17744	16.24234	0.08268	16.24250	81.71991	2.26302	1	1	1
	1	3	-1	1.17744	16.24234	0.08268	16.24250	81.71991	2.26302	1	1	1
	1	3	1	1.17744	16.24234	0.08268	16.24250	81.71991	2.26302	1	1	1
	3	-1	-1	1.17744	16.24234	0.08268	16.24250	81.71991	2.26302	1	1	1
	3	1	1	1.17744	16.24234	0.08268	16.24250	81.71991	2.26302	1	1	1
	3	1	-1	1.17744	16.24234	0.08268	16.24250	81.71991	2.26302	1	1	1
	3	-1	1	1.17744	16.24234	0.08268	16.24250	81.71991	2.26302	1	1	1
	1	-1	3	1.17744	16.24234	0.08268	16.24250	81.71991	2.26302	1	1	1
	1	1	-3	1.17744	16.24234	0.08268	16.24250	81.71991	2.26302	1	1	1
	1	1	3	1.17744	16.24234	0.08268	16.24250	81.71991	2.26302	1	1	1
	1	-1	-3	1.17744	16.24234	0.08268	16.24250	81.71991	2.26302	1	1	1
	1	-3	1	1.17744	16.24234	0.08268	16.24250	81.71991	2.26302	1	1	1
	1	-3	-1	1.17744	16.24234	0.08268	16.24250	81.71991	2.26302	1	1	1
	-2	-2	-2	1.12731	32.24791	3.04538	32.39140	86.20451	8.40874	1	1	1
	-2	-2	2	1.12731	32.24791	3.04538	32.39140	86.20451	8.40874	1	1	1
	-2	2	-2	1.12731	32.24791	3.04538	32.39140	86.20451	8.40874	1	1	1
	2	-2	2	1.12731	32.24791	3.04538	32.39140	86.20451	8.40874	1	1	1
	2	-2	-2	1.12731	32.24791	3.04538	32.39140	86.20451	8.40874	1	1	1
	-2	2	2	1.12731	32.24791	3.04538	32.39140	86.20451	8.40874	1	1	1
	2	2	-2	1.12731	32.24791	3.04538	32.39140	86.20451	8.40874	1	1	1
	2	2	2	1.12731	32.24791	3.04538	32.39140	86.20451	8.40874	1	1	1
	-2	-3	0	1.08309	6.43969	-0.02358	6.43973	90.66589	0.31729	1	1	1
	-2	0	-3	1.08309	6.43969	-0.02358	6.43973	90.66589	0.31729	1	1	1
	-2	0	3	1.08309	6.43969	-0.02358	6.43973	90.66589	0.31729	1	1	1
	0	-3	2	1.08309	6.43969	-0.02358	6.43973	90.66589	0.31729	1	1	1
	0	-3	-2	1.08309	6.43969	-0.02358	6.43973	90.66589	0.31729	1	1	1
	-2	3	0	1.08309	6.43969	-0.02358	6.43973	90.66589	0.31729	1	1	1
	0	2	3	1.08309	6.43969	-0.02358	6.43973	90.66589	0.31729	1	1	1
	0	3	-2	1.08309	6.43969	-0.02358	6.43973	90.66589	0.31729	1	1	1
	0	3	2	1.08309	6.43969	-0.02358	6.43973	90.66589	0.31729	1	1	1
	0	2	-3	1.08309	6.43969	-0.02358	6.43973	90.66589	0.31729	1	1	1
	0	-2	3	1.08309	6.43969	-0.02358	6.43973	90.66589	0.31729	1	1	1
	0	-2	-3	1.08309	6.43969	-0.02358	6.43973	90.66589	0.31729	1	1	1
	-3	-2	0	1.08309	6.43969	-0.02358	6.43973	90.66589	0.31729	1	1	1
	-3	2	0	1.08309	6.43969	-0.02358	6.43973	90.66589	0.31729	1	1	1
	-3	0	2	1.08309	6.43969	-0.02358	6.43973	90.66589	0.31729	1	1	1
	-3	0	-2	1.08309	6.43969	-0.02358	6.43973	90.66589	0.31729	1	1	1
	2	-3	0	1.08309	6.43969	-0.02358	6.43973	90.66589	0.31729	1	1	1
	2	0	-3	1.08309	6.43969	-0.02358	6.43973	90.66589	0.31729	1	1	1
	2	3	0	1.08309	6.43969	-0.02358	6.43973	90.66589	0.31729	1	1	1
	2	0	3	1.08309	6.43969	-0.02358	6.43973	90.66589	0.31729	1	1	1
	3	0	2	1.08309	6.43969	-0.02358	6.43973	90.66589	0.31729	1	1	1
	3	0	-2	1.08309	6.43969	-0.02358	6.43973	90.66589	0.31729	1	1	1
	3	-2	0	1.08309	6.43969	-0.02358	6.43973	90.66589	0.31729	1	1	1
	3	2	0	1.08309	6.43969	-0.02358	6.43973	90.66589	0.31729	1	1	1
	2	3	1	1.04369	21.56756	2.84524	21.75440	95.13132	3.53057	1	1	1
	3	2	1	1.04369	21.56756	2.84524	21.75440	95.13132	3.53057	1	1	1
	-3	-2	1	1.04369	21.56756	2.84524	21.75440	95.13132	3.53057	1	1	1
	-2	-3	-1	1.04369	21.56756	2.84524	21.75440	95.13132	3.53057	1	1	1
	-3	-2	-1	1.04369	21.56756	2.84524	21.75440	95.13132	3.53057	1	1	1
	-2	-3	1	1.04369	21.56756	2.84524	21.75440	95.13132	3.53057	1	1	1
	-2	-1	-3	1.04369	21.56756	2.84524	21.75440	95.13132	3.53057	1	1	1
	-2	-1	3	1.04369	21.56756	2.84524	21.75440	95.13132	3.53057	1	1	1
	-2	3	-1	1.04369	21.56756	2.84524	21.75440	95.13132	3.53057	1	1	1
	-2	1	3	1.04369	21.56756	2.84524	21.75440	95.13132	3.53057	1	1	1
	-2	1	-3	1.04369	21.56756	2.84524	21.75440	95.13132	3.53057	1	1	1
	-3	1	2	1.04369	21.56756	2.84524	21.75440	95.13132	3.53057	1	1	1
	-3	2	-1	1.04369	21.56756	2.84524	21.75440	95.13132	3.53057	1	1	1
	-3	2	1	1.04369	21.56756	2.84524	21.75440	95.13132	3.53057	1	1	1
	-3	1	-2	1.04369	21.56756	2.84524	21.75440	95.13132	3.53057	1	1	1
	-3	-1	2	1.04369	21.56756	2.84524	21.75440	95.13132	3.53057	1	1	1
	-3	-1	-2	1.04369	21.56756	2.84524	21.75440	95.13132	3.53057	1	1	1
	1	-2	3	1.04369	21.56756	2.84524	21.75440	95.13132	3.53057	1	1	1
	1	2	-3	1.04369	21.56756	2.84524	21.75440	95.13132	3.53057	1	1	1
	1	2	3	1.04369	21.56756	2.84524	21.75440	95.13132	3.53057	1	1	1
	2	-3	-1	1.04369	21.56756	2.84524	21.75440	95.13132	3.53057	1	1	1
	1	3	2	1.04369	21.56756	2.84524	21.75440	95.13132	3.53057	1	1	1
	1	3	-2	1.04369	21.56756	2.84524	21.75440	95.13132	3.53057	1	1	1
	2	1	-3	1.04369	21.56756	2.84524	21.75440	95.13132	3.53057	1	1	1
	2	1	3	1.04369	21.56756	2.84524	21.75440	95.13132	3.53057	1	1	1
	2	3	-1	1.04369	21.56756	2.84524	21.75440	95.13132	3.53057	1	1	1
	2	-1	3	1.04369	21.56756	2.84524	21.75440	95.13132	3.53057	1	1	1
	2	-1	-3	1.04369	21.56756	2.84524	21.75440	95.13132	3.53057	1	1	1
	2	-3	1	1.04369	21.56756	2.84524	21.75440	95.13132	3.53057	1	1	1
	-1	2	3	1.04369	21.56756	2.84524	21.75440	95.13132	3.53057	1	1	1
	-1	3	-2	1.04369	21.56756	2.84524	21.75440	95.13132	3.53057	1	1	1
	-1	3	2	1.04369	21.56756	2.84524	21.75440	95.13132	3.53057	1	1	1
	1	-2	-3	1.04369	21.56756	2.84524	21.75440	95.13132	3.53057	1	1	1
	1	-3	2	1.04369	21.56756	2.84524	21.75440	95.13132	3.53057	1	1	1
	1	-3	-2	1.04369	21.56756	2.84524	21.75440	95.13132	3.53057	1	1	1
	-1	-2	-3	1.04369	21.56756	2.84524	21.75440	95.13132	3.53057	1	1	1
	-1	-2	3	1.04369	21.56756	2.84524	21.75440	95.13132	3.53057	1	1	1
	-1	2	-3	1.04369	21.56756	2.84524	21.75440	95.13132	3.53057	1	1	1
	-1	-3	2	1.04369	21.56756	2.84524	21.75440	95.13132	3.53057	1	1	1
	-1	-3	-2	1.04369	21.56756	2.84524	21.75440	95.13132	3.53057	1	1	1
	-2	3	1	1.04369	21.56756	2.84524	21.75440	95.13132	3.53057	1	1	1
	3	-2	-1	1.04369	21.56756	2.84524	21.75440	95.13132	3.53057	1	1	1
	3	-2	1	1.04369	21.56756	2.84524	21.75440	95.13132	3.53057	1	1	1
	3	-1	-2	1.04369	21.56756	2.84524	21.75440	95.13132	3.53057	1	1	1
	3	1	2	1.04369	21.56756	2.84524	21.75440	95.13132	3.53057	1	1	1
	3	1	-2	1.04369	21.56756	2.84524	21.75440	95.13132	3.53057	1	1	1
	3	-1	2	1.04369	21.56756	2.84524	21.75440	95.13132	3.53057	1	1	1
	3	2	-1	1.04369	21.56756	2.84524	21.75440	95.13132	3.53057	1	1	1
	0	0	-4	0.97628	27.19110	2.85209	27.34030	104.18615	5.63555	1	1	1
	0	0	4	0.97628	27.19110	2.85209	27.34030	104.18615	5.63555	1	1	1
	0	4	0	0.97628	27.19110	2.85209	27.34030	104.18615	5.63555	1	1	1
	0	-4	0	0.97628	27.19110	2.85209	27.34030	104.18615	5.63555	1	1	1
	-4	0	0	0.97628	27.19110	2.85209	27.34030	104.18615	5.63555	1	1	1
	4	0	0	0.97628	27.19110	2.85209	27.34030	104.18615	5.63555	1	1	1
	-2	-2	3	0.94713	5.82204	-0.02208	5.82208	108.83779	0.26456	1	1	1
	-2	2	-3	0.94713	5.82204	-0.02208	5.82208	108.83779	0.26456	1	1	1
	-2	3	-2	0.94713	5.82204	-0.02208	5.82208	108.83779	0.26456	1	1	1
	-1	-4	0	0.94713	5.82204	-0.02208	5.82208	108.83779	0.26456	1	1	1
	-2	3	2	0.94713	5.82204	-0.02208	5.82208	108.83779	0.26456	1	1	1
	-2	2	3	0.94713	5.82204	-0.02208	5.82208	108.83779	0.26456	1	1	1
	0	-4	-1	0.94713	5.82204	-0.02208	5.82208	108.83779	0.26456	1	1	1
	0	-4	1	0.94713	5.82204	-0.02208	5.82208	108.83779	0.26456	1	1	1
	0	-1	-4	0.94713	5.82204	-0.02208	5.82208	108.83779	0.26456	1	1	1
	-1	4	0	0.94713	5.82204	-0.02208	5.82208	108.83779	0.26456	1	1	1
	-1	0	4	0.94713	5.82204	-0.02208	5.82208	108.83779	0.26456	1	1	1
	-1	0	-4	0.94713	5.82204	-0.02208	5.82208	108.83779	0.26456	1	1	1
	1	0	-4	0.94713	5.82204	-0.02208	5.82208	108.83779	0.26456	1	1	1
	1	0	4	0.94713	5.82204	-0.02208	5.82208	108.83779	0.26456	1	1	1
	1	4	0	0.94713	5.82204	-0.02208	5.82208	108.83779	0.26456	1	1	1
	2	-3	2	0.94713	5.82204	-0.02208	5.82208	108.83779	0.26456	1	1	1
	2	-2	-3	0.94713	5.82204	-0.02208	5.82208	108.83779	0.26456	1	1	1
	2	-3	-2	0.94713	5.82204	-0.02208	5.82208	108.83779	0.26456	1	1	1
	0	4	-1	0.94713	5.82204	-0.02208	5.82208	108.83779	0.26456	1	1	1
	0	4	1	0.94713	5.82204	-0.02208	5.82208	108.83779	0.26456	1	1	1
	1	-4	0	0.94713	5.82204	-0.02208	5.82208	108.83779	0.26456	1	1	1
	0	1	4	0.94713	5.82204	-0.02208	5.82208	108.83779	0.26456	1	1	1
	0	1	-4	0.94713	5.82204	-0.02208	5.82208	108.83779	0.26456	1	1	1
	0	-1	4	0.94713	5.82204	-0.02208	5.82208	108.83779	0.26456	1	1	1
	-4	-1	0	0.94713	5.82204	-0.02208	5.82208	108.83779	0.26456	1	1	1
	-4	0	-1	0.94713	5.82204	-0.02208	5.82208	108.83779	0.26456	1	1	1
	-3	-2	-2	0.94713	5.82204	-0.02208	5.82208	108.83779	0.26456	1	1	1
	-4	1	0	0.94713	5.82204	-0.02208	5.82208	108.83779	0.26456	1	1	1
	-4	0	1	0.94713	5.82204	-0.02208	5.82208	108.83779	0.26456	1	1	1
	-2	-3	-2	0.94713	5.82204	-0.02208	5.82208	108.83779	0.26456	1	1	1
	-2	-2	-3	0.94713	5.82204	-0.02208	5.82208	108.83779	0.26456	1	1	1
	-2	-3	2	0.94713	5.82204	-0.02208	5.82208	108.83779	0.26456	1	1	1
	-3	2	2	0.94713	5.82204	-0.02208	5.82208	108.83779	0.26456	1	1	1
	-3	2	-2	0.94713	5.82204	-0.02208	5.82208	108.83779	0.26456	1	1	1
	-3	-2	2	0.94713	5.82204	-0.02208	5.82208	108.83779	0.26456	1	1	1
	2	-2	3	0.94713	5.82204	-0.02208	5.82208	108.83779	0.26456	1	1	1
	2	2	-3	0.94713	5.82204	-0.02208	5.82208	108.83779	0.26456	1	1	1
	2	3	-2	0.94713	5.82204	-0.02208	5.82208	108.83779	0.26456	1	1	1
	2	2	3	0.94713	5.82204	-0.02208	5.82208	108.83779	0.26456	1	1	1
	3	-2	2	0.94713	5.82204	-0.02208	5.82208	108.83779	0.26456	1	1	1
	3	-2	-2	0.94713	5.82204	-0.02208	5.82208	108.83779	0.26456	1	1	1
	2	3	2	0.94713	5.82204	-0.02208	5.82208	108.83779	0.26456	1	1	1
	4	0	-1	0.94713	5.82204	-0.02208	5.82208	108.83779	0.26456	1	1	1
	4	0	1	0.94713	5.82204	-0.02208	5.82208	108.83779	0.26456	1	1	1
	4	1	0	0.94713	5.82204	-0.02208	5.82208	108.83779	0.26456	1	1	1
	4	-1	0	0.94713	5.82204	-0.02208	5.82208	108.83779	0.26456	1	1	1
	3	2	2	0.94713	5.82204	-0.02208	5.82208	108.83779	0.26456	1	1	1
	3	2	-2	0.94713	5.82204	-0.02208	5.82208	108.83779	0.26456	1	1	1
	-3	0	3	0.92045	18.68674	2.66465	18.87580	113.62239	2.93399	1	1	1
	-3	3	0	0.92045	18.68674	2.66465	18.87580	113.62239	2.93399	1	1	1
	-1	-4	-1	0.92045	18.68674	2.66465	18.87580	113.62239	2.93399	1	1	1
	-1	-1	4	0.92045	18.68674	2.66465	18.87580	113.62239	2.93399	1	1	1
	-1	-1	-4	0.92045	18.68674	2.66465	18.87580	113.62239	2.93399	1	1	1
	-1	-4	1	0.92045	18.68674	2.66465	18.87580	113.62239	2.93399	1	1	1
	-4	1	1	0.92045	18.68674	2.66465	18.87580	113.62239	2.93399	1	1	1
	-3	-3	0	0.92045	18.68674	2.66465	18.87580	113.62239	2.93399	1	1	1
	-3	0	-3	0.92045	18.68674	2.66465	18.87580	113.62239	2.93399	1	1	1
	-4	1	-1	0.92045	18.68674	2.66465	18.87580	113.62239	2.93399	1	1	1
	-4	-1	1	0.92045	18.68674	2.66465	18.87580	113.62239	2.93399	1	1	1
	-4	-1	-1	0.92045	18.68674	2.66465	18.87580	113.62239	2.93399	1	1	1
	1	1	-4	0.92045	18.68674	2.66465	18.87580	113.62239	2.93399	1	1	1
	1	1	4	0.92045	18.68674	2.66465	18.87580	113.62239	2.93399	1	1	1
	1	4	-1	0.92045	18.68674	2.66465	18.87580	113.62239	2.93399	1	1	1
	3	0	-3	0.92045	18.68674	2.66465	18.87580	113.62239	2.93399	1	1	1
	3	-3	0	0.92045	18.68674	2.66465	18.87580	113.62239	2.93399	1	1	1
	1	4	1	0.92045	18.68674	2.66465	18.87580	113.62239	2.93399	1	1	1
	4	-1	1	0.92045	18.68674	2.66465	18.87580	113.62239	2.93399	1	1	1
	4	1	-1	0.92045	18.68674	2.66465	18.87580	113.62239	2.93399	1	1	1
	4	1	1	0.92045	18.68674	2.66465	18.87580	113.62239	2.93399	1	1	1
	4	-1	-1	0.92045	18.68674	2.66465	18.87580	113.62239	2.93399	1	1	1
	3	3	0	0.92045	18.68674	2.66465	18.87580	113.62239	2.93399	1	1	1
	3	0	3	0.92045	18.68674	2.66465	18.87580	113.62239	2.93399	1	1	1
	0	3	-3	0.92045	18.68674	2.66465	18.87580	113.62239	2.93399	1	1	1
	0	3	3	0.92045	18.68674	2.66465	18.87580	113.62239	2.93399	1	1	1
	1	-4	-1	0.92045	18.68674	2.66465	18.87580	113.62239	2.93399	1	1	1
	1	-1	4	0.92045	18.68674	2.66465	18.87580	113.62239	2.93399	1	1	1
	1	-1	-4	0.92045	18.68674	2.66465	18.87580	113.62239	2.93399	1	1	1
	1	-4	1	0.92045	18.68674	2.66465	18.87580	113.62239	2.93399	1	1	1
	-1	4	1	0.92045	18.68674	2.66465	18.87580	113.62239	2.93399	1	1	1
	0	-3	-3	0.92045	18.68674	2.66465	18.87580	113.62239	2.93399	1	1	1
	0	-3	3	0.92045	18.68674	2.66465	18.87580	113.62239	2.93399	1	1	1
	-1	4	-1	0.92045	18.68674	2.66465	18.87580	113.62239	2.93399	1	1	1
	-1	1	-4	0.92045	18.68674	2.66465	18.87580	113.62239	2.93399	1	1	1
	-1	1	4	0.92045	18.68674	2.66465	18.87580	113.62239	2.93399	1	1	1
	-3	-3	-1	0.89590	11.73432	0.07252	11.73450	118.58906	1.21950	1	1	1
	-3	-3	1	0.89590	11.73432	0.07252	11.73450	118.58906	1.21950	1	1	1
	-3	-1	-3	0.89590	11.73432	0.07252	11.73450	118.58906	1.21950	1	1	1
	-3	3	-1	0.89590	11.73432	0.07252	11.73450	118.58906	1.21950	1	1	1
	-3	1	-3	0.89590	11.73432	0.07252	11.73450	118.58906	1.21950	1	1	1
	-3	-1	3	0.89590	11.73432	0.07252	11.73450	118.58906	1.21950	1	1	1
	-1	-3	3	0.89590	11.73432	0.07252	11.73450	118.58906	1.21950	1	1	1
	-1	3	-3	0.89590	11.73432	0.07252	11.73450	118.58906	1.21950	1	1	1
	-1	3	3	0.89590	11.73432	0.07252	11.73450	118.58906	1.21950	1	1	1
	-1	-3	-3	0.89590	11.73432	0.07252	11.73450	118.58906	1.21950	1	1	1
	-3	3	1	0.89590	11.73432	0.07252	11.73450	118.58906	1.21950	1	1	1
	-3	1	3	0.89590	11.73432	0.07252	11.73450	118.58906	1.21950	1	1	1
	3	-1	-3	0.89590	11.73432	0.07252	11.73450	118.58906	1.21950	1	1	1
	3	1	-3	0.89590	11.73432	0.07252	11.73450	118.58906	1.21950	1	1	1
	3	-1	3	0.89590	11.73432	0.07252	11.73450	118.58906	1.21950	1	1	1
	3	3	1	0.89590	11.73432	0.07252	11.73450	118.58906	1.21950	1	1	1
	3	3	-1	0.89590	11.73432	0.07252	11.73450	118.58906	1.21950	1	1	1
	3	1	3	0.89590	11.73432	0.07252	11.73450	118.58906	1.21950	1	1	1
	1	3	3	0.89590	11.73432	0.07252	11.73450	118.58906	1.21950	1	1	1
	3	-3	-1	0.89590	11.73432	0.07252	11.73450	118.58906	1.21950	1	1	1
	3	-3	1	0.89590	11.73432	0.07252	11.73450	118.58906	1.21950	1	1	1
	1	3	-3	0.89590	11.73432	0.07252	11.73450	118.58906	1.21950	1	1	1
	1	-3	3	0.89590	11.73432	0.07252	11.73450	118.58906	1.21950	1	1	1
	1	-3	-3	0.89590	11.73432	0.07252	11.73450	118.58906	1.21950	1	1	1
	-4	-2	0	0.87321	23.46475	2.67107	23.61630	123.80314	5.42065	1	1	1
	-4	0	-2	0.87321	23.46475	2.67107	23.61630	123.80314	5.42065	1	1	1
	-4	0	2	0.87321	23.46475	2.67107	23.61630	123.80314	5.42065	1	1	1
	-2	0	-4	0.87321	23.46475	2.67107	23.61630	123.80314	5.42065	1	1	1
	-2	0	4	0.87321	23.46475	2.67107	23.61630	123.80314	5.42065	1	1	1
	-4	2	0	0.87321	23.46475	2.67107	23.61630	123.80314	5.42065	1	1	1
	0	-2	4	0.87321	23.46475	2.67107	23.61630	123.80314	5.42065	1	1	1
	0	-2	-4	0.87321	23.46475	2.67107	23.61630	123.80314	5.42065	1	1	1
	-2	4	0	0.87321	23.46475	2.67107	23.61630	123.80314	5.42065	1	1	1
	0	-4	-2	0.87321	23.46475	2.67107	23.61630	123.80314	5.42065	1	1	1
	0	-4	2	0.87321	23.46475	2.67107	23.61630	123.80314	5.42065	1	1	1
	-2	-4	0	0.87321	23.46475	2.67107	23.61630	123.80314	5.42065	1	1	1
	4	-2	0	0.87321	23.46475	2.67107	23.61630	123.80314	5.42065	1	1	1
	2	-4	0	0.87321	23.46475	2.67107	23.61630	123.80314	5.42065	1	1	1
	0	4	-2	0.87321	23.46475	2.67107	23.61630	123.80314	5.42065	1	1	1
	0	2	4	0.87321	23.46475	2.67107	23.61630	123.80314	5.42065	1	1	1
	0	2	-4	0.87321	23.46475	2.67107	23.61630	123.80314	5.42065	1	1	1
	0	4	2	0.87321	23.46475	2.67107	23.61630	123.80314	5.42065	1	1	1
	4	0	2	0.87321	23.46475	2.67107	23.61630	123.80314	5.42065	1	1	1
	4	2	0	0.87321	23.46475	2.67107	23.61630	123.80314	5.42065	1	1	1
	4	0	-2	0.87321	23.46475	2.67107	23.61630	123.80314	5.42065	1	1	1
	2	0	4	0.87321	23.46475	2.67107	23.61630	123.80314	5.42065	1	1	1
	2	4	0	0.87321	23.46475	2.67107	23.61630	123.80314	5.42065	1	1	1
	2	0	-4	0.87321	23.46475	2.67107	23.61630	123.80314	5.42065	1	1	1
