# 	h	k	l	d (Å)	F(real)		F(imag)		|F|			2θ			I			M	ID(λ)	Phase
	0	-1	1	3.40096	14.41287	7.42822	16.21450	26.18143	6.50395	1	1	1
	0	1	-1	3.40096	18.60912	-0.13599	18.60960	26.18143	8.56734	1	1	1
	0	-1	-1	3.40096	18.60912	-0.13599	18.60960	26.18143	8.56734	1	1	1
	-1	0	1	3.40096	18.60912	-0.13599	18.60960	26.18143	8.56734	1	1	1
	-1	0	-1	3.40096	14.41287	7.42822	16.21450	26.18143	6.50395	1	1	1
	0	1	1	3.40096	14.41287	7.42822	16.21450	26.18143	6.50395	1	1	1
	1	0	-1	3.40096	14.41287	7.42822	16.21450	26.18143	6.50395	1	1	1
	1	0	1	3.40096	18.60912	-0.13599	18.60960	26.18143	8.56734	1	1	1
	1	1	0	2.94842	-19.42818	-5.70335	20.24800	30.28933	7.43737	1	1	1
	-1	-1	0	2.94842	-19.42818	-5.70335	20.24800	30.28933	7.43737	1	1	1
	-1	1	0	2.94842	-19.42818	-5.70335	20.24800	30.28933	7.43737	1	1	1
	1	-1	0	2.94842	-19.42818	-5.70335	20.24800	30.28933	7.43737	1	1	1
	0	0	-2	2.93915	-19.40675	-5.70231	20.22720	30.38720	7.37086	1	1	1
	0	0	2	2.93915	-19.40675	-5.70231	20.22720	30.38720	7.37086	1	1	1
	-2	0	0	2.08485	109.14553	14.43149	110.09500	43.36628	100.00000	1	1	1
	0	-2	0	2.08485	109.14553	14.43149	110.09500	43.36628	100.00000	1	1	1
	0	2	0	2.08485	109.14553	14.43149	110.09500	43.36628	100.00000	1	1	1
	2	0	0	2.08485	109.14553	14.43149	110.09500	43.36628	100.00000	1	1	1
	-1	-1	-2	2.08156	109.04920	14.42886	110.00000	43.43822	99.45473	1	1	1
	-1	-1	2	2.08156	109.04920	14.42886	110.00000	43.43822	99.45473	1	1	1
	-1	1	-2	2.08156	109.04920	14.42886	110.00000	43.43822	99.45473	1	1	1
	-1	1	2	2.08156	109.04920	14.42886	110.00000	43.43822	99.45473	1	1	1
	1	-1	-2	2.08156	109.04920	14.42886	110.00000	43.43822	99.45473	1	1	1
	1	1	2	2.08156	109.04920	14.42886	110.00000	43.43822	99.45473	1	1	1
	1	1	-2	2.08156	109.04920	14.42886	110.00000	43.43822	99.45473	1	1	1
	1	-1	2	2.08156	109.04920	14.42886	110.00000	43.43822	99.45473	1	1	1
	-2	1	-1	1.77746	13.54079	0.57505	13.55300	51.36328	1.03272	1	1	1
	-2	-1	1	1.77746	9.57908	6.30959	11.47040	51.36328	0.73972	1	1	1
	-2	-1	-1	1.77746	13.54079	0.57505	13.55300	51.36328	1.03272	1	1	1
	-1	2	-1	1.77746	9.57908	6.30959	11.47040	51.36328	0.73972	1	1	1
	-1	2	1	1.77746	13.54079	0.57505	13.55300	51.36328	1.03272	1	1	1
	-1	-2	1	1.77746	13.54079	0.57505	13.55300	51.36328	1.03272	1	1	1
	-1	-2	-1	1.77746	9.57908	6.30959	11.47040	51.36328	0.73972	1	1	1
	-2	1	1	1.77746	9.57908	6.30959	11.47040	51.36328	0.73972	1	1	1
	1	-2	-1	1.77746	9.57908	6.30959	11.47040	51.36328	0.73972	1	1	1
	1	-2	1	1.77746	13.54079	0.57505	13.55300	51.36328	1.03272	1	1	1
	1	2	-1	1.77746	9.57908	6.30959	11.47040	51.36328	0.73972	1	1	1
	2	-1	-1	1.77746	13.54079	0.57505	13.55300	51.36328	1.03272	1	1	1
	1	2	1	1.77746	13.54079	0.57505	13.55300	51.36328	1.03272	1	1	1
	2	-1	1	1.77746	9.57908	6.30959	11.47040	51.36328	0.73972	1	1	1
	2	1	-1	1.77746	13.54079	0.57505	13.55300	51.36328	1.03272	1	1	1
	2	1	1	1.77746	9.57908	6.30959	11.47040	51.36328	0.73972	1	1	1
	-1	0	3	1.77339	9.55546	6.30298	11.44700	51.48973	0.73260	1	1	1
	-1	0	-3	1.77339	13.51573	0.57915	13.52810	51.48973	1.02319	1	1	1
	0	-1	-3	1.77339	9.55546	6.30298	11.44700	51.48973	0.73260	1	1	1
	0	-1	3	1.77339	13.51573	0.57915	13.52810	51.48973	1.02319	1	1	1
	0	1	-3	1.77339	9.55546	6.30298	11.44700	51.48973	0.73260	1	1	1
	1	0	3	1.77339	9.55546	6.30298	11.44700	51.48973	0.73260	1	1	1
	1	0	-3	1.77339	13.51573	0.57915	13.52810	51.48973	1.02319	1	1	1
	0	1	3	1.77339	13.51573	0.57915	13.52810	51.48973	1.02319	1	1	1
	0	-2	2	1.70048	-13.84539	-5.38359	14.85520	53.87097	1.11307	1	1	1
	0	2	-2	1.70048	-13.84539	-5.38359	14.85520	53.87097	1.11307	1	1	1
	0	-2	-2	1.70048	-13.84539	-5.38359	14.85520	53.87097	1.11307	1	1	1
	-2	0	2	1.70048	-13.84539	-5.38359	14.85520	53.87097	1.11307	1	1	1
	-2	0	-2	1.70048	-13.84539	-5.38359	14.85520	53.87097	1.11307	1	1	1
	0	2	2	1.70048	-13.84539	-5.38359	14.85520	53.87097	1.11307	1	1	1
	2	0	-2	1.70048	-13.84539	-5.38359	14.85520	53.87097	1.11307	1	1	1
	2	0	2	1.70048	-13.84539	-5.38359	14.85520	53.87097	1.11307	1	1	1
	-2	-2	0	1.47421	85.41420	13.62486	86.49410	63.00210	26.53882	1	1	1
	2	2	0	1.47421	85.41420	13.62486	86.49410	63.00210	26.53882	1	1	1
	-2	2	0	1.47421	85.41420	13.62486	86.49410	63.00210	26.53882	1	1	1
	2	-2	0	1.47421	85.41420	13.62486	86.49410	63.00210	26.53882	1	1	1
	0	0	-4	1.46958	85.17737	13.61496	86.25860	63.22379	26.19200	1	1	1
	0	0	4	1.46958	85.17737	13.61496	86.25860	63.22379	26.19200	1	1	1
	-3	0	-1	1.35260	6.71668	5.34551	8.58419	69.42952	0.21262	1	1	1
	0	-3	-1	1.35260	10.45696	1.15432	10.52050	69.42952	0.31935	1	1	1
	0	3	1	1.35260	6.71668	5.34551	8.58419	69.42952	0.21262	1	1	1
	3	0	1	1.35260	10.45696	1.15432	10.52050	69.42952	0.31935	1	1	1
	-3	0	1	1.35260	10.45696	1.15432	10.52050	69.42952	0.31935	1	1	1
	0	3	-1	1.35260	10.45696	1.15432	10.52050	69.42952	0.31935	1	1	1
	0	-3	1	1.35260	6.71668	5.34551	8.58419	69.42952	0.21262	1	1	1
	3	0	-1	1.35260	6.71668	5.34551	8.58419	69.42952	0.21262	1	1	1
	-2	1	-3	1.35081	6.70327	5.33996	8.57024	69.53508	0.21127	1	1	1
	-2	1	3	1.35081	10.44219	1.15751	10.50620	69.53508	0.31750	1	1	1
	-2	-1	3	1.35081	10.44219	1.15751	10.50620	69.53508	0.31750	1	1	1
	-2	-1	-3	1.35081	6.70327	5.33996	8.57024	69.53508	0.21127	1	1	1
	-1	-2	-3	1.35081	10.44219	1.15751	10.50620	69.53508	0.31750	1	1	1
	-1	-2	3	1.35081	6.70327	5.33996	8.57024	69.53508	0.21127	1	1	1
	-1	2	-3	1.35081	10.44219	1.15751	10.50620	69.53508	0.31750	1	1	1
	1	-2	3	1.35081	6.70327	5.33996	8.57024	69.53508	0.21127	1	1	1
	1	-2	-3	1.35081	10.44219	1.15751	10.50620	69.53508	0.31750	1	1	1
	-1	2	3	1.35081	6.70327	5.33996	8.57024	69.53508	0.21127	1	1	1
	2	-1	3	1.35081	10.44219	1.15751	10.50620	69.53508	0.31750	1	1	1
	2	1	-3	1.35081	6.70327	5.33996	8.57024	69.53508	0.21127	1	1	1
	2	-1	-3	1.35081	6.70327	5.33996	8.57024	69.53508	0.21127	1	1	1
	1	2	3	1.35081	6.70327	5.33996	8.57024	69.53508	0.21127	1	1	1
	1	2	-3	1.35081	10.44219	1.15751	10.50620	69.53508	0.31750	1	1	1
	2	1	3	1.35081	10.44219	1.15751	10.50620	69.53508	0.31750	1	1	1
	-3	-1	0	1.31858	-10.32938	-5.08361	11.51260	71.49138	0.36064	1	1	1
	-3	1	0	1.31858	-10.32938	-5.08361	11.51260	71.49138	0.36064	1	1	1
	-1	3	0	1.31858	-10.32938	-5.08361	11.51260	71.49138	0.36064	1	1	1
	-1	-3	0	1.31858	-10.32938	-5.08361	11.51260	71.49138	0.36064	1	1	1
	1	-3	0	1.31858	-10.32938	-5.08361	11.51260	71.49138	0.36064	1	1	1
	1	3	0	1.31858	-10.32938	-5.08361	11.51260	71.49138	0.36064	1	1	1
	3	-1	0	1.31858	-10.32938	-5.08361	11.51260	71.49138	0.36064	1	1	1
	3	1	0	1.31858	-10.32938	-5.08361	11.51260	71.49138	0.36064	1	1	1
	-2	-2	-2	1.31774	-10.32066	-5.08268	11.50430	71.54350	0.35961	1	1	1
	2	2	2	1.31774	-10.32066	-5.08268	11.50430	71.54350	0.35961	1	1	1
	-2	-2	2	1.31774	-10.32066	-5.08268	11.50430	71.54350	0.35961	1	1	1
	-2	2	-2	1.31774	-10.32066	-5.08268	11.50430	71.54350	0.35961	1	1	1
	2	-2	2	1.31774	-10.32066	-5.08268	11.50430	71.54350	0.35961	1	1	1
	2	-2	-2	1.31774	-10.32066	-5.08268	11.50430	71.54350	0.35961	1	1	1
	-2	2	2	1.31774	-10.32066	-5.08268	11.50430	71.54350	0.35961	1	1	1
	2	2	-2	1.31774	-10.32066	-5.08268	11.50430	71.54350	0.35961	1	1	1
	-1	1	-4	1.31525	-10.29457	-5.07991	11.47970	71.69976	0.35654	1	1	1
	-1	1	4	1.31525	-10.29457	-5.07991	11.47970	71.69976	0.35654	1	1	1
	-1	-1	4	1.31525	-10.29457	-5.07991	11.47970	71.69976	0.35654	1	1	1
	-1	-1	-4	1.31525	-10.29457	-5.07991	11.47970	71.69976	0.35654	1	1	1
	1	-1	-4	1.31525	-10.29457	-5.07991	11.47970	71.69976	0.35654	1	1	1
	1	-1	4	1.31525	-10.29457	-5.07991	11.47970	71.69976	0.35654	1	1	1
	1	1	-4	1.31525	-10.29457	-5.07991	11.47970	71.69976	0.35654	1	1	1
	1	1	4	1.31525	-10.29457	-5.07991	11.47970	71.69976	0.35654	1	1	1
	-3	-1	-2	1.20305	69.67689	12.86098	70.85390	79.62592	11.26920	1	1	1
	-3	1	-2	1.20305	69.67689	12.86098	70.85390	79.62592	11.26920	1	1	1
	-3	-1	2	1.20305	69.67689	12.86098	70.85390	79.62592	11.26920	1	1	1
	-3	1	2	1.20305	69.67689	12.86098	70.85390	79.62592	11.26920	1	1	1
	-1	-3	-2	1.20305	69.67689	12.86098	70.85390	79.62592	11.26920	1	1	1
	-1	-3	2	1.20305	69.67689	12.86098	70.85390	79.62592	11.26920	1	1	1
	1	-3	-2	1.20305	69.67689	12.86098	70.85390	79.62592	11.26920	1	1	1
	-1	3	2	1.20305	69.67689	12.86098	70.85390	79.62592	11.26920	1	1	1
	-1	3	-2	1.20305	69.67689	12.86098	70.85390	79.62592	11.26920	1	1	1
	3	-1	-2	1.20305	69.67689	12.86098	70.85390	79.62592	11.26920	1	1	1
	3	-1	2	1.20305	69.67689	12.86098	70.85390	79.62592	11.26920	1	1	1
	1	3	2	1.20305	69.67689	12.86098	70.85390	79.62592	11.26920	1	1	1
	1	3	-2	1.20305	69.67689	12.86098	70.85390	79.62592	11.26920	1	1	1
	1	-3	2	1.20305	69.67689	12.86098	70.85390	79.62592	11.26920	1	1	1
	3	1	-2	1.20305	69.67689	12.86098	70.85390	79.62592	11.26920	1	1	1
	3	1	2	1.20305	69.67689	12.86098	70.85390	79.62592	11.26920	1	1	1
	0	-2	4	1.20116	69.55278	12.85397	70.73060	79.77665	11.19692	1	1	1
	0	2	-4	1.20116	69.55278	12.85397	70.73060	79.77665	11.19692	1	1	1
	0	2	4	1.20116	69.55278	12.85397	70.73060	79.77665	11.19692	1	1	1
	2	0	4	1.20116	69.55278	12.85397	70.73060	79.77665	11.19692	1	1	1
	2	0	-4	1.20116	69.55278	12.85397	70.73060	79.77665	11.19692	1	1	1
	-2	0	4	1.20116	69.55278	12.85397	70.73060	79.77665	11.19692	1	1	1
	0	-2	-4	1.20116	69.55278	12.85397	70.73060	79.77665	11.19692	1	1	1
	-2	0	-4	1.20116	69.55278	12.85397	70.73060	79.77665	11.19692	1	1	1
	-3	-2	-1	1.13472	5.09307	4.53597	6.82015	85.50694	0.09470	1	1	1
	3	2	1	1.13472	8.62429	1.60056	8.77156	85.50694	0.15664	1	1	1
	-3	-2	1	1.13472	8.62429	1.60056	8.77156	85.50694	0.15664	1	1	1
	-2	-3	1	1.13472	5.09307	4.53597	6.82015	85.50694	0.09470	1	1	1
	-2	3	-1	1.13472	8.62429	1.60056	8.77156	85.50694	0.15664	1	1	1
	-2	-3	-1	1.13472	8.62429	1.60056	8.77156	85.50694	0.15664	1	1	1
	-3	2	1	1.13472	8.62429	1.60056	8.77156	85.50694	0.15664	1	1	1
	-3	2	-1	1.13472	5.09307	4.53597	6.82015	85.50694	0.09470	1	1	1
	-2	3	1	1.13472	5.09307	4.53597	6.82015	85.50694	0.09470	1	1	1
	2	-3	-1	1.13472	8.62429	1.60056	8.77156	85.50694	0.15664	1	1	1
	2	-3	1	1.13472	5.09307	4.53597	6.82015	85.50694	0.09470	1	1	1
	3	-2	-1	1.13472	5.09307	4.53597	6.82015	85.50694	0.09470	1	1	1
	2	3	1	1.13472	5.09307	4.53597	6.82015	85.50694	0.09470	1	1	1
	2	3	-1	1.13472	8.62429	1.60056	8.77156	85.50694	0.15664	1	1	1
	3	-2	1	1.13472	8.62429	1.60056	8.77156	85.50694	0.15664	1	1	1
	3	2	-1	1.13472	5.09307	4.53597	6.82015	85.50694	0.09470	1	1	1
	-3	0	3	1.13366	5.08543	4.53125	6.81130	85.60611	0.09432	1	1	1
	0	-3	-3	1.13366	5.08543	4.53125	6.81130	85.60611	0.09432	1	1	1
	-3	0	-3	1.13366	8.61537	1.60305	8.76324	85.60611	0.15613	1	1	1
	0	-3	3	1.13366	8.61537	1.60305	8.76324	85.60611	0.15613	1	1	1
	0	3	-3	1.13366	5.08543	4.53125	6.81130	85.60611	0.09432	1	1	1
	0	3	3	1.13366	8.61537	1.60305	8.76324	85.60611	0.15613	1	1	1
	3	0	3	1.13366	5.08543	4.53125	6.81130	85.60611	0.09432	1	1	1
	3	0	-3	1.13366	8.61537	1.60305	8.76324	85.60611	0.15613	1	1	1
	-1	0	-5	1.13154	5.07022	4.52182	6.79368	85.80439	0.09359	1	1	1
	-1	0	5	1.13154	8.59760	1.60803	8.74668	85.80439	0.15513	1	1	1
	0	-1	-5	1.13154	8.59760	1.60803	8.74668	85.80439	0.15513	1	1	1
	0	1	-5	1.13154	8.59760	1.60803	8.74668	85.80439	0.15513	1	1	1
	0	-1	5	1.13154	5.07022	4.52182	6.79368	85.80439	0.09359	1	1	1
	0	1	5	1.13154	5.07022	4.52182	6.79368	85.80439	0.09359	1	1	1
	1	0	-5	1.13154	5.07022	4.52182	6.79368	85.80439	0.09359	1	1	1
	1	0	5	1.13154	8.59760	1.60803	8.74668	85.80439	0.15513	1	1	1
	-4	0	0	1.04242	58.45612	12.14435	59.70430	95.28352	6.69014	1	1	1
	0	-4	0	1.04242	58.45612	12.14435	59.70430	95.28352	6.69014	1	1	1
	0	4	0	1.04242	58.45612	12.14435	59.70430	95.28352	6.69014	1	1	1
	4	0	0	1.04242	58.45612	12.14435	59.70430	95.28352	6.69014	1	1	1
	-2	-2	-4	1.04078	58.33437	12.13552	59.58330	95.48212	6.65899	1	1	1
	2	-2	-4	1.04078	58.33437	12.13552	59.58330	95.48212	6.65899	1	1	1
	2	-2	4	1.04078	58.33437	12.13552	59.58330	95.48212	6.65899	1	1	1
	-2	2	4	1.04078	58.33437	12.13552	59.58330	95.48212	6.65899	1	1	1
	-2	2	-4	1.04078	58.33437	12.13552	59.58330	95.48212	6.65899	1	1	1
	-2	-2	4	1.04078	58.33437	12.13552	59.58330	95.48212	6.65899	1	1	1
	2	2	-4	1.04078	58.33437	12.13552	59.58330	95.48212	6.65899	1	1	1
	2	2	4	1.04078	58.33437	12.13552	59.58330	95.48212	6.65899	1	1	1
	-4	1	-1	0.99666	7.49530	1.95201	7.74531	101.22619	0.11247	1	1	1
	-4	-1	1	0.99666	4.16145	3.84154	5.66349	101.22619	0.06013	1	1	1
	-4	-1	-1	0.99666	7.49530	1.95201	7.74531	101.22619	0.11247	1	1	1
	-1	4	-1	0.99666	4.16145	3.84154	5.66349	101.22619	0.06013	1	1	1
	-1	4	1	0.99666	7.49530	1.95201	7.74531	101.22619	0.11247	1	1	1
	-1	-4	1	0.99666	7.49530	1.95201	7.74531	101.22619	0.11247	1	1	1
	-1	-4	-1	0.99666	4.16145	3.84154	5.66349	101.22619	0.06013	1	1	1
	-4	1	1	0.99666	4.16145	3.84154	5.66349	101.22619	0.06013	1	1	1
	1	-4	-1	0.99666	4.16145	3.84154	5.66349	101.22619	0.06013	1	1	1
	1	-4	1	0.99666	7.49530	1.95201	7.74531	101.22619	0.11247	1	1	1
	1	4	-1	0.99666	4.16145	3.84154	5.66349	101.22619	0.06013	1	1	1
	4	-1	-1	0.99666	7.49530	1.95201	7.74531	101.22619	0.11247	1	1	1
	1	4	1	0.99666	7.49530	1.95201	7.74531	101.22619	0.11247	1	1	1
	4	-1	1	0.99666	4.16145	3.84154	5.66349	101.22619	0.06013	1	1	1
	4	1	-1	0.99666	7.49530	1.95201	7.74531	101.22619	0.11247	1	1	1
	4	1	1	0.99666	4.16145	3.84154	5.66349	101.22619	0.06013	1	1	1
	-3	-2	3	0.99594	4.15703	3.83747	5.65748	101.32700	0.06002	1	1	1
	-3	-2	-3	0.99594	7.48967	1.95397	7.74035	101.32700	0.11236	1	1	1
	-3	2	-3	0.99594	7.48967	1.95397	7.74035	101.32700	0.11236	1	1	1
	-3	2	3	0.99594	4.15703	3.83747	5.65748	101.32700	0.06002	1	1	1
	-2	-3	-3	0.99594	4.15703	3.83747	5.65748	101.32700	0.06002	1	1	1
	-2	3	3	0.99594	7.48967	1.95397	7.74035	101.32700	0.11236	1	1	1
	-2	3	-3	0.99594	4.15703	3.83747	5.65748	101.32700	0.06002	1	1	1
	-2	-3	3	0.99594	7.48967	1.95397	7.74035	101.32700	0.11236	1	1	1
	2	3	3	0.99594	7.48967	1.95397	7.74035	101.32700	0.11236	1	1	1
	3	-2	-3	0.99594	7.48967	1.95397	7.74035	101.32700	0.11236	1	1	1
	2	3	-3	0.99594	4.15703	3.83747	5.65748	101.32700	0.06002	1	1	1
	2	-3	3	0.99594	7.48967	1.95397	7.74035	101.32700	0.11236	1	1	1
	2	-3	-3	0.99594	4.15703	3.83747	5.65748	101.32700	0.06002	1	1	1
	3	-2	3	0.99594	4.15703	3.83747	5.65748	101.32700	0.06002	1	1	1
	3	2	-3	0.99594	7.48967	1.95397	7.74035	101.32700	0.11236	1	1	1
	3	2	3	0.99594	4.15703	3.83747	5.65748	101.32700	0.06002	1	1	1
	-2	1	-5	0.99451	7.47844	1.95787	7.73048	101.52873	0.11214	1	1	1
	-2	1	5	0.99451	4.14823	3.82936	5.64551	101.52873	0.05981	1	1	1
	-1	-2	-5	0.99451	4.14823	3.82936	5.64551	101.52873	0.05981	1	1	1
	-1	2	-5	0.99451	4.14823	3.82936	5.64551	101.52873	0.05981	1	1	1
	-1	-2	5	0.99451	7.47844	1.95787	7.73048	101.52873	0.11214	1	1	1
	-2	-1	-5	0.99451	7.47844	1.95787	7.73048	101.52873	0.11214	1	1	1
	-2	-1	5	0.99451	4.14823	3.82936	5.64551	101.52873	0.05981	1	1	1
	-1	2	5	0.99451	7.47844	1.95787	7.73048	101.52873	0.11214	1	1	1
	1	-2	-5	0.99451	4.14823	3.82936	5.64551	101.52873	0.05981	1	1	1
	1	-2	5	0.99451	7.47844	1.95787	7.73048	101.52873	0.11214	1	1	1
	2	-1	-5	0.99451	7.47844	1.95787	7.73048	101.52873	0.11214	1	1	1
	1	2	5	0.99451	7.47844	1.95787	7.73048	101.52873	0.11214	1	1	1
	1	2	-5	0.99451	4.14823	3.82936	5.64551	101.52873	0.05981	1	1	1
	2	-1	5	0.99451	4.14823	3.82936	5.64551	101.52873	0.05981	1	1	1
	2	1	-5	0.99451	7.47844	1.95787	7.73048	101.52873	0.11214	1	1	1
	2	1	5	0.99451	4.14823	3.82936	5.64551	101.52873	0.05981	1	1	1
	-3	-3	0	0.98281	-6.61853	-4.53121	8.02102	103.21435	0.12150	1	1	1
	-3	3	0	0.98281	-6.61853	-4.53121	8.02102	103.21435	0.12150	1	1	1
	3	-3	0	0.98281	-6.61853	-4.53121	8.02102	103.21435	0.12150	1	1	1
	3	3	0	0.98281	-6.61853	-4.53121	8.02102	103.21435	0.12150	1	1	1
	-4	0	-2	0.98246	-6.61468	-4.53038	8.01738	103.26513	0.12142	1	1	1
	0	-4	-2	0.98246	-6.61468	-4.53038	8.01738	103.26513	0.12142	1	1	1
	-4	0	2	0.98246	-6.61468	-4.53038	8.01738	103.26513	0.12142	1	1	1
	4	0	-2	0.98246	-6.61468	-4.53038	8.01738	103.26513	0.12142	1	1	1
	4	0	2	0.98246	-6.61468	-4.53038	8.01738	103.26513	0.12142	1	1	1
	0	4	2	0.98246	-6.61468	-4.53038	8.01738	103.26513	0.12142	1	1	1
	0	4	-2	0.98246	-6.61468	-4.53038	8.01738	103.26513	0.12142	1	1	1
	0	-4	2	0.98246	-6.61468	-4.53038	8.01738	103.26513	0.12142	1	1	1
	-3	-1	-4	0.98143	-6.60318	-4.52792	8.00650	103.41754	0.12117	1	1	1
	-3	-1	4	0.98143	-6.60318	-4.52792	8.00650	103.41754	0.12117	1	1	1
	-3	1	-4	0.98143	-6.60318	-4.52792	8.00650	103.41754	0.12117	1	1	1
	-1	-3	4	0.98143	-6.60318	-4.52792	8.00650	103.41754	0.12117	1	1	1
	-1	-3	-4	0.98143	-6.60318	-4.52792	8.00650	103.41754	0.12117	1	1	1
	-3	1	4	0.98143	-6.60318	-4.52792	8.00650	103.41754	0.12117	1	1	1
	1	-3	4	0.98143	-6.60318	-4.52792	8.00650	103.41754	0.12117	1	1	1
	1	3	-4	0.98143	-6.60318	-4.52792	8.00650	103.41754	0.12117	1	1	1
	1	-3	-4	0.98143	-6.60318	-4.52792	8.00650	103.41754	0.12117	1	1	1
	-1	3	4	0.98143	-6.60318	-4.52792	8.00650	103.41754	0.12117	1	1	1
	-1	3	-4	0.98143	-6.60318	-4.52792	8.00650	103.41754	0.12117	1	1	1
	1	3	4	0.98143	-6.60318	-4.52792	8.00650	103.41754	0.12117	1	1	1
	3	-1	-4	0.98143	-6.60318	-4.52792	8.00650	103.41754	0.12117	1	1	1
	3	-1	4	0.98143	-6.60318	-4.52792	8.00650	103.41754	0.12117	1	1	1
	3	1	4	0.98143	-6.60318	-4.52792	8.00650	103.41754	0.12117	1	1	1
	3	1	-4	0.98143	-6.60318	-4.52792	8.00650	103.41754	0.12117	1	1	1
	0	0	-6	0.97972	-6.58411	-4.52380	7.98844	103.67177	0.12078	1	1	1
	0	0	6	0.97972	-6.58411	-4.52380	7.98844	103.67177	0.12078	1	1	1
	-4	2	0	0.93237	50.03605	11.46556	51.33290	111.41406	5.31686	1	1	1
	-2	-4	0	0.93237	50.03605	11.46556	51.33290	111.41406	5.31686	1	1	1
	-4	-2	0	0.93237	50.03605	11.46556	51.33290	111.41406	5.31686	1	1	1
	-2	4	0	0.93237	50.03605	11.46556	51.33290	111.41406	5.31686	1	1	1
	2	-4	0	0.93237	50.03605	11.46556	51.33290	111.41406	5.31686	1	1	1
	2	4	0	0.93237	50.03605	11.46556	51.33290	111.41406	5.31686	1	1	1
	4	2	0	0.93237	50.03605	11.46556	51.33290	111.41406	5.31686	1	1	1
	4	-2	0	0.93237	50.03605	11.46556	51.33290	111.41406	5.31686	1	1	1
	-3	-3	-2	0.93208	50.01287	11.46347	51.30980	111.46717	5.31530	1	1	1
	-3	-3	2	0.93208	50.01287	11.46347	51.30980	111.46717	5.31530	1	1	1
	-3	3	-2	0.93208	50.01287	11.46347	51.30980	111.46717	5.31530	1	1	1
	3	-3	-2	0.93208	50.01287	11.46347	51.30980	111.46717	5.31530	1	1	1
	-3	3	2	0.93208	50.01287	11.46347	51.30980	111.46717	5.31530	1	1	1
	3	-3	2	0.93208	50.01287	11.46347	51.30980	111.46717	5.31530	1	1	1
	3	3	-2	0.93208	50.01287	11.46347	51.30980	111.46717	5.31530	1	1	1
	3	3	2	0.93208	50.01287	11.46347	51.30980	111.46717	5.31530	1	1	1
	-1	1	-6	0.92973	49.82809	11.44682	51.12600	111.89273	5.30331	1	1	1
	-1	-1	6	0.92973	49.82809	11.44682	51.12600	111.89273	5.30331	1	1	1
	-1	-1	-6	0.92973	49.82809	11.44682	51.12600	111.89273	5.30331	1	1	1
	1	1	-6	0.92973	49.82809	11.44682	51.12600	111.89273	5.30331	1	1	1
	1	1	6	0.92973	49.82809	11.44682	51.12600	111.89273	5.30331	1	1	1
	1	-1	6	0.92973	49.82809	11.44682	51.12600	111.89273	5.30331	1	1	1
	1	-1	-6	0.92973	49.82809	11.44682	51.12600	111.89273	5.30331	1	1	1
	-1	1	6	0.92973	49.82809	11.44682	51.12600	111.89273	5.30331	1	1	1
	-4	-1	-3	0.89867	3.61400	3.24431	4.85660	117.99726	0.05208	1	1	1
	-4	-1	3	0.89867	6.76037	2.22342	7.11661	117.99726	0.11183	1	1	1
	-4	1	3	0.89867	6.76037	2.22342	7.11661	117.99726	0.11183	1	1	1
	-4	1	-3	0.89867	3.61400	3.24431	4.85660	117.99726	0.05208	1	1	1
	-1	-4	-3	0.89867	6.76037	2.22342	7.11661	117.99726	0.11183	1	1	1
	-1	-4	3	0.89867	3.61400	3.24431	4.85660	117.99726	0.05208	1	1	1
	-1	4	-3	0.89867	6.76037	2.22342	7.11661	117.99726	0.11183	1	1	1
	1	-4	3	0.89867	3.61400	3.24431	4.85660	117.99726	0.05208	1	1	1
	1	-4	-3	0.89867	6.76037	2.22342	7.11661	117.99726	0.11183	1	1	1
	-1	4	3	0.89867	3.61400	3.24431	4.85660	117.99726	0.05208	1	1	1
	4	-1	3	0.89867	6.76037	2.22342	7.11661	117.99726	0.11183	1	1	1
	4	1	-3	0.89867	3.61400	3.24431	4.85660	117.99726	0.05208	1	1	1
	4	-1	-3	0.89867	3.61400	3.24431	4.85660	117.99726	0.05208	1	1	1
	1	4	3	0.89867	3.61400	3.24431	4.85660	117.99726	0.05208	1	1	1
	1	4	-3	0.89867	6.76037	2.22342	7.11661	117.99726	0.11183	1	1	1
	4	1	3	0.89867	6.76037	2.22342	7.11661	117.99726	0.11183	1	1	1
	-3	0	-5	0.89761	3.60877	3.23745	4.84812	118.22143	0.05208	1	1	1
	-3	0	5	0.89761	6.75285	2.22632	7.11037	118.22143	0.11203	1	1	1
	0	-3	5	0.89761	3.60877	3.23745	4.84812	118.22143	0.05208	1	1	1
	0	-3	-5	0.89761	6.75285	2.22632	7.11037	118.22143	0.11203	1	1	1
	0	3	-5	0.89761	6.75285	2.22632	7.11037	118.22143	0.11203	1	1	1
	0	3	5	0.89761	3.60877	3.23745	4.84812	118.22143	0.05208	1	1	1
	3	0	-5	0.89761	3.60877	3.23745	4.84812	118.22143	0.05208	1	1	1
	3	0	5	0.89761	6.75285	2.22632	7.11037	118.22143	0.11203	1	1	1
	-4	-2	-2	0.88873	-5.59173	-4.27717	7.04000	120.16411	0.11343	1	1	1
	-4	-2	2	0.88873	-5.59173	-4.27717	7.04000	120.16411	0.11343	1	1	1
	-4	2	2	0.88873	-5.59173	-4.27717	7.04000	120.16411	0.11343	1	1	1
	-4	2	-2	0.88873	-5.59173	-4.27717	7.04000	120.16411	0.11343	1	1	1
	-2	4	2	0.88873	-5.59173	-4.27717	7.04000	120.16411	0.11343	1	1	1
	-2	-4	2	0.88873	-5.59173	-4.27717	7.04000	120.16411	0.11343	1	1	1
	-2	-4	-2	0.88873	-5.59173	-4.27717	7.04000	120.16411	0.11343	1	1	1
	2	4	-2	0.88873	-5.59173	-4.27717	7.04000	120.16411	0.11343	1	1	1
	2	4	2	0.88873	-5.59173	-4.27717	7.04000	120.16411	0.11343	1	1	1
	2	-4	2	0.88873	-5.59173	-4.27717	7.04000	120.16411	0.11343	1	1	1
	2	-4	-2	0.88873	-5.59173	-4.27717	7.04000	120.16411	0.11343	1	1	1
	-2	4	-2	0.88873	-5.59173	-4.27717	7.04000	120.16411	0.11343	1	1	1
	4	-2	-2	0.88873	-5.59173	-4.27717	7.04000	120.16411	0.11343	1	1	1
	4	-2	2	0.88873	-5.59173	-4.27717	7.04000	120.16411	0.11343	1	1	1
	4	2	-2	0.88873	-5.59173	-4.27717	7.04000	120.16411	0.11343	1	1	1
	4	2	2	0.88873	-5.59173	-4.27717	7.04000	120.16411	0.11343	1	1	1
	-2	0	-6	0.88669	-5.57015	-4.27095	7.01909	120.62258	0.11366	1	1	1
	0	2	-6	0.88669	-5.57015	-4.27095	7.01909	120.62258	0.11366	1	1	1
	0	2	6	0.88669	-5.57015	-4.27095	7.01909	120.62258	0.11366	1	1	1
	0	-2	6	0.88669	-5.57015	-4.27095	7.01909	120.62258	0.11366	1	1	1
	0	-2	-6	0.88669	-5.57015	-4.27095	7.01909	120.62258	0.11366	1	1	1
	-2	0	6	0.88669	-5.57015	-4.27095	7.01909	120.62258	0.11366	1	1	1
	2	0	-6	0.88669	-5.57015	-4.27095	7.01909	120.62258	0.11366	1	1	1
	2	0	6	0.88669	-5.57015	-4.27095	7.01909	120.62258	0.11366	1	1	1
