   h    k    l      d (Å)      F(real)      F(imag)          |F|         2θ          I    M ID(λ) Phase
  -1    0    0   4.211200     0.000000    -0.000000  4.20497e-15   21.07932    0.00000    1     1     1
   0   -1    0   4.211200     0.000000    -0.000000  4.20497e-15   21.07932    0.00000    1     1     1
   0    0    1   4.211200     0.000000     0.000000  4.13558e-15   21.07932    0.00000    1     1     1
   0    0   -1   4.211200     0.000000    -0.000000  4.20497e-15   21.07932    0.00000    1     1     1
   0    1    0   4.211200     0.000000     0.000000  4.13558e-15   21.07932    0.00000    1     1     1
   1    0    0   4.211200     0.000000     0.000000  4.13558e-15   21.07932    0.00000    1     1     1
  -1   -1    0   2.977768     0.000000     0.000000  4.85723e-17   29.98380    0.00000    1     1     1
  -1    0   -1   2.977768     0.000000     0.000000  4.85723e-17   29.98380    0.00000    1     1     1
   0   -1   -1   2.977768     0.000000     0.000000  4.85723e-17   29.98380    0.00000    1     1     1
   0    1    1   2.977768     0.000000    -0.000000  4.85723e-17   29.98380    0.00000    1     1     1
   1    1    0   2.977768     0.000000    -0.000000  2.08167e-17   29.98380    0.00000    1     1     1
   1    0    1   2.977768     0.000000    -0.000000  2.08167e-17   29.98380    0.00000    1     1     1
  -1    0    1   2.977768     0.000000     0.000000            0   29.98380    0.00000    1     1     1
  -1    1    0   2.977768     0.000000     0.000000            0   29.98380    0.00000    1     1     1
   0    1   -1   2.977768     0.000000     0.000000            0   29.98380    0.00000    1     1     1
   0   -1    1   2.977768     0.000000     0.000000            0   29.98380    0.00000    1     1     1
   1   -1    0   2.977768     0.000000     0.000000            0   29.98380    0.00000    1     1     1
   1    0   -1   2.977768     0.000000     0.000000            0   29.98380    0.00000    1     1     1
   1    1    1   2.431338    12.476560     0.555444      12.4889   36.94144    8.40853    1     1     1
  -1   -1   -1   2.431338    12.476560     0.555444      12.4889   36.94144    8.40853    1     1     1
  -1    1    1   2.431338    12.476560     0.555444      12.4889   36.94144    8.40853    1     1     1
   1   -1   -1   2.431338    12.476560     0.555444      12.4889   36.94144    8.40853    1     1     1
  -1    1   -1   2.431338    12.476560     0.555444      12.4889   36.94144    8.40853    1     1     1
  -1   -1    1   2.431338    12.476560     0.555444      12.4889   36.94144    8.40853    1     1     1
   1   -1    1   2.431338    12.476560     0.555444      12.4889   36.94144    8.40853    1     1     1
   1    1   -1   2.431338    12.476560     0.555444      12.4889   36.94144    8.40853    1     1     1
   0   -2    0   2.105600    50.873308     0.790012      50.8794   42.91762  100.00000    1     1     1
  -2    0    0   2.105600    50.873308     0.790012      50.8794   42.91762  100.00000    1     1     1
   0    2    0   2.105600    50.873308     0.790012      50.8794   42.91762  100.00000    1     1     1
   0    0    2   2.105600    50.873308     0.790012      50.8794   42.91762  100.00000    1     1     1
   0    0   -2   2.105600    50.873308     0.790012      50.8794   42.91762  100.00000    1     1     1
   2    0    0   2.105600    50.873308     0.790012      50.8794   42.91762  100.00000    1     1     1
  -2   -1    0   1.883306     0.000000    -0.000000  2.94903e-15   48.28568    0.00000    1     1     1
  -2    0    1   1.883306     0.000000     0.000000  2.88658e-15   48.28568    0.00000    1     1     1
  -2    0   -1   1.883306     0.000000    -0.000000  2.94903e-15   48.28568    0.00000    1     1     1
  -1    0   -2   1.883306     0.000000    -0.000000  2.94903e-15   48.28568    0.00000    1     1     1
  -1    0    2   1.883306     0.000000    -0.000000  2.88658e-15   48.28568    0.00000    1     1     1
  -1   -2    0   1.883306     0.000000    -0.000000  2.94903e-15   48.28568    0.00000    1     1     1
  -2    1    0   1.883306     0.000000     0.000000  2.88658e-15   48.28568    0.00000    1     1     1
   0   -1    2   1.883306     0.000000    -0.000000  2.88658e-15   48.28568    0.00000    1     1     1
   0    1   -2   1.883306     0.000000     0.000000  2.88658e-15   48.28568    0.00000    1     1     1
   0    1    2   1.883306     0.000000     0.000000  2.94903e-15   48.28568    0.00000    1     1     1
   0   -2    1   1.883306     0.000000     0.000000  2.88658e-15   48.28568    0.00000    1     1     1
   0   -1   -2   1.883306     0.000000    -0.000000  2.94903e-15   48.28568    0.00000    1     1     1
   0   -2   -1   1.883306     0.000000    -0.000000  2.94903e-15   48.28568    0.00000    1     1     1
  -1    2    0   1.883306     0.000000    -0.000000  2.88658e-15   48.28568    0.00000    1     1     1
   0    2   -1   1.883306     0.000000    -0.000000  2.88658e-15   48.28568    0.00000    1     1     1
   0    2    1   1.883306     0.000000     0.000000  2.94903e-15   48.28568    0.00000    1     1     1
   1    0   -2   1.883306     0.000000     0.000000  2.88658e-15   48.28568    0.00000    1     1     1
   1   -2    0   1.883306     0.000000     0.000000  2.88658e-15   48.28568    0.00000    1     1     1
   2   -1    0   1.883306     0.000000    -0.000000  2.88658e-15   48.28568    0.00000    1     1     1
   2    0   -1   1.883306     0.000000    -0.000000  2.88658e-15   48.28568    0.00000    1     1     1
   1    2    0   1.883306     0.000000     0.000000  2.94903e-15   48.28568    0.00000    1     1     1
   1    0    2   1.883306     0.000000     0.000000  2.94903e-15   48.28568    0.00000    1     1     1
   2    0    1   1.883306     0.000000     0.000000  2.94903e-15   48.28568    0.00000    1     1     1
   2    1    0   1.883306     0.000000     0.000000  2.94903e-15   48.28568    0.00000    1     1     1
  -2    1   -1   1.719215     0.000000    -0.000000  1.55778e-15   53.23744    0.00000    1     1     1
  -2    1    1   1.719215     0.000000    -0.000000  1.58901e-15   53.23744    0.00000    1     1     1
  -1   -2   -1   1.719215     0.000000    -0.000000  1.57513e-15   53.23744    0.00000    1     1     1
  -2   -1   -1   1.719215     0.000000    -0.000000  1.57513e-15   53.23744    0.00000    1     1     1
  -2   -1    1   1.719215     0.000000    -0.000000  1.55778e-15   53.23744    0.00000    1     1     1
  -1   -2    1   1.719215     0.000000    -0.000000  1.55778e-15   53.23744    0.00000    1     1     1
  -1   -1   -2   1.719215     0.000000    -0.000000  1.57513e-15   53.23744    0.00000    1     1     1
  -1    1   -2   1.719215     0.000000    -0.000000  1.55778e-15   53.23744    0.00000    1     1     1
  -1   -1    2   1.719215     0.000000     0.000000  1.53003e-15   53.23744    0.00000    1     1     1
  -1    2    1   1.719215     0.000000     0.000000  1.55778e-15   53.23744    0.00000    1     1     1
   1   -2   -1   1.719215     0.000000    -0.000000  1.55778e-15   53.23744    0.00000    1     1     1
  -1    2   -1   1.719215     0.000000     0.000000  1.53003e-15   53.23744    0.00000    1     1     1
  -1    1    2   1.719215     0.000000     0.000000  1.55778e-15   53.23744    0.00000    1     1     1
   1    1    2   1.719215     0.000000     0.000000  1.54737e-15   53.23744    0.00000    1     1     1
   1    2   -1   1.719215     0.000000     0.000000  1.55778e-15   53.23744    0.00000    1     1     1
   1    2    1   1.719215     0.000000     0.000000  1.54737e-15   53.23744    0.00000    1     1     1
   1   -1    2   1.719215     0.000000     0.000000  1.55778e-15   53.23744    0.00000    1     1     1
   1    1   -2   1.719215     0.000000    -0.000000  1.56125e-15   53.23744    0.00000    1     1     1
   1   -1   -2   1.719215     0.000000    -0.000000  1.55778e-15   53.23744    0.00000    1     1     1
   1   -2    1   1.719215     0.000000    -0.000000  1.56125e-15   53.23744    0.00000    1     1     1
   2   -1   -1   1.719215     0.000000     0.000000   1.5335e-15   53.23744    0.00000    1     1     1
   2   -1    1   1.719215     0.000000     0.000000  1.55778e-15   53.23744    0.00000    1     1     1
   2    1    1   1.719215     0.000000     0.000000  1.51962e-15   53.23744    0.00000    1     1     1
   2    1   -1   1.719215     0.000000     0.000000  1.55778e-15   53.23744    0.00000    1     1     1
   0   -2   -2   1.488884    38.787759     0.746698      38.7949   62.31133   25.02106    1     1     1
   0    2    2   1.488884    38.787759     0.746698      38.7949   62.31133   25.02106    1     1     1
  -2    0   -2   1.488884    38.787759     0.746698      38.7949   62.31133   25.02106    1     1     1
  -2   -2    0   1.488884    38.787759     0.746698      38.7949   62.31133   25.02106    1     1     1
   2    0    2   1.488884    38.787759     0.746698      38.7949   62.31133   25.02106    1     1     1
   2    2    0   1.488884    38.787759     0.746698      38.7949   62.31133   25.02106    1     1     1
  -2    2    0   1.488884    38.787759     0.746698      38.7949   62.31133   25.02106    1     1     1
  -2    0    2   1.488884    38.787759     0.746698      38.7949   62.31133   25.02106    1     1     1
   2   -2    0   1.488884    38.787759     0.746698      38.7949   62.31133   25.02106    1     1     1
   0    2   -2   1.488884    38.787759     0.746698      38.7949   62.31133   25.02106    1     1     1
   0   -2    2   1.488884    38.787759     0.746698      38.7949   62.31133   25.02106    1     1     1
   2    0   -2   1.488884    38.787759     0.746698      38.7949   62.31133   25.02106    1     1     1
  -2   -2   -1   1.403733     0.000000    -0.000000  2.22392e-15   66.56238    0.00000    1     1     1
   2    2    1   1.403733     0.000000     0.000000  2.19269e-15   66.56238    0.00000    1     1     1
  -3    0    0   1.403733     0.000000    -0.000000  6.69603e-15   66.56238    0.00000    1     1     1
  -2   -1    2   1.403733     0.000000    -0.000000  2.22045e-15   66.56238    0.00000    1     1     1
  -2    1   -2   1.403733     0.000000     0.000000  2.26208e-15   66.56238    0.00000    1     1     1
  -2   -1   -2   1.403733     0.000000    -0.000000  2.22392e-15   66.56238    0.00000    1     1     1
  -2   -2    1   1.403733     0.000000     0.000000  2.26208e-15   66.56238    0.00000    1     1     1
  -1   -2    2   1.403733     0.000000    -0.000000  2.22045e-15   66.56238    0.00000    1     1     1
  -1    2   -2   1.403733     0.000000    -0.000000  2.22045e-15   66.56238    0.00000    1     1     1
  -1    2    2   1.403733     0.000000    -0.000000  2.24126e-15   66.56238    0.00000    1     1     1
  -2    2    1   1.403733     0.000000     0.000000  2.24126e-15   66.56238    0.00000    1     1     1
  -1   -2   -2   1.403733     0.000000    -0.000000   2.2482e-15   66.56238    0.00000    1     1     1
  -2    2   -1   1.403733     0.000000    -0.000000  2.22045e-15   66.56238    0.00000    1     1     1
  -2    1    2   1.403733     0.000000     0.000000  2.24126e-15   66.56238    0.00000    1     1     1
   2   -2   -1   1.403733     0.000000    -0.000000  2.22045e-15   66.56238    0.00000    1     1     1
   2   -2    1   1.403733     0.000000     0.000000  2.24126e-15   66.56238    0.00000    1     1     1
   2   -1    2   1.403733     0.000000    -0.000000  2.24126e-15   66.56238    0.00000    1     1     1
   2   -1   -2   1.403733     0.000000    -0.000000  2.22045e-15   66.56238    0.00000    1     1     1
   2    2   -1   1.403733     0.000000    -0.000000  2.24126e-15   66.56238    0.00000    1     1     1
   2    1    2   1.403733     0.000000     0.000000  2.19269e-15   66.56238    0.00000    1     1     1
   2    1   -2   1.403733     0.000000     0.000000  2.24126e-15   66.56238    0.00000    1     1     1
   1   -2   -2   1.403733     0.000000     0.000000  2.23432e-15   66.56238    0.00000    1     1     1
   1   -2    2   1.403733     0.000000     0.000000  2.24126e-15   66.56238    0.00000    1     1     1
   1    2    2   1.403733     0.000000     0.000000  2.19269e-15   66.56238    0.00000    1     1     1
   1    2   -2   1.403733     0.000000     0.000000  2.24126e-15   66.56238    0.00000    1     1     1
   0    0    3   1.403733     0.000000     0.000000  6.68909e-15   66.56238    0.00000    1     1     1
   0    3    0   1.403733     0.000000     0.000000  6.68909e-15   66.56238    0.00000    1     1     1
   0    0   -3   1.403733     0.000000    -0.000000  6.69603e-15   66.56238    0.00000    1     1     1
   0   -3    0   1.403733     0.000000    -0.000000  6.69603e-15   66.56238    0.00000    1     1     1
   3    0    0   1.403733     0.000000     0.000000  6.68909e-15   66.56238    0.00000    1     1     1
  -3   -1    0   1.331698     0.000000     0.000000  2.77556e-17   70.68061    0.00000    1     1     1
  -3    0    1   1.331698     0.000000    -0.000000  2.42861e-17   70.68061    0.00000    1     1     1
  -3    0   -1   1.331698     0.000000     0.000000  2.77556e-17   70.68061    0.00000    1     1     1
  -1    0   -3   1.331698     0.000000     0.000000  2.77556e-17   70.68061    0.00000    1     1     1
  -1    0    3   1.331698     0.000000    -0.000000  6.93889e-18   70.68061    0.00000    1     1     1
  -1   -3    0   1.331698     0.000000     0.000000  2.77556e-17   70.68061    0.00000    1     1     1
  -3    1    0   1.331698     0.000000    -0.000000  2.42861e-17   70.68061    0.00000    1     1     1
   0   -1    3   1.331698     0.000000     0.000000  1.73472e-17   70.68061    0.00000    1     1     1
   0    1   -3   1.331698     0.000000    -0.000000  5.20417e-17   70.68061    0.00000    1     1     1
   0    3   -1   1.331698     0.000000     0.000000  1.73472e-17   70.68061    0.00000    1     1     1
   0    1    3   1.331698     0.000000    -0.000000  3.46945e-17   70.68061    0.00000    1     1     1
   0   -3    1   1.331698     0.000000    -0.000000  5.20417e-17   70.68061    0.00000    1     1     1
   0   -1   -3   1.331698     0.000000     0.000000            0   70.68061    0.00000    1     1     1
   0   -3   -1   1.331698     0.000000     0.000000            0   70.68061    0.00000    1     1     1
  -1    3    0   1.331698     0.000000    -0.000000  6.93889e-18   70.68061    0.00000    1     1     1
   0    3    1   1.331698     0.000000    -0.000000  3.46945e-17   70.68061    0.00000    1     1     1
   1   -3    0   1.331698     0.000000    -0.000000  2.42861e-17   70.68061    0.00000    1     1     1
   1    0    3   1.331698     0.000000    -0.000000   3.1225e-17   70.68061    0.00000    1     1     1
   1    0   -3   1.331698     0.000000    -0.000000  2.42861e-17   70.68061    0.00000    1     1     1
   3    0   -1   1.331698     0.000000    -0.000000  6.93889e-18   70.68061    0.00000    1     1     1
   3    0    1   1.331698     0.000000    -0.000000   3.1225e-17   70.68061    0.00000    1     1     1
   3   -1    0   1.331698     0.000000    -0.000000  6.93889e-18   70.68061    0.00000    1     1     1
   1    3    0   1.331698     0.000000    -0.000000   3.1225e-17   70.68061    0.00000    1     1     1
   3    1    0   1.331698     0.000000    -0.000000   3.1225e-17   70.68061    0.00000    1     1     1
  -3   -1   -1   1.269725    11.422058     0.496206      11.4328   74.69738    1.49661    1     1     1
  -1   -1   -3   1.269725    11.422058     0.496206      11.4328   74.69738    1.49661    1     1     1
  -1   -3   -1   1.269725    11.422058     0.496206      11.4328   74.69738    1.49661    1     1     1
   1    1    3   1.269725    11.422058     0.496206      11.4328   74.69738    1.49661    1     1     1
   1    1   -3   1.269725    11.422058     0.496206      11.4328   74.69738    1.49661    1     1     1
  -1   -1    3   1.269725    11.422058     0.496206      11.4328   74.69738    1.49661    1     1     1
   1    3    1   1.269725    11.422058     0.496206      11.4328   74.69738    1.49661    1     1     1
   3    1    1   1.269725    11.422058     0.496206      11.4328   74.69738    1.49661    1     1     1
  -3    1   -1   1.269725    11.422058     0.496206      11.4328   74.69738    1.49661    1     1     1
  -3   -1    1   1.269725    11.422058     0.496206      11.4328   74.69738    1.49661    1     1     1
  -1    1   -3   1.269725    11.422058     0.496206      11.4328   74.69738    1.49661    1     1     1
  -1    1    3   1.269725    11.422058     0.496206      11.4328   74.69738    1.49661    1     1     1
  -1   -3    1   1.269725    11.422058     0.496206      11.4328   74.69738    1.49661    1     1     1
  -3    1    1   1.269725    11.422058     0.496206      11.4328   74.69738    1.49661    1     1     1
   1   -1   -3   1.269725    11.422058     0.496206      11.4328   74.69738    1.49661    1     1     1
   1   -1    3   1.269725    11.422058     0.496206      11.4328   74.69738    1.49661    1     1     1
   1    3   -1   1.269725    11.422058     0.496206      11.4328   74.69738    1.49661    1     1     1
   1   -3   -1   1.269725    11.422058     0.496206      11.4328   74.69738    1.49661    1     1     1
   1   -3    1   1.269725    11.422058     0.496206      11.4328   74.69738    1.49661    1     1     1
  -1    3    1   1.269725    11.422058     0.496206      11.4328   74.69738    1.49661    1     1     1
  -1    3   -1   1.269725    11.422058     0.496206      11.4328   74.69738    1.49661    1     1     1
   3   -1   -1   1.269725    11.422058     0.496206      11.4328   74.69738    1.49661    1     1     1
   3   -1    1   1.269725    11.422058     0.496206      11.4328   74.69738    1.49661    1     1     1
   3    1   -1   1.269725    11.422058     0.496206      11.4328   74.69738    1.49661    1     1     1
  -2   -2   -2   1.215669    31.018958     0.705758       31.027   78.63839   10.08319    1     1     1
   2    2    2   1.215669    31.018958     0.705758       31.027   78.63839   10.08319    1     1     1
  -2    2   -2   1.215669    31.018958     0.705758       31.027   78.63839   10.08319    1     1     1
  -2    2    2   1.215669    31.018958     0.705758       31.027   78.63839   10.08319    1     1     1
  -2   -2    2   1.215669    31.018958     0.705758       31.027   78.63839   10.08319    1     1     1
   2   -2   -2   1.215669    31.018958     0.705758       31.027   78.63839   10.08319    1     1     1
   2   -2    2   1.215669    31.018958     0.705758       31.027   78.63839   10.08319    1     1     1
   2    2   -2   1.215669    31.018958     0.705758       31.027   78.63839   10.08319    1     1     1
  -3    0   -2   1.167977     0.000000    -0.000000  5.45744e-15   82.52556    0.00000    1     1     1
   0   -3   -2   1.167977     0.000000    -0.000000  5.42622e-15   82.52556    0.00000    1     1     1
   0    3    2   1.167977     0.000000     0.000000  5.39499e-15   82.52556    0.00000    1     1     1
  -3   -2    0   1.167977     0.000000    -0.000000  5.45744e-15   82.52556    0.00000    1     1     1
   3    0    2   1.167977     0.000000     0.000000  5.39152e-15   82.52556    0.00000    1     1     1
   3    2    0   1.167977     0.000000     0.000000  5.39152e-15   82.52556    0.00000    1     1     1
  -3    2    0   1.167977     0.000000    -0.000000  5.45397e-15   82.52556    0.00000    1     1     1
  -3    0    2   1.167977     0.000000    -0.000000  5.45397e-15   82.52556    0.00000    1     1     1
  -2    0    3   1.167977     0.000000     0.000000  5.42275e-15   82.52556    0.00000    1     1     1
  -2    3    0   1.167977     0.000000     0.000000  5.42275e-15   82.52556    0.00000    1     1     1
  -2    0   -3   1.167977     0.000000    -0.000000  5.42622e-15   82.52556    0.00000    1     1     1
  -2   -3    0   1.167977     0.000000    -0.000000  5.42622e-15   82.52556    0.00000    1     1     1
   0    2    3   1.167977     0.000000     0.000000  5.39499e-15   82.52556    0.00000    1     1     1
   0    3   -2   1.167977     0.000000     0.000000  5.42275e-15   82.52556    0.00000    1     1     1
   2   -3    0   1.167977     0.000000    -0.000000  5.45397e-15   82.52556    0.00000    1     1     1
   0   -2    3   1.167977     0.000000     0.000000  5.42275e-15   82.52556    0.00000    1     1     1
   0    2   -3   1.167977     0.000000    -0.000000  5.45397e-15   82.52556    0.00000    1     1     1
   0   -2   -3   1.167977     0.000000    -0.000000  5.42622e-15   82.52556    0.00000    1     1     1
   0   -3    2   1.167977     0.000000    -0.000000  5.45397e-15   82.52556    0.00000    1     1     1
   2    0   -3   1.167977     0.000000    -0.000000  5.45397e-15   82.52556    0.00000    1     1     1
   2    0    3   1.167977     0.000000     0.000000  5.39499e-15   82.52556    0.00000    1     1     1
   3   -2    0   1.167977     0.000000     0.000000  5.39499e-15   82.52556    0.00000    1     1     1
   2    3    0   1.167977     0.000000     0.000000  5.39499e-15   82.52556    0.00000    1     1     1
   3    0   -2   1.167977     0.000000     0.000000  5.39499e-15   82.52556    0.00000    1     1     1
  -3    1   -2   1.125491     0.000000    -0.000000  1.26635e-15   86.37837    0.00000    1     1     1
  -2   -3   -1   1.125491     0.000000    -0.000000  1.27329e-15   86.37837    0.00000    1     1     1
  -2   -1   -3   1.125491     0.000000    -0.000000  1.27329e-15   86.37837    0.00000    1     1     1
  -2   -3    1   1.125491     0.000000    -0.000000  1.26635e-15   86.37837    0.00000    1     1     1
  -2    1    3   1.125491     0.000000    -0.000000  1.26288e-15   86.37837    0.00000    1     1     1
  -2    1   -3   1.125491     0.000000    -0.000000  1.26635e-15   86.37837    0.00000    1     1     1
  -2   -1    3   1.125491     0.000000    -0.000000  1.21431e-15   86.37837    0.00000    1     1     1
  -3   -2   -1   1.125491     0.000000    -0.000000  1.27329e-15   86.37837    0.00000    1     1     1
  -3   -1   -2   1.125491     0.000000    -0.000000  1.27329e-15   86.37837    0.00000    1     1     1
  -3   -2    1   1.125491     0.000000    -0.000000  1.26635e-15   86.37837    0.00000    1     1     1
  -2    3   -1   1.125491     0.000000    -0.000000  1.21431e-15   86.37837    0.00000    1     1     1
  -2    3    1   1.125491     0.000000    -0.000000  1.26288e-15   86.37837    0.00000    1     1     1
  -1   -2   -3   1.125491     0.000000    -0.000000  1.27329e-15   86.37837    0.00000    1     1     1
  -1   -3   -2   1.125491     0.000000    -0.000000  1.27329e-15   86.37837    0.00000    1     1     1
  -1    2    3   1.125491     0.000000     0.000000   1.2941e-15   86.37837    0.00000    1     1     1
  -1    3    2   1.125491     0.000000     0.000000   1.2941e-15   86.37837    0.00000    1     1     1
  -1    2   -3   1.125491     0.000000     0.000000  1.26288e-15   86.37837    0.00000    1     1     1
  -1   -2    3   1.125491     0.000000    -0.000000  1.21084e-15   86.37837    0.00000    1     1     1
   1    2    3   1.125491     0.000000     0.000000  1.27329e-15   86.37837    0.00000    1     1     1
   1    3    2   1.125491     0.000000     0.000000  1.27329e-15   86.37837    0.00000    1     1     1
   2   -3   -1   1.125491     0.000000     0.000000  1.26635e-15   86.37837    0.00000    1     1     1
   1   -2    3   1.125491     0.000000    -0.000000  1.23859e-15   86.37837    0.00000    1     1     1
   1    2   -3   1.125491     0.000000     0.000000  1.26635e-15   86.37837    0.00000    1     1     1
   1   -2   -3   1.125491     0.000000    -0.000000  1.26635e-15   86.37837    0.00000    1     1     1
   1   -3   -2   1.125491     0.000000    -0.000000  1.26635e-15   86.37837    0.00000    1     1     1
   2   -3    1   1.125491     0.000000     0.000000  1.26635e-15   86.37837    0.00000    1     1     1
   2   -1   -3   1.125491     0.000000     0.000000  1.26635e-15   86.37837    0.00000    1     1     1
   2    1   -3   1.125491     0.000000     0.000000  1.26635e-15   86.37837    0.00000    1     1     1
   2   -1    3   1.125491     0.000000     0.000000  1.29757e-15   86.37837    0.00000    1     1     1
   2    3    1   1.125491     0.000000     0.000000    1.249e-15   86.37837    0.00000    1     1     1
   3   -1    2   1.125491     0.000000     0.000000   1.2941e-15   86.37837    0.00000    1     1     1
   2    3   -1   1.125491     0.000000     0.000000  1.29757e-15   86.37837    0.00000    1     1     1
   2    1    3   1.125491     0.000000     0.000000    1.249e-15   86.37837    0.00000    1     1     1
   3    1    2   1.125491     0.000000     0.000000  1.27329e-15   86.37837    0.00000    1     1     1
   3    2   -1   1.125491     0.000000     0.000000   1.2941e-15   86.37837    0.00000    1     1     1
   3    2    1   1.125491     0.000000     0.000000  1.27329e-15   86.37837    0.00000    1     1     1
  -3    1    2   1.125491     0.000000     0.000000  1.26635e-15   86.37837    0.00000    1     1     1
  -3    2   -1   1.125491     0.000000     0.000000  1.26288e-15   86.37837    0.00000    1     1     1
  -3    2    1   1.125491     0.000000     0.000000  1.26635e-15   86.37837    0.00000    1     1     1
  -3   -1    2   1.125491     0.000000     0.000000  1.26288e-15   86.37837    0.00000    1     1     1
  -1   -3    2   1.125491     0.000000     0.000000  1.26288e-15   86.37837    0.00000    1     1     1
  -1    3   -2   1.125491     0.000000    -0.000000  1.21084e-15   86.37837    0.00000    1     1     1
   1    3   -2   1.125491     0.000000    -0.000000  1.23859e-15   86.37837    0.00000    1     1     1
   1   -3    2   1.125491     0.000000     0.000000  1.26635e-15   86.37837    0.00000    1     1     1
   3   -1   -2   1.125491     0.000000    -0.000000  1.21084e-15   86.37837    0.00000    1     1     1
   3    1   -2   1.125491     0.000000    -0.000000  1.23859e-15   86.37837    0.00000    1     1     1
   3   -2    1   1.125491     0.000000    -0.000000  1.23859e-15   86.37837    0.00000    1     1     1
   3   -2   -1   1.125491     0.000000    -0.000000  1.21084e-15   86.37837    0.00000    1     1     1
  -4    0    0   1.052800    25.534582     0.667063      25.5433   94.05224    5.62759    1     1     1
   0   -4    0   1.052800    25.534582     0.667063      25.5433   94.05224    5.62759    1     1     1
   0    0    4   1.052800    25.534582     0.667063      25.5433   94.05224    5.62759    1     1     1
   0    0   -4   1.052800    25.534582     0.667063      25.5433   94.05224    5.62759    1     1     1
   0    4    0   1.052800    25.534582     0.667063      25.5433   94.05224    5.62759    1     1     1
   4    0    0   1.052800    25.534582     0.667063      25.5433   94.05224    5.62759    1     1     1
   3    2    2   1.021366     0.000000     0.000000  4.45477e-15   97.90798    0.00000    1     1     1
  -3   -2   -2   1.021366     0.000000    -0.000000  4.46171e-15   97.90798    0.00000    1     1     1
  -2   -3    2   1.021366     0.000000    -0.000000  4.46518e-15   97.90798    0.00000    1     1     1
  -2   -2   -3   1.021366     0.000000    -0.000000  4.46171e-15   97.90798    0.00000    1     1     1
  -2    2   -3   1.021366     0.000000    -0.000000  4.46518e-15   97.90798    0.00000    1     1     1
  -2   -2    3   1.021366     0.000000     0.000000  4.46171e-15   97.90798    0.00000    1     1     1
  -2    3    2   1.021366     0.000000     0.000000  4.45824e-15   97.90798    0.00000    1     1     1
  -2    3   -2   1.021366     0.000000     0.000000  4.46171e-15   97.90798    0.00000    1     1     1
  -2    2    3   1.021366     0.000000     0.000000  4.45824e-15   97.90798    0.00000    1     1     1
  -3   -2    2   1.021366     0.000000    -0.000000  4.46518e-15   97.90798    0.00000    1     1     1
  -3    2   -2   1.021366     0.000000    -0.000000  4.46518e-15   97.90798    0.00000    1     1     1
  -2   -3   -2   1.021366     0.000000    -0.000000  4.46171e-15   97.90798    0.00000    1     1     1
  -3    2    2   1.021366     0.000000    -0.000000  4.46865e-15   97.90798    0.00000    1     1     1
  -4    0    1   1.021366     0.000000     0.000000  1.49533e-15   97.90798    0.00000    1     1     1
  -4    1    0   1.021366     0.000000     0.000000  1.49533e-15   97.90798    0.00000    1     1     1
  -4    0   -1   1.021366     0.000000    -0.000000  1.46758e-15   97.90798    0.00000    1     1     1
  -4   -1    0   1.021366     0.000000    -0.000000  1.46758e-15   97.90798    0.00000    1     1     1
   1    4    0   1.021366     0.000000     0.000000  1.47451e-15   97.90798    0.00000    1     1     1
   2   -3   -2   1.021366     0.000000    -0.000000  4.46518e-15   97.90798    0.00000    1     1     1
   2   -2   -3   1.021366     0.000000    -0.000000  4.46518e-15   97.90798    0.00000    1     1     1
   2   -3    2   1.021366     0.000000    -0.000000  4.46518e-15   97.90798    0.00000    1     1     1
   2    2    3   1.021366     0.000000     0.000000  4.45824e-15   97.90798    0.00000    1     1     1
   2    3   -2   1.021366     0.000000     0.000000  4.45824e-15   97.90798    0.00000    1     1     1
   2    2   -3   1.021366     0.000000    -0.000000  4.46518e-15   97.90798    0.00000    1     1     1
   2   -2    3   1.021366     0.000000     0.000000  4.45824e-15   97.90798    0.00000    1     1     1
   4   -1    0   1.021366     0.000000    -0.000000  1.49533e-15   97.90798    0.00000    1     1     1
   4    0   -1   1.021366     0.000000    -0.000000  1.49533e-15   97.90798    0.00000    1     1     1
   4    0    1   1.021366     0.000000     0.000000  1.47105e-15   97.90798    0.00000    1     1     1
   3   -2    2   1.021366     0.000000     0.000000  4.45824e-15   97.90798    0.00000    1     1     1
   3    2   -2   1.021366     0.000000     0.000000  4.45824e-15   97.90798    0.00000    1     1     1
   3   -2   -2   1.021366     0.000000     0.000000  4.46171e-15   97.90798    0.00000    1     1     1
   2    3    2   1.021366     0.000000     0.000000  4.45824e-15   97.90798    0.00000    1     1     1
   0    1   -4   1.021366     0.000000     0.000000  1.49533e-15   97.90798    0.00000    1     1     1
   0    1    4   1.021366     0.000000     0.000000  1.47105e-15   97.90798    0.00000    1     1     1
   0    4    1   1.021366     0.000000     0.000000  1.47105e-15   97.90798    0.00000    1     1     1
   0    4   -1   1.021366     0.000000    -0.000000  1.49533e-15   97.90798    0.00000    1     1     1
   1    0    4   1.021366     0.000000     0.000000  1.47451e-15   97.90798    0.00000    1     1     1
   1    0   -4   1.021366     0.000000     0.000000  1.49186e-15   97.90798    0.00000    1     1     1
   1   -4    0   1.021366     0.000000     0.000000  1.49186e-15   97.90798    0.00000    1     1     1
   0   -4   -1   1.021366     0.000000    -0.000000  1.46758e-15   97.90798    0.00000    1     1     1
   0   -4    1   1.021366     0.000000     0.000000  1.49533e-15   97.90798    0.00000    1     1     1
   0   -1    4   1.021366     0.000000    -0.000000  1.49533e-15   97.90798    0.00000    1     1     1
   0   -1   -4   1.021366     0.000000    -0.000000  1.46758e-15   97.90798    0.00000    1     1     1
  -1    0    4   1.021366     0.000000    -0.000000  1.49533e-15   97.90798    0.00000    1     1     1
  -1    4    0   1.021366     0.000000    -0.000000  1.49533e-15   97.90798    0.00000    1     1     1
  -1    0   -4   1.021366     0.000000    -0.000000  1.46411e-15   97.90798    0.00000    1     1     1
  -1   -4    0   1.021366     0.000000    -0.000000  1.46411e-15   97.90798    0.00000    1     1     1
   4    1    0   1.021366     0.000000     0.000000  1.47105e-15   97.90798    0.00000    1     1     1
  -4   -1   -1   0.992589     0.000000    -0.000000  2.09555e-15  101.80018    0.00000    1     1     1
  -4    1   -1   0.992589     0.000000    -0.000000  2.11636e-15  101.80018    0.00000    1     1     1
  -4   -1    1   0.992589     0.000000    -0.000000  2.11636e-15  101.80018    0.00000    1     1     1
  -1   -4    1   0.992589     0.000000    -0.000000  2.11636e-15  101.80018    0.00000    1     1     1
  -1   -1   -4   0.992589     0.000000    -0.000000  2.11983e-15  101.80018    0.00000    1     1     1
  -1   -4   -1   0.992589     0.000000    -0.000000  2.11983e-15  101.80018    0.00000    1     1     1
  -4    1    1   0.992589     0.000000    -0.000000  2.14412e-15  101.80018    0.00000    1     1     1
  -1    4    1   0.992589     0.000000     0.000000  2.14412e-15  101.80018    0.00000    1     1     1
   1   -4   -1   0.992589     0.000000    -0.000000  2.11636e-15  101.80018    0.00000    1     1     1
   1   -4    1   0.992589     0.000000    -0.000000  2.14412e-15  101.80018    0.00000    1     1     1
  -1    1    4   0.992589     0.000000     0.000000  2.14412e-15  101.80018    0.00000    1     1     1
  -1    4   -1   0.992589     0.000000     0.000000  2.11636e-15  101.80018    0.00000    1     1     1
  -1    1   -4   0.992589     0.000000    -0.000000  2.11636e-15  101.80018    0.00000    1     1     1
  -1   -1    4   0.992589     0.000000     0.000000  2.11636e-15  101.80018    0.00000    1     1     1
   1   -1   -4   0.992589     0.000000    -0.000000  2.11636e-15  101.80018    0.00000    1     1     1
   1   -1    4   0.992589     0.000000     0.000000  2.14412e-15  101.80018    0.00000    1     1     1
   1    1    4   0.992589     0.000000     0.000000  2.14759e-15  101.80018    0.00000    1     1     1
   1    1   -4   0.992589     0.000000    -0.000000  2.14412e-15  101.80018    0.00000    1     1     1
   4   -1   -1   0.992589     0.000000     0.000000  2.14412e-15  101.80018    0.00000    1     1     1
   4   -1    1   0.992589     0.000000     0.000000  2.14412e-15  101.80018    0.00000    1     1     1
   1    4    1   0.992589     0.000000     0.000000  2.14759e-15  101.80018    0.00000    1     1     1
   1    4   -1   0.992589     0.000000     0.000000  2.14412e-15  101.80018    0.00000    1     1     1
   4    1   -1   0.992589     0.000000     0.000000  2.14412e-15  101.80018    0.00000    1     1     1
   4    1    1   0.992589     0.000000     0.000000  2.15106e-15  101.80018    0.00000    1     1     1
  -3    0   -3   0.992589     0.000000     0.000000            0  101.80018    0.00000    1     1     1
  -3   -3    0   0.992589     0.000000     0.000000            0  101.80018    0.00000    1     1     1
   0   -3   -3   0.992589     0.000000     0.000000            0  101.80018    0.00000    1     1     1
  -3    3    0   0.992589     0.000000     0.000000            0  101.80018    0.00000    1     1     1
  -3    0    3   0.992589     0.000000     0.000000            0  101.80018    0.00000    1     1     1
   0   -3    3   0.992589     0.000000     0.000000            0  101.80018    0.00000    1     1     1
   0    3   -3   0.992589     0.000000     0.000000            0  101.80018    0.00000    1     1     1
   3   -3    0   0.992589     0.000000     0.000000            0  101.80018    0.00000    1     1     1
   0    3    3   0.992589     0.000000     0.000000            0  101.80018    0.00000    1     1     1
   3    0   -3   0.992589     0.000000     0.000000            0  101.80018    0.00000    1     1     1
   3    0    3   0.992589     0.000000     0.000000            0  101.80018    0.00000    1     1     1
   3    3    0   0.992589     0.000000     0.000000            0  101.80018    0.00000    1     1     1
  -3   -3   -1   0.966116     8.314512     0.443286      8.32632  105.74853    0.60757    1     1     1
  -3    1    3   0.966116     8.314512     0.443286      8.32632  105.74853    0.60757    1     1     1
  -3    3   -1   0.966116     8.314512     0.443286      8.32632  105.74853    0.60757    1     1     1
  -3    3    1   0.966116     8.314512     0.443286      8.32632  105.74853    0.60757    1     1     1
  -3   -1    3   0.966116     8.314512     0.443286      8.32632  105.74853    0.60757    1     1     1
  -3    1   -3   0.966116     8.314512     0.443286      8.32632  105.74853    0.60757    1     1     1
  -3   -1   -3   0.966116     8.314512     0.443286      8.32632  105.74853    0.60757    1     1     1
  -3   -3    1   0.966116     8.314512     0.443286      8.32632  105.74853    0.60757    1     1     1
   3   -3   -1   0.966116     8.314512     0.443286      8.32632  105.74853    0.60757    1     1     1
   3   -3    1   0.966116     8.314512     0.443286      8.32632  105.74853    0.60757    1     1     1
   3   -1    3   0.966116     8.314512     0.443286      8.32632  105.74853    0.60757    1     1     1
   3   -1   -3   0.966116     8.314512     0.443286      8.32632  105.74853    0.60757    1     1     1
   3    3   -1   0.966116     8.314512     0.443286      8.32632  105.74853    0.60757    1     1     1
   3    1    3   0.966116     8.314512     0.443286      8.32632  105.74853    0.60757    1     1     1
   3    1   -3   0.966116     8.314512     0.443286      8.32632  105.74853    0.60757    1     1     1
   1   -3   -3   0.966116     8.314512     0.443286      8.32632  105.74853    0.60757    1     1     1
   1   -3    3   0.966116     8.314512     0.443286      8.32632  105.74853    0.60757    1     1     1
   1    3    3   0.966116     8.314512     0.443286      8.32632  105.74853    0.60757    1     1     1
   1    3   -3   0.966116     8.314512     0.443286      8.32632  105.74853    0.60757    1     1     1
  -1    3   -3   0.966116     8.314512     0.443286      8.32632  105.74853    0.60757    1     1     1
  -1    3    3   0.966116     8.314512     0.443286      8.32632  105.74853    0.60757    1     1     1
  -1   -3    3   0.966116     8.314512     0.443286      8.32632  105.74853    0.60757    1     1     1
  -1   -3   -3   0.966116     8.314512     0.443286      8.32632  105.74853    0.60757    1     1     1
   3    3    1   0.966116     8.314512     0.443286      8.32632  105.74853    0.60757    1     1     1
  -4   -2    0   0.941653    21.470308     0.630489      21.4796  109.77531    4.18389    1     1     1
  -4    0    2   0.941653    21.470308     0.630489      21.4796  109.77531    4.18389    1     1     1
  -4    0   -2   0.941653    21.470308     0.630489      21.4796  109.77531    4.18389    1     1     1
  -2    0   -4   0.941653    21.470308     0.630489      21.4796  109.77531    4.18389    1     1     1
  -2    0    4   0.941653    21.470308     0.630489      21.4796  109.77531    4.18389    1     1     1
  -2   -4    0   0.941653    21.470308     0.630489      21.4796  109.77531    4.18389    1     1     1
  -4    2    0   0.941653    21.470308     0.630489      21.4796  109.77531    4.18389    1     1     1
   0   -2    4   0.941653    21.470308     0.630489      21.4796  109.77531    4.18389    1     1     1
   0    2   -4   0.941653    21.470308     0.630489      21.4796  109.77531    4.18389    1     1     1
   0    2    4   0.941653    21.470308     0.630489      21.4796  109.77531    4.18389    1     1     1
   0    4   -2   0.941653    21.470308     0.630489      21.4796  109.77531    4.18389    1     1     1
   0   -4    2   0.941653    21.470308     0.630489      21.4796  109.77531    4.18389    1     1     1
   0   -2   -4   0.941653    21.470308     0.630489      21.4796  109.77531    4.18389    1     1     1
   0   -4   -2   0.941653    21.470308     0.630489      21.4796  109.77531    4.18389    1     1     1
  -2    4    0   0.941653    21.470308     0.630489      21.4796  109.77531    4.18389    1     1     1
   0    4    2   0.941653    21.470308     0.630489      21.4796  109.77531    4.18389    1     1     1
   2   -4    0   0.941653    21.470308     0.630489      21.4796  109.77531    4.18389    1     1     1
   2    0    4   0.941653    21.470308     0.630489      21.4796  109.77531    4.18389    1     1     1
   2    0   -4   0.941653    21.470308     0.630489      21.4796  109.77531    4.18389    1     1     1
   4    0   -2   0.941653    21.470308     0.630489      21.4796  109.77531    4.18389    1     1     1
   4    0    2   0.941653    21.470308     0.630489      21.4796  109.77531    4.18389    1     1     1
   4   -2    0   0.941653    21.470308     0.630489      21.4796  109.77531    4.18389    1     1     1
   2    4    0   0.941653    21.470308     0.630489      21.4796  109.77531    4.18389    1     1     1
   4    2    0   0.941653    21.470308     0.630489      21.4796  109.77531    4.18389    1     1     1
  -4   -2   -1   0.918959     0.000000    -0.000000  1.26288e-15  113.90673    0.00000    1     1     1
  -4   -1   -2   0.918959     0.000000    -0.000000  1.26288e-15  113.90673    0.00000    1     1     1
  -4   -2    1   0.918959     0.000000     0.000000  1.28716e-15  113.90673    0.00000    1     1     1
  -4    1    2   0.918959     0.000000     0.000000  1.28716e-15  113.90673    0.00000    1     1     1
  -4    1   -2   0.918959     0.000000     0.000000  1.28716e-15  113.90673    0.00000    1     1     1
  -4   -1    2   0.918959     0.000000    -0.000000  1.26288e-15  113.90673    0.00000    1     1     1
  -1    2    4   0.918959     0.000000    -0.000000  1.25247e-15  113.90673    0.00000    1     1     1
  -1    4   -2   0.918959     0.000000    -0.000000  1.25594e-15  113.90673    0.00000    1     1     1
   1   -2   -4   0.918959     0.000000     0.000000  1.31145e-15  113.90673    0.00000    1     1     1
  -1    4    2   0.918959     0.000000    -0.000000  1.25247e-15  113.90673    0.00000    1     1     1
   1   -4   -2   0.918959     0.000000     0.000000  1.31145e-15  113.90673    0.00000    1     1     1
   1    2   -4   0.918959     0.000000     0.000000  1.25941e-15  113.90673    0.00000    1     1     1
   1   -4    2   0.918959     0.000000     0.000000  1.25941e-15  113.90673    0.00000    1     1     1
   1   -2    4   0.918959     0.000000     0.000000  1.29063e-15  113.90673    0.00000    1     1     1
   2   -4    1   0.918959     0.000000     0.000000  1.28716e-15  113.90673    0.00000    1     1     1
   2   -1   -4   0.918959     0.000000    -0.000000  1.26288e-15  113.90673    0.00000    1     1     1
   2   -1    4   0.918959     0.000000    -0.000000  1.25594e-15  113.90673    0.00000    1     1     1
   1    4    2   0.918959     0.000000     0.000000  1.28716e-15  113.90673    0.00000    1     1     1
   2   -4   -1   0.918959     0.000000    -0.000000  1.26288e-15  113.90673    0.00000    1     1     1
   1    4   -2   0.918959     0.000000     0.000000  1.29063e-15  113.90673    0.00000    1     1     1
   1    2    4   0.918959     0.000000     0.000000  1.28716e-15  113.90673    0.00000    1     1     1
  -2    4   -1   0.918959     0.000000    -0.000000  1.25594e-15  113.90673    0.00000    1     1     1
  -2    4    1   0.918959     0.000000     0.000000  1.29063e-15  113.90673    0.00000    1     1     1
  -1   -4    2   0.918959     0.000000    -0.000000  1.28716e-15  113.90673    0.00000    1     1     1
  -1   -4   -2   0.918959     0.000000    -0.000000  1.23512e-15  113.90673    0.00000    1     1     1
  -1    2   -4   0.918959     0.000000    -0.000000  1.28716e-15  113.90673    0.00000    1     1     1
  -1   -2    4   0.918959     0.000000    -0.000000  1.25594e-15  113.90673    0.00000    1     1     1
  -1   -2   -4   0.918959     0.000000    -0.000000  1.23512e-15  113.90673    0.00000    1     1     1
  -2   -1   -4   0.918959     0.000000    -0.000000  1.26288e-15  113.90673    0.00000    1     1     1
  -2   -1    4   0.918959     0.000000    -0.000000  1.25594e-15  113.90673    0.00000    1     1     1
  -2    1    4   0.918959     0.000000     0.000000  1.29063e-15  113.90673    0.00000    1     1     1
  -2    1   -4   0.918959     0.000000     0.000000  1.28716e-15  113.90673    0.00000    1     1     1
  -2   -4   -1   0.918959     0.000000    -0.000000  1.26288e-15  113.90673    0.00000    1     1     1
  -2   -4    1   0.918959     0.000000     0.000000  1.28716e-15  113.90673    0.00000    1     1     1
  -4    2    1   0.918959     0.000000     0.000000  1.28716e-15  113.90673    0.00000    1     1     1
  -4    2   -1   0.918959     0.000000    -0.000000  1.26288e-15  113.90673    0.00000    1     1     1
   2    1   -4   0.918959     0.000000     0.000000  1.28716e-15  113.90673    0.00000    1     1     1
   2    1    4   0.918959     0.000000     0.000000  1.29063e-15  113.90673    0.00000    1     1     1
   2    4    1   0.918959     0.000000     0.000000  1.29063e-15  113.90673    0.00000    1     1     1
   2    4   -1   0.918959     0.000000    -0.000000  1.25594e-15  113.90673    0.00000    1     1     1
   4   -1   -2   0.918959     0.000000    -0.000000  1.25594e-15  113.90673    0.00000    1     1     1
   4   -1    2   0.918959     0.000000    -0.000000  1.25594e-15  113.90673    0.00000    1     1     1
   4   -2    1   0.918959     0.000000     0.000000  1.29063e-15  113.90673    0.00000    1     1     1
   4   -2   -1   0.918959     0.000000    -0.000000  1.25594e-15  113.90673    0.00000    1     1     1
   4    1   -2   0.918959     0.000000     0.000000  1.29063e-15  113.90673    0.00000    1     1     1
   4    1    2   0.918959     0.000000     0.000000  1.29063e-15  113.90673    0.00000    1     1     1
   4    2    1   0.918959     0.000000     0.000000  1.29063e-15  113.90673    0.00000    1     1     1
   4    2   -1   0.918959     0.000000    -0.000000  1.25594e-15  113.90673    0.00000    1     1     1
  -3   -3   -2   0.897831     0.000000    -0.000000   8.7777e-16  118.17497    0.00000    1     1     1
  -3   -2   -3   0.897831     0.000000    -0.000000   8.7777e-16  118.17497    0.00000    1     1     1
  -3   -2    3   0.897831     0.000000    -0.000000  8.74301e-16  118.17497    0.00000    1     1     1
   3    2   -3   0.897831     0.000000     0.000000  9.29812e-16  118.17497    0.00000    1     1     1
   3    2    3   0.897831     0.000000     0.000000  9.02056e-16  118.17497    0.00000    1     1     1
   3    3    2   0.897831     0.000000     0.000000  9.02056e-16  118.17497    0.00000    1     1     1
  -2   -3   -3   0.897831     0.000000    -0.000000  9.02056e-16  118.17497    0.00000    1     1     1
  -2   -3    3   0.897831     0.000000    -0.000000  8.74301e-16  118.17497    0.00000    1     1     1
  -2    3    3   0.897831     0.000000    -0.000000  9.02056e-16  118.17497    0.00000    1     1     1
  -2    3   -3   0.897831     0.000000    -0.000000  8.74301e-16  118.17497    0.00000    1     1     1
   2    3   -3   0.897831     0.000000     0.000000  9.29812e-16  118.17497    0.00000    1     1     1
   2   -3    3   0.897831     0.000000     0.000000  9.29812e-16  118.17497    0.00000    1     1     1
   2   -3   -3   0.897831     0.000000     0.000000  9.02056e-16  118.17497    0.00000    1     1     1
  -3    2   -3   0.897831     0.000000     0.000000  9.26342e-16  118.17497    0.00000    1     1     1
  -3    3   -2   0.897831     0.000000    -0.000000  8.74301e-16  118.17497    0.00000    1     1     1
  -3    3    2   0.897831     0.000000     0.000000  9.29812e-16  118.17497    0.00000    1     1     1
  -3    2    3   0.897831     0.000000     0.000000  9.29812e-16  118.17497    0.00000    1     1     1
  -3   -3    2   0.897831     0.000000     0.000000  9.26342e-16  118.17497    0.00000    1     1     1
   2    3    3   0.897831     0.000000     0.000000  9.02056e-16  118.17497    0.00000    1     1     1
   3   -3   -2   0.897831     0.000000    -0.000000  8.74301e-16  118.17497    0.00000    1     1     1
   3   -2   -3   0.897831     0.000000    -0.000000  8.74301e-16  118.17497    0.00000    1     1     1
   3   -3    2   0.897831     0.000000     0.000000  9.29812e-16  118.17497    0.00000    1     1     1
   3   -2    3   0.897831     0.000000    -0.000000  9.02056e-16  118.17497    0.00000    1     1     1
   3    3   -2   0.897831     0.000000    -0.000000  9.02056e-16  118.17497    0.00000    1     1     1
  -4   -2   -2   0.859608    18.355249     0.595921      18.3649  127.30076    4.05203    1     1     1
  -4   -2    2   0.859608    18.355249     0.595921      18.3649  127.30076    4.05203    1     1     1
  -2   -2   -4   0.859608    18.355249     0.595921      18.3649  127.30076    4.05203    1     1     1
  -2   -4   -2   0.859608    18.355249     0.595921      18.3649  127.30076    4.05203    1     1     1
  -2   -4    2   0.859608    18.355249     0.595921      18.3649  127.30076    4.05203    1     1     1
  -2   -2    4   0.859608    18.355249     0.595921      18.3649  127.30076    4.05203    1     1     1
  -2    2   -4   0.859608    18.355249     0.595921      18.3649  127.30076    4.05203    1     1     1
  -4    2   -2   0.859608    18.355249     0.595921      18.3649  127.30076    4.05203    1     1     1
  -4    2    2   0.859608    18.355249     0.595921      18.3649  127.30076    4.05203    1     1     1
   4   -2   -2   0.859608    18.355249     0.595921      18.3649  127.30076    4.05203    1     1     1
   4   -2    2   0.859608    18.355249     0.595921      18.3649  127.30076    4.05203    1     1     1
   4    2    2   0.859608    18.355249     0.595921      18.3649  127.30076    4.05203    1     1     1
   4    2   -2   0.859608    18.355249     0.595921      18.3649  127.30076    4.05203    1     1     1
   2   -4   -2   0.859608    18.355249     0.595921      18.3649  127.30076    4.05203    1     1     1
   2   -2   -4   0.859608    18.355249     0.595921      18.3649  127.30076    4.05203    1     1     1
   2   -4    2   0.859608    18.355249     0.595921      18.3649  127.30076    4.05203    1     1     1
   2    4   -2   0.859608    18.355249     0.595921      18.3649  127.30076    4.05203    1     1     1
   2    4    2   0.859608    18.355249     0.595921      18.3649  127.30076    4.05203    1     1     1
   2    2   -4   0.859608    18.355249     0.595921      18.3649  127.30076    4.05203    1     1     1
   2    2    4   0.859608    18.355249     0.595921      18.3649  127.30076    4.05203    1     1     1
  -2    2    4   0.859608    18.355249     0.595921      18.3649  127.30076    4.05203    1     1     1
   2   -2    4   0.859608    18.355249     0.595921      18.3649  127.30076    4.05203    1     1     1
  -2    4   -2   0.859608    18.355249     0.595921      18.3649  127.30076    4.05203    1     1     1
  -2    4    2   0.859608    18.355249     0.595921      18.3649  127.30076    4.05203    1     1     1
